,WELL,DEPTH_MD,FORCE_2020_LITHOFACIES_LITHOLOGY,prediction,correct
90116,35/11-5,443.37999683,1,0,0
90117,35/11-5,443.53199683,1,0,0
90118,35/11-5,443.68399683,1,0,0
90119,35/11-5,443.83599683,1,0,0
90120,35/11-5,443.98799683,1,0,0
90121,35/11-5,444.13999683,1,0,0
90122,35/11-5,444.29199683,1,0,0
90123,35/11-5,444.44399683,1,0,0
90124,35/11-5,444.59599683,1,0,0
90125,35/11-5,444.74799683,1,0,0
90126,35/11-5,444.89999683,1,0,0
90127,35/11-5,445.05199683,1,0,0
90128,35/11-5,445.20399683,1,0,0
90129,35/11-5,445.35599683,1,0,0
90130,35/11-5,445.50799683,1,0,0
90131,35/11-5,445.65999683,1,0,0
90132,35/11-5,445.81199683,1,0,0
90133,35/11-5,445.96399683,1,0,0
90134,35/11-5,446.11599683,1,0,0
90135,35/11-5,446.26799683,1,0,0
90136,35/11-5,446.41999683,1,0,0
90137,35/11-5,446.57199683,1,0,0
90138,35/11-5,446.72399683,1,0,0
90139,35/11-5,446.87599683,1,0,0
90140,35/11-5,447.02799683,1,2,0
90141,35/11-5,447.17999683,1,2,0
90142,35/11-5,447.33199683,1,2,0
90143,35/11-5,447.48399683,1,2,0
90144,35/11-5,447.63599683,1,2,0
90145,35/11-5,447.78799683,1,2,0
90146,35/11-5,447.93999683,1,2,0
90147,35/11-5,448.09199683,1,2,0
90148,35/11-5,448.24399683,1,2,0
90149,35/11-5,448.39599683,1,2,0
90150,35/11-5,448.54799683,1,2,0
90151,35/11-5,448.69999683,1,2,0
90152,35/11-5,448.85199683,1,2,0
90153,35/11-5,449.00399683,1,2,0
90154,35/11-5,449.15599683,1,2,0
90155,35/11-5,449.30799683,1,2,0
90156,35/11-5,449.45999683,1,2,0
90157,35/11-5,449.61199683,1,2,0
90158,35/11-5,449.76399683,1,2,0
90159,35/11-5,449.91599683,1,0,0
90160,35/11-5,450.06799683,1,2,0
90161,35/11-5,450.21999683,1,2,0
90162,35/11-5,450.37199683,1,0,0
90163,35/11-5,450.52399683,1,0,0
90164,35/11-5,450.67599683,1,0,0
90165,35/11-5,450.82799683,1,0,0
90166,35/11-5,450.97999683,1,0,0
90167,35/11-5,451.13199683,1,0,0
90168,35/11-5,451.28399683,1,0,0
90169,35/11-5,451.43599683,1,0,0
90170,35/11-5,451.58799683,1,0,0
90171,35/11-5,451.73999683,1,2,0
90172,35/11-5,451.89199683,1,2,0
90173,35/11-5,452.04399683,1,2,0
90174,35/11-5,452.19599683,1,2,0
90175,35/11-5,452.34799683,1,2,0
90176,35/11-5,452.49999683,1,2,0
90177,35/11-5,452.65199683,1,2,0
90178,35/11-5,452.80399683,1,0,0
90179,35/11-5,452.95599683,1,2,0
90180,35/11-5,453.10799683,1,2,0
90181,35/11-5,453.25999683,1,2,0
90182,35/11-5,453.41199683,1,2,0
90183,35/11-5,453.56399683,1,2,0
90184,35/11-5,453.71599683,1,2,0
90185,35/11-5,453.86799683,1,0,0
90186,35/11-5,454.01999683,1,0,0
90187,35/11-5,454.17199683,1,0,0
90188,35/11-5,454.32399683,1,2,0
90189,35/11-5,454.47599683,1,2,0
90190,35/11-5,454.62799683,1,2,0
90191,35/11-5,454.77999683,1,2,0
90192,35/11-5,454.93199683,1,2,0
90193,35/11-5,455.08399683,1,2,0
90194,35/11-5,455.23599683,1,2,0
90195,35/11-5,455.38799683,1,2,0
90196,35/11-5,455.53999683,1,2,0
90197,35/11-5,455.69199683,1,2,0
90198,35/11-5,455.84399683,1,2,0
90199,35/11-5,455.99599683,1,2,0
90200,35/11-5,456.14799683,1,2,0
90201,35/11-5,456.29999683,1,2,0
90202,35/11-5,456.45199683,1,0,0
90203,35/11-5,456.60399683,1,0,0
90204,35/11-5,456.75599683,1,0,0
90205,35/11-5,456.90799683,1,0,0
90206,35/11-5,457.05999683,1,0,0
90207,35/11-5,457.21199683,1,0,0
90208,35/11-5,457.36399683,1,0,0
90209,35/11-5,457.51599683,1,2,0
90210,35/11-5,457.66799683,1,2,0
90211,35/11-5,457.81999683,1,2,0
90212,35/11-5,457.97199683,1,2,0
90213,35/11-5,458.12399683,1,2,0
90214,35/11-5,458.27599683,1,2,0
90215,35/11-5,458.42799683,1,2,0
90216,35/11-5,458.57999683,1,2,0
90217,35/11-5,458.73199683,1,2,0
90218,35/11-5,458.88399683,1,0,0
90219,35/11-5,459.03599683,1,0,0
90220,35/11-5,459.18799683,1,0,0
90221,35/11-5,459.33999683,1,0,0
90222,35/11-5,459.49199683,1,0,0
90223,35/11-5,459.64399683,1,2,0
90224,35/11-5,459.79599683,1,2,0
90225,35/11-5,459.94799683,1,2,0
90226,35/11-5,460.09999683,1,2,0
90227,35/11-5,460.25199683,1,2,0
90228,35/11-5,460.40399683,1,2,0
90229,35/11-5,460.55599683,1,2,0
90230,35/11-5,460.70799683,1,0,0
90231,35/11-5,460.85999683,1,0,0
90232,35/11-5,461.01199683,1,0,0
90233,35/11-5,461.16399683,1,0,0
90234,35/11-5,461.31599683,1,0,0
90235,35/11-5,461.46799683,1,0,0
90236,35/11-5,461.61999683,1,2,0
90237,35/11-5,461.77199683,1,2,0
90238,35/11-5,461.92399683,1,0,0
90239,35/11-5,462.07599683,1,0,0
90240,35/11-5,462.22799683,1,0,0
90241,35/11-5,462.37999683,1,0,0
90242,35/11-5,462.53199683,1,0,0
90243,35/11-5,462.68399683,1,0,0
90244,35/11-5,462.83599683,1,0,0
90245,35/11-5,462.98799683,1,0,0
90246,35/11-5,463.13999683,1,0,0
90247,35/11-5,463.29199683,1,0,0
90248,35/11-5,463.44399683,1,0,0
90249,35/11-5,463.59599683,1,0,0
90250,35/11-5,463.74799683,1,0,0
90251,35/11-5,463.89999683,1,0,0
90252,35/11-5,464.05199683,1,0,0
90253,35/11-5,464.20399683,1,0,0
90254,35/11-5,464.35599683,1,2,0
90255,35/11-5,464.50799683,1,0,0
90256,35/11-5,464.65999683,1,0,0
90257,35/11-5,464.81199683,1,0,0
90258,35/11-5,464.96399683,1,0,0
90259,35/11-5,465.11599683,1,0,0
90260,35/11-5,465.26799683,1,0,0
90261,35/11-5,465.41999683,1,0,0
90262,35/11-5,465.57199683,1,0,0
90263,35/11-5,465.72399683,1,2,0
90264,35/11-5,465.87599683,1,2,0
90265,35/11-5,466.02799683,1,2,0
90266,35/11-5,466.17999683,1,0,0
90267,35/11-5,466.33199683,1,0,0
90268,35/11-5,466.48399683,1,2,0
90269,35/11-5,466.63599683,1,2,0
90270,35/11-5,466.78799683,1,2,0
90271,35/11-5,466.93999683,1,2,0
90272,35/11-5,467.09199683,1,2,0
90273,35/11-5,467.24399683,1,2,0
90274,35/11-5,467.39599683,1,0,0
90275,35/11-5,467.54799683,1,0,0
90276,35/11-5,467.69999683,1,2,0
90277,35/11-5,467.85199683,1,2,0
90278,35/11-5,468.00399683,1,2,0
90279,35/11-5,468.15599683,1,2,0
90280,35/11-5,468.30799683,1,2,0
90281,35/11-5,468.45999683,1,0,0
90282,35/11-5,468.61199683,1,0,0
90283,35/11-5,468.76399683,1,2,0
90284,35/11-5,468.91599683,1,2,0
90285,35/11-5,469.06799683,1,2,0
90286,35/11-5,469.21999683,1,0,0
90287,35/11-5,469.37199683,1,0,0
90288,35/11-5,469.52399683,1,0,0
90289,35/11-5,469.67599683,1,0,0
90290,35/11-5,469.82799683,1,2,0
90291,35/11-5,469.97999683,1,2,0
90292,35/11-5,470.13199683,1,2,0
90293,35/11-5,470.28399683,1,2,0
90294,35/11-5,470.43599683,1,2,0
90295,35/11-5,470.58799683,1,2,0
90296,35/11-5,470.73999683,1,0,0
90297,35/11-5,470.89199683,1,0,0
90298,35/11-5,471.04399683,1,0,0
90299,35/11-5,471.19599683,1,2,0
90300,35/11-5,471.34799683,1,2,0
90301,35/11-5,471.49999683,1,2,0
90302,35/11-5,471.65199683,1,2,0
90303,35/11-5,471.80399683,1,2,0
90304,35/11-5,471.95599683,1,2,0
90305,35/11-5,472.10799683,1,2,0
90306,35/11-5,472.25999683,1,2,0
90307,35/11-5,472.41199683,1,2,0
90308,35/11-5,472.56399683,1,2,0
90309,35/11-5,472.71599683,1,2,0
90310,35/11-5,472.86799683,1,0,0
90311,35/11-5,473.01999683,1,0,0
90312,35/11-5,473.17199683,1,0,0
90313,35/11-5,473.32399683,1,0,0
90314,35/11-5,473.47599683,1,0,0
90315,35/11-5,473.62799683,1,0,0
90316,35/11-5,473.77999683,1,0,0
90317,35/11-5,473.93199683,1,2,0
90318,35/11-5,474.08399683,1,2,0
90319,35/11-5,474.23599683,1,0,0
90320,35/11-5,474.38799683,1,0,0
90321,35/11-5,474.53999683,1,0,0
90322,35/11-5,474.69199683,1,0,0
90323,35/11-5,474.84399683,1,0,0
90324,35/11-5,474.99599683,1,0,0
90325,35/11-5,475.14799683,1,0,0
90326,35/11-5,475.29999683,1,0,0
90327,35/11-5,475.45199683,1,0,0
90328,35/11-5,475.60399683,1,0,0
90329,35/11-5,475.75599683,1,2,0
90330,35/11-5,475.90799683,1,2,0
90331,35/11-5,476.05999683,1,0,0
90332,35/11-5,476.21199683,1,0,0
90333,35/11-5,476.36399683,1,0,0
90334,35/11-5,476.51599683,1,0,0
90335,35/11-5,476.66799683,1,0,0
90336,35/11-5,476.81999683,1,0,0
90337,35/11-5,476.97199683,1,0,0
90338,35/11-5,477.12399683,1,2,0
90339,35/11-5,477.27599683,1,2,0
90340,35/11-5,477.42799683,1,2,0
90341,35/11-5,477.57999683,1,2,0
90342,35/11-5,477.73199683,1,2,0
90343,35/11-5,477.88399683,1,2,0
90344,35/11-5,478.03599683,1,2,0
90345,35/11-5,478.18799683,1,2,0
90346,35/11-5,478.33999683,1,0,0
90347,35/11-5,478.49199683,1,0,0
90348,35/11-5,478.64399683,1,0,0
90349,35/11-5,478.79599683,1,0,0
90350,35/11-5,478.94799683,1,0,0
90351,35/11-5,479.09999683,1,0,0
90352,35/11-5,479.25199683,1,0,0
90353,35/11-5,479.40399683,1,0,0
90354,35/11-5,479.55599683,1,0,0
90355,35/11-5,479.70799683,1,2,0
90356,35/11-5,479.85999683,1,2,0
90357,35/11-5,480.01199683,1,2,0
90358,35/11-5,480.16399683,1,2,0
90359,35/11-5,480.31599683,1,0,0
90360,35/11-5,480.46799683,1,2,0
90361,35/11-5,480.61999683,1,2,0
90362,35/11-5,480.77199683,1,2,0
90363,35/11-5,480.92399683,1,2,0
90364,35/11-5,481.07599683,1,2,0
90365,35/11-5,481.22799683,1,2,0
90366,35/11-5,481.37999683,1,2,0
90367,35/11-5,481.53199683,1,2,0
90368,35/11-5,481.68399683,1,2,0
90369,35/11-5,481.83599683,1,2,0
90370,35/11-5,481.98799683,1,2,0
90371,35/11-5,482.13999683,1,2,0
90372,35/11-5,482.29199683,1,2,0
90373,35/11-5,482.44399683,1,2,0
90374,35/11-5,482.59599683,1,2,0
90375,35/11-5,482.74799683,1,2,0
90376,35/11-5,482.89999683,1,2,0
90377,35/11-5,483.05199683,1,2,0
90378,35/11-5,483.20399683,1,0,0
90379,35/11-5,483.35599683,1,0,0
90380,35/11-5,483.50799683,1,2,0
90381,35/11-5,483.65999683,1,2,0
90382,35/11-5,483.81199683,1,2,0
90383,35/11-5,483.96399683,1,2,0
90384,35/11-5,484.11599683,1,0,0
90385,35/11-5,484.26799683,1,0,0
90386,35/11-5,484.41999683,1,0,0
90387,35/11-5,484.57199683,1,2,0
90388,35/11-5,484.72399683,1,2,0
90389,35/11-5,484.87599683,1,2,0
90390,35/11-5,485.02799683,1,2,0
90391,35/11-5,485.17999683,1,2,0
90392,35/11-5,485.33199683,1,2,0
90393,35/11-5,485.48399683,1,2,0
90394,35/11-5,485.63599683,1,2,0
90395,35/11-5,485.78799683,1,2,0
90396,35/11-5,485.93999683,1,2,0
90397,35/11-5,486.09199683,1,2,0
90398,35/11-5,486.24399683,1,2,0
90399,35/11-5,486.39599683,1,2,0
90400,35/11-5,486.54799683,1,2,0
90401,35/11-5,486.69999683,1,2,0
90402,35/11-5,486.85199683,1,2,0
90403,35/11-5,487.00399683,1,0,0
90404,35/11-5,487.15599683,1,0,0
90405,35/11-5,487.30799683,1,0,0
90406,35/11-5,487.45999683,1,0,0
90407,35/11-5,487.61199683,1,0,0
90408,35/11-5,487.76399683,1,2,0
90409,35/11-5,487.91599683,1,2,0
90410,35/11-5,488.06799683,1,2,0
90411,35/11-5,488.21999683,1,2,0
90412,35/11-5,488.37199683,1,2,0
90413,35/11-5,488.52399683,1,2,0
90414,35/11-5,488.67599683,1,0,0
90415,35/11-5,488.82799683,1,0,0
90416,35/11-5,488.97999683,1,0,0
90417,35/11-5,489.13199683,1,0,0
90418,35/11-5,489.28399683,1,2,0
90419,35/11-5,489.43599683,1,2,0
90420,35/11-5,489.58799683,1,2,0
90421,35/11-5,489.73999683,1,2,0
90422,35/11-5,489.89199683,1,2,0
90423,35/11-5,490.04399683,1,2,0
90424,35/11-5,490.19599683,1,2,0
90425,35/11-5,490.34799683,1,2,0
90426,35/11-5,490.49999683,1,2,0
90427,35/11-5,490.65199683,1,2,0
90428,35/11-5,490.80399683,1,2,0
90429,35/11-5,490.95599683,1,2,0
90430,35/11-5,491.10799683,1,2,0
90431,35/11-5,491.25999683,1,2,0
90432,35/11-5,491.41199683,1,2,0
90433,35/11-5,491.56399683,1,2,0
90434,35/11-5,491.71599683,1,2,0
90435,35/11-5,491.86799683,1,2,0
90436,35/11-5,492.01999683,1,2,0
90437,35/11-5,492.17199683,1,2,0
90438,35/11-5,492.32399683,1,2,0
90439,35/11-5,492.47599683,1,2,0
90440,35/11-5,492.62799683,1,2,0
90441,35/11-5,492.77999683,1,2,0
90442,35/11-5,492.93199683,1,2,0
90443,35/11-5,493.08399683,1,2,0
90444,35/11-5,493.23599683,1,2,0
90445,35/11-5,493.38799683,1,2,0
90446,35/11-5,493.53999683,1,2,0
90447,35/11-5,493.69199683,1,2,0
90448,35/11-5,493.84399683,1,0,0
90449,35/11-5,493.99599683,1,2,0
90450,35/11-5,494.14799683,1,2,0
90451,35/11-5,494.29999683,1,2,0
90452,35/11-5,494.45199683,1,2,0
90453,35/11-5,494.60399683,1,2,0
90454,35/11-5,494.75599683,1,2,0
90455,35/11-5,494.90799683,1,2,0
90456,35/11-5,495.05999683,1,2,0
90457,35/11-5,495.21199683,1,2,0
90458,35/11-5,495.36399683,1,2,0
90459,35/11-5,495.51599683,1,2,0
90460,35/11-5,495.66799683,1,2,0
90461,35/11-5,495.81999683,1,0,0
90462,35/11-5,495.97199683,1,0,0
90463,35/11-5,496.12399683,1,0,0
90464,35/11-5,496.27599683,1,0,0
90465,35/11-5,496.42799683,1,0,0
90466,35/11-5,496.57999683,1,0,0
90467,35/11-5,496.73199683,1,0,0
90468,35/11-5,496.88399683,1,0,0
90469,35/11-5,497.03599683,1,0,0
90470,35/11-5,497.18799683,1,0,0
90471,35/11-5,497.33999683,1,2,0
90472,35/11-5,497.49199683,1,2,0
90473,35/11-5,497.64399683,1,2,0
90474,35/11-5,497.79599683,1,2,0
90475,35/11-5,497.94799683,1,2,0
90476,35/11-5,498.09999683,1,2,0
90477,35/11-5,498.25199683,1,2,0
90478,35/11-5,498.40399683,1,2,0
90479,35/11-5,498.55599683,1,2,0
90480,35/11-5,498.70799683,1,2,0
90481,35/11-5,498.85999683,1,2,0
90482,35/11-5,499.01199683,1,2,0
90483,35/11-5,499.16399683,1,2,0
90484,35/11-5,499.31599683,1,2,0
90485,35/11-5,499.46799683,1,0,0
90486,35/11-5,499.61999683,1,0,0
90487,35/11-5,499.77199683,1,0,0
90488,35/11-5,499.92399683,1,0,0
90489,35/11-5,500.07599683,1,0,0
90490,35/11-5,500.22799683,1,0,0
90491,35/11-5,500.37999683,1,0,0
90492,35/11-5,500.53199683,1,0,0
90493,35/11-5,500.68399683,1,0,0
90494,35/11-5,500.83599683,1,0,0
90495,35/11-5,500.98799683,1,0,0
90496,35/11-5,501.13999683,1,0,0
90497,35/11-5,501.29199683,1,0,0
90498,35/11-5,501.44399683,1,0,0
90499,35/11-5,501.59599683,1,0,0
90500,35/11-5,501.74799683,1,0,0
90501,35/11-5,501.89999683,1,0,0
90502,35/11-5,502.05199683,1,0,0
90503,35/11-5,502.20399683,1,0,0
90504,35/11-5,502.35599683,1,0,0
90505,35/11-5,502.50799683,1,0,0
90506,35/11-5,502.65999683,1,0,0
90507,35/11-5,502.81199683,1,0,0
90508,35/11-5,502.96399683,1,0,0
90509,35/11-5,503.11599683,1,0,0
90510,35/11-5,503.26799683,1,0,0
90511,35/11-5,503.41999683,1,0,0
90512,35/11-5,503.57199683,1,0,0
90513,35/11-5,503.72399683,1,0,0
90514,35/11-5,503.87599683,1,0,0
90515,35/11-5,504.02799683,1,0,0
90516,35/11-5,504.17999683,1,0,0
90517,35/11-5,504.33199683,1,0,0
90518,35/11-5,504.48399683,1,2,0
90519,35/11-5,504.63599683,1,2,0
90520,35/11-5,504.78799683,1,2,0
90521,35/11-5,504.93999683,1,2,0
90522,35/11-5,505.09199683,1,0,0
90523,35/11-5,505.24399683,1,0,0
90524,35/11-5,505.39599683,1,0,0
90525,35/11-5,505.54799683,1,0,0
90526,35/11-5,505.69999683,1,0,0
90527,35/11-5,505.85199683,1,0,0
90528,35/11-5,506.00399683,1,0,0
90529,35/11-5,506.15599683,1,0,0
90530,35/11-5,506.30799683,1,0,0
90531,35/11-5,506.45999683,1,0,0
90532,35/11-5,506.61199683,1,0,0
90533,35/11-5,506.76399683,1,0,0
90534,35/11-5,506.91599683,1,0,0
90535,35/11-5,507.06799683,1,0,0
90536,35/11-5,507.21999683,1,0,0
90537,35/11-5,507.37199683,1,0,0
90538,35/11-5,507.52399683,1,0,0
90539,35/11-5,507.67599683,1,0,0
90540,35/11-5,507.82799683,1,0,0
90541,35/11-5,507.97999683,1,2,0
90542,35/11-5,508.13199683,1,2,0
90543,35/11-5,508.28399683,1,2,0
90544,35/11-5,508.43599683,1,0,0
90545,35/11-5,508.58799683,1,0,0
90546,35/11-5,508.73999683,1,0,0
90547,35/11-5,508.89199683,1,0,0
90548,35/11-5,509.04399683,1,0,0
90549,35/11-5,509.19599683,1,0,0
90550,35/11-5,509.34799683,1,0,0
90551,35/11-5,509.49999683,1,0,0
90552,35/11-5,509.65199683,1,0,0
90553,35/11-5,509.80399683,1,0,0
90554,35/11-5,509.95599683,1,0,0
90555,35/11-5,510.10799683,1,0,0
90556,35/11-5,510.25999683,1,0,0
90557,35/11-5,510.41199683,1,0,0
90558,35/11-5,510.56399683,1,0,0
90559,35/11-5,510.71599683,1,0,0
90560,35/11-5,510.86799683,1,0,0
90561,35/11-5,511.01999683,1,0,0
90562,35/11-5,511.17199683,1,0,0
90563,35/11-5,511.32399683,1,0,0
90564,35/11-5,511.47599683,1,0,0
90565,35/11-5,511.62799683,1,0,0
90566,35/11-5,511.77999683,1,0,0
90567,35/11-5,511.93199683,1,0,0
90568,35/11-5,512.08399683,1,0,0
90569,35/11-5,512.23599683,1,0,0
90570,35/11-5,512.38799683,1,0,0
90571,35/11-5,512.53999683,1,0,0
90572,35/11-5,512.69199683,1,0,0
90573,35/11-5,512.84399683,1,0,0
90574,35/11-5,512.99599683,1,0,0
90575,35/11-5,513.14799683,1,0,0
90576,35/11-5,513.29999683,1,0,0
90577,35/11-5,513.45199683,1,0,0
90578,35/11-5,513.60399683,1,0,0
90579,35/11-5,513.75599683,1,0,0
90580,35/11-5,513.90799683,1,0,0
90581,35/11-5,514.05999683,1,0,0
90582,35/11-5,514.21199683,1,0,0
90583,35/11-5,514.36399683,1,0,0
90584,35/11-5,514.51599683,1,0,0
90585,35/11-5,514.66799683,1,0,0
90586,35/11-5,514.81999683,1,0,0
90587,35/11-5,514.97199683,1,0,0
90588,35/11-5,515.12399683,1,0,0
90589,35/11-5,515.27599683,1,0,0
90590,35/11-5,515.42799683,1,0,0
90591,35/11-5,515.57999683,1,0,0
90592,35/11-5,515.73199683,1,0,0
90593,35/11-5,515.88399683,1,0,0
90594,35/11-5,516.03599683,1,0,0
90595,35/11-5,516.18799683,1,0,0
90596,35/11-5,516.33999683,1,0,0
90597,35/11-5,516.49199683,1,0,0
90598,35/11-5,516.64399683,1,0,0
90599,35/11-5,516.79599683,1,0,0
90600,35/11-5,516.94799683,1,0,0
90601,35/11-5,517.09999683,1,0,0
90602,35/11-5,517.25199683,1,0,0
90603,35/11-5,517.40399683,1,0,0
90604,35/11-5,517.55599683,1,0,0
90605,35/11-5,517.70799683,1,0,0
90606,35/11-5,517.85999683,1,0,0
90607,35/11-5,518.01199683,1,0,0
90608,35/11-5,518.16399683,1,0,0
90609,35/11-5,518.31599683,1,0,0
90610,35/11-5,518.46799683,1,0,0
90611,35/11-5,518.61999683,1,0,0
90612,35/11-5,518.77199683,1,0,0
90613,35/11-5,518.92399683,1,0,0
90614,35/11-5,519.07599683,1,0,0
90615,35/11-5,519.22799683,1,0,0
90616,35/11-5,519.37999683,1,0,0
90617,35/11-5,519.53199683,1,0,0
90618,35/11-5,519.68399683,1,0,0
90619,35/11-5,519.83599683,1,0,0
90620,35/11-5,519.98799683,1,0,0
90621,35/11-5,520.13999683,1,0,0
90622,35/11-5,520.29199683,1,0,0
90623,35/11-5,520.44399683,1,2,0
90624,35/11-5,520.59599683,1,2,0
90625,35/11-5,520.74799683,1,2,0
90626,35/11-5,520.89999683,1,2,0
90627,35/11-5,521.05199683,1,2,0
90628,35/11-5,521.20399683,1,2,0
90629,35/11-5,521.35599683,1,2,0
90630,35/11-5,521.50799683,1,0,0
90631,35/11-5,521.65999683,1,0,0
90632,35/11-5,521.81199683,1,0,0
90633,35/11-5,521.96399683,1,0,0
90634,35/11-5,522.11599683,1,0,0
90635,35/11-5,522.26799683,1,0,0
90636,35/11-5,522.41999683,1,0,0
90637,35/11-5,522.57199683,1,0,0
90638,35/11-5,522.72399683,1,0,0
90639,35/11-5,522.87599683,1,0,0
90640,35/11-5,523.02799683,1,0,0
90641,35/11-5,523.17999683,1,0,0
90642,35/11-5,523.33199683,1,0,0
90643,35/11-5,523.48399683,1,2,0
90644,35/11-5,523.63599683,1,2,0
90645,35/11-5,523.78799683,1,2,0
90646,35/11-5,523.93999683,1,0,0
90647,35/11-5,524.09199683,1,0,0
90648,35/11-5,524.24399683,1,2,0
90649,35/11-5,524.39599683,1,2,0
90650,35/11-5,524.54799683,1,2,0
90651,35/11-5,524.69999683,1,2,0
90652,35/11-5,524.85199683,1,2,0
90653,35/11-5,525.00399683,1,2,0
90654,35/11-5,525.15599683,1,2,0
90655,35/11-5,525.30799683,1,2,0
90656,35/11-5,525.45999683,1,0,0
90657,35/11-5,525.61199683,1,2,0
90658,35/11-5,525.76399683,1,2,0
90659,35/11-5,525.91599683,1,2,0
90660,35/11-5,526.06799683,1,2,0
90661,35/11-5,526.21999683,1,0,0
90662,35/11-5,526.37199683,1,0,0
90663,35/11-5,526.52399683,1,0,0
90664,35/11-5,526.67599683,1,0,0
90665,35/11-5,526.82799683,1,0,0
90666,35/11-5,526.97999683,1,0,0
90667,35/11-5,527.13199683,1,0,0
90668,35/11-5,527.28399683,1,0,0
90669,35/11-5,527.43599683,1,0,0
90670,35/11-5,527.58799683,1,0,0
90671,35/11-5,527.73999683,1,0,0
90672,35/11-5,527.89199683,1,0,0
90673,35/11-5,528.04399683,1,0,0
90674,35/11-5,528.19599683,1,0,0
90675,35/11-5,528.34799683,1,2,0
90676,35/11-5,528.49999683,1,2,0
90677,35/11-5,528.65199683,1,2,0
90678,35/11-5,528.80399683,1,2,0
90679,35/11-5,528.95599683,1,2,0
90680,35/11-5,529.10799683,1,2,0
90681,35/11-5,529.25999683,1,2,0
90682,35/11-5,529.41199683,1,2,0
90683,35/11-5,529.56399683,1,0,0
90684,35/11-5,529.71599683,1,0,0
90685,35/11-5,529.86799683,1,0,0
90686,35/11-5,530.01999683,1,0,0
90687,35/11-5,530.17199683,1,2,0
90688,35/11-5,530.32399683,1,2,0
90689,35/11-5,530.47599683,1,2,0
90690,35/11-5,530.62799683,1,2,0
90691,35/11-5,530.77999683,1,2,0
90692,35/11-5,530.93199683,1,0,0
90693,35/11-5,531.08399683,1,0,0
90694,35/11-5,531.23599683,1,0,0
90695,35/11-5,531.38799683,1,0,0
90696,35/11-5,531.53999683,1,2,0
90697,35/11-5,531.69199683,1,2,0
90698,35/11-5,531.84399683,1,2,0
90699,35/11-5,531.99599683,1,2,0
90700,35/11-5,532.14799683,1,2,0
90701,35/11-5,532.29999683,1,0,0
90702,35/11-5,532.45199683,1,0,0
90703,35/11-5,532.60399683,1,0,0
90704,35/11-5,532.75599683,1,0,0
90705,35/11-5,532.90799683,1,2,0
90706,35/11-5,533.05999683,1,2,0
90707,35/11-5,533.21199683,1,2,0
90708,35/11-5,533.36399683,1,2,0
90709,35/11-5,533.51599683,1,2,0
90710,35/11-5,533.66799683,1,2,0
90711,35/11-5,533.81999683,1,2,0
90712,35/11-5,533.97199683,1,2,0
90713,35/11-5,534.12399683,1,2,0
90714,35/11-5,534.27599683,1,2,0
90715,35/11-5,534.42799683,1,2,0
90716,35/11-5,534.57999683,1,2,0
90717,35/11-5,534.73199683,1,2,0
90718,35/11-5,534.88399683,1,2,0
90719,35/11-5,535.03599683,1,2,0
90720,35/11-5,535.18799683,1,2,0
90721,35/11-5,535.33999683,1,2,0
90722,35/11-5,535.49199683,1,2,0
90723,35/11-5,535.64399683,1,2,0
90724,35/11-5,535.79599683,1,2,0
90725,35/11-5,535.94799683,1,2,0
90726,35/11-5,536.09999683,1,2,0
90727,35/11-5,536.25199683,1,2,0
90728,35/11-5,536.40399683,1,2,0
90729,35/11-5,536.55599683,1,2,0
90730,35/11-5,536.70799683,1,2,0
90731,35/11-5,536.85999683,1,2,0
90732,35/11-5,537.01199683,1,2,0
90733,35/11-5,537.16399683,1,2,0
90734,35/11-5,537.31599683,1,2,0
90735,35/11-5,537.46799683,1,2,0
90736,35/11-5,537.61999683,1,2,0
90737,35/11-5,537.77199683,1,2,0
90738,35/11-5,537.92399683,1,2,0
90739,35/11-5,538.07599683,1,2,0
90740,35/11-5,538.22799683,1,2,0
90741,35/11-5,538.37999683,1,2,0
90742,35/11-5,538.53199683,1,2,0
90743,35/11-5,538.68399683,1,2,0
90744,35/11-5,538.83599683,1,2,0
90745,35/11-5,538.98799683,1,2,0
90746,35/11-5,539.13999683,1,2,0
90747,35/11-5,539.29199683,1,2,0
90748,35/11-5,539.44399683,1,2,0
90749,35/11-5,539.59599683,1,2,0
90750,35/11-5,539.74799683,1,2,0
90751,35/11-5,539.89999683,1,2,0
90752,35/11-5,540.05199683,1,2,0
90753,35/11-5,540.20399683,1,2,0
90754,35/11-5,540.35599683,1,2,0
90755,35/11-5,540.50799683,1,2,0
90756,35/11-5,540.65999683,1,2,0
90757,35/11-5,540.81199683,1,2,0
90758,35/11-5,540.96399683,1,2,0
90759,35/11-5,541.11599683,1,2,0
90760,35/11-5,541.26799683,1,2,0
90761,35/11-5,541.41999683,1,2,0
90762,35/11-5,541.57199683,1,2,0
90763,35/11-5,541.72399683,1,2,0
90764,35/11-5,541.87599683,1,2,0
90765,35/11-5,542.02799683,1,2,0
90766,35/11-5,542.17999683,1,2,0
90767,35/11-5,542.33199683,1,2,0
90768,35/11-5,542.48399683,1,2,0
90769,35/11-5,542.63599683,1,2,0
90770,35/11-5,542.78799683,1,2,0
90771,35/11-5,542.93999683,1,2,0
90772,35/11-5,543.09199683,1,2,0
90773,35/11-5,543.24399683,1,2,0
90774,35/11-5,543.39599683,1,2,0
90775,35/11-5,543.54799683,1,2,0
90776,35/11-5,543.69999683,1,2,0
90777,35/11-5,543.85199683,1,2,0
90778,35/11-5,544.00399683,1,2,0
90779,35/11-5,544.15599683,1,2,0
90780,35/11-5,544.30799683,1,2,0
90781,35/11-5,544.45999683,1,2,0
90782,35/11-5,544.61199683,1,2,0
90783,35/11-5,544.76399683,1,2,0
90784,35/11-5,544.91599683,1,2,0
90785,35/11-5,545.06799683,1,2,0
90786,35/11-5,545.21999683,1,2,0
90787,35/11-5,545.37199683,1,2,0
90788,35/11-5,545.52399683,1,2,0
90789,35/11-5,545.67599683,1,2,0
90790,35/11-5,545.82799683,1,2,0
90791,35/11-5,545.97999683,1,2,0
90792,35/11-5,546.13199683,1,2,0
90793,35/11-5,546.28399683,1,2,0
90794,35/11-5,546.43599683,1,2,0
90795,35/11-5,546.58799683,1,2,0
90796,35/11-5,546.73999683,1,2,0
90797,35/11-5,546.89199683,1,2,0
90798,35/11-5,547.04399683,1,2,0
90799,35/11-5,547.19599683,1,2,0
90800,35/11-5,547.34799683,1,2,0
90801,35/11-5,547.49999683,1,2,0
90802,35/11-5,547.65199683,1,2,0
90803,35/11-5,547.80399683,1,2,0
90804,35/11-5,547.95599683,1,2,0
90805,35/11-5,548.10799683,1,2,0
90806,35/11-5,548.25999683,1,2,0
90807,35/11-5,548.41199683,1,0,0
90808,35/11-5,548.56399683,1,0,0
90809,35/11-5,548.71599683,1,0,0
90810,35/11-5,548.86799683,1,0,0
90811,35/11-5,549.01999683,1,2,0
90812,35/11-5,549.17199683,1,2,0
90813,35/11-5,549.32399683,1,2,0
90814,35/11-5,549.47599683,1,2,0
90815,35/11-5,549.62799683,1,2,0
90816,35/11-5,549.77999683,1,2,0
90817,35/11-5,549.93199683,1,2,0
90818,35/11-5,550.08399683,1,2,0
90819,35/11-5,550.23599683,1,2,0
90820,35/11-5,550.38799683,1,2,0
90821,35/11-5,550.53999683,1,2,0
90822,35/11-5,550.69199683,1,2,0
90823,35/11-5,550.84399683,1,0,0
90824,35/11-5,550.99599683,1,0,0
90825,35/11-5,551.14799683,1,0,0
90826,35/11-5,551.29999683,1,0,0
90827,35/11-5,551.45199683,1,0,0
90828,35/11-5,551.60399683,1,0,0
90829,35/11-5,551.75599683,1,2,0
90830,35/11-5,551.90799683,1,2,0
90831,35/11-5,552.05999683,1,2,0
90832,35/11-5,552.21199683,1,2,0
90833,35/11-5,552.36399683,1,2,0
90834,35/11-5,552.51599683,1,2,0
90835,35/11-5,552.66799683,1,2,0
90836,35/11-5,552.81999683,1,2,0
90837,35/11-5,552.97199683,1,2,0
90838,35/11-5,553.12399683,1,0,0
90839,35/11-5,553.27599683,1,0,0
90840,35/11-5,553.42799683,1,0,0
90841,35/11-5,553.57999683,1,2,0
90842,35/11-5,553.73199683,1,2,0
90843,35/11-5,553.88399683,1,2,0
90844,35/11-5,554.03599683,1,2,0
90845,35/11-5,554.18799683,1,2,0
90846,35/11-5,554.33999683,1,2,0
90847,35/11-5,554.49199683,1,2,0
90848,35/11-5,554.64399683,1,2,0
90849,35/11-5,554.79599683,1,2,0
90850,35/11-5,554.94799683,1,2,0
90851,35/11-5,555.09999683,1,2,0
90852,35/11-5,555.25199683,1,2,0
90853,35/11-5,555.40399683,1,2,0
90854,35/11-5,555.55599683,1,2,0
90855,35/11-5,555.70799683,1,2,0
90856,35/11-5,555.85999683,1,2,0
90857,35/11-5,556.01199683,1,2,0
90858,35/11-5,556.16399683,1,0,0
90859,35/11-5,556.31599683,1,0,0
90860,35/11-5,556.46799683,1,0,0
90861,35/11-5,556.61999683,1,0,0
90862,35/11-5,556.77199683,1,2,0
90863,35/11-5,556.92399683,1,2,0
90864,35/11-5,557.07599683,1,2,0
90865,35/11-5,557.22799683,1,2,0
90866,35/11-5,557.37999683,1,2,0
90867,35/11-5,557.53199683,1,0,0
90868,35/11-5,557.68399683,1,0,0
90869,35/11-5,557.83599683,1,0,0
90870,35/11-5,557.98799683,1,0,0
90871,35/11-5,558.13999683,1,0,0
90872,35/11-5,558.29199683,1,0,0
90873,35/11-5,558.44399683,1,0,0
90874,35/11-5,558.59599683,1,2,0
90875,35/11-5,558.74799683,1,2,0
90876,35/11-5,558.89999683,1,2,0
90877,35/11-5,559.05199683,1,2,0
90878,35/11-5,559.20399683,1,2,0
90879,35/11-5,559.35599683,1,2,0
90880,35/11-5,559.50799683,1,2,0
90881,35/11-5,559.65999683,1,2,0
90882,35/11-5,559.81199683,1,2,0
90883,35/11-5,559.96399683,1,2,0
90884,35/11-5,560.11599683,1,2,0
90885,35/11-5,560.26799683,1,0,0
90886,35/11-5,560.41999683,1,0,0
90887,35/11-5,560.57199683,1,0,0
90888,35/11-5,560.72399683,1,0,0
90889,35/11-5,560.87599683,1,0,0
90890,35/11-5,561.02799683,1,2,0
90891,35/11-5,561.17999683,1,2,0
90892,35/11-5,561.33199683,1,0,0
90893,35/11-5,561.48399683,1,2,0
90894,35/11-5,561.63599683,1,2,0
90895,35/11-5,561.78799683,1,2,0
90896,35/11-5,561.93999683,1,2,0
90897,35/11-5,562.09199683,1,0,0
90898,35/11-5,562.24399683,1,0,0
90899,35/11-5,562.39599683,1,0,0
90900,35/11-5,562.54799683,1,2,0
90901,35/11-5,562.69999683,1,2,0
90902,35/11-5,562.85199683,1,2,0
90903,35/11-5,563.00399683,1,2,0
90904,35/11-5,563.15599683,1,2,0
90905,35/11-5,563.30799683,1,2,0
90906,35/11-5,563.45999683,1,2,0
90907,35/11-5,563.61199683,1,0,0
90908,35/11-5,563.76399683,1,0,0
90909,35/11-5,563.91599683,1,0,0
90910,35/11-5,564.06799683,1,0,0
90911,35/11-5,564.21999683,1,0,0
90912,35/11-5,564.37199683,1,2,0
90913,35/11-5,564.52399683,1,2,0
90914,35/11-5,564.67599683,1,2,0
90915,35/11-5,564.82799683,1,2,0
90916,35/11-5,564.97999683,1,2,0
90917,35/11-5,565.13199683,1,2,0
90918,35/11-5,565.28399683,1,0,0
90919,35/11-5,565.43599683,1,0,0
90920,35/11-5,565.58799683,1,2,0
90921,35/11-5,565.73999683,1,2,0
90922,35/11-5,565.89199683,1,2,0
90923,35/11-5,566.04399683,1,0,0
90924,35/11-5,566.19599683,1,0,0
90925,35/11-5,566.34799683,1,0,0
90926,35/11-5,566.49999683,1,0,0
90927,35/11-5,566.65199683,1,2,0
90928,35/11-5,566.80399683,1,2,0
90929,35/11-5,566.95599683,1,2,0
90930,35/11-5,567.10799683,1,2,0
90931,35/11-5,567.25999683,1,2,0
90932,35/11-5,567.41199683,1,2,0
90933,35/11-5,567.56399683,1,2,0
90934,35/11-5,567.71599683,1,2,0
90935,35/11-5,567.86799683,1,2,0
90936,35/11-5,568.01999683,1,2,0
90937,35/11-5,568.17199683,1,2,0
90938,35/11-5,568.32399683,1,2,0
90939,35/11-5,568.47599683,1,0,0
90940,35/11-5,568.62799683,1,0,0
90941,35/11-5,568.77999683,1,0,0
90942,35/11-5,568.93199683,1,0,0
90943,35/11-5,569.08399683,1,0,0
90944,35/11-5,569.23599683,1,2,0
90945,35/11-5,569.38799683,1,2,0
90946,35/11-5,569.53999683,1,2,0
90947,35/11-5,569.69199683,1,2,0
90948,35/11-5,569.84399683,1,2,0
90949,35/11-5,569.99599683,1,2,0
90950,35/11-5,570.14799683,1,2,0
90951,35/11-5,570.29999683,1,2,0
90952,35/11-5,570.45199683,1,0,0
90953,35/11-5,570.60399683,1,0,0
90954,35/11-5,570.75599683,1,0,0
90955,35/11-5,570.90799683,1,0,0
90956,35/11-5,571.05999683,1,0,0
90957,35/11-5,571.21199683,1,0,0
90958,35/11-5,571.36399683,1,2,0
90959,35/11-5,571.51599683,1,2,0
90960,35/11-5,571.66799683,1,2,0
90961,35/11-5,571.81999683,1,2,0
90962,35/11-5,571.97199683,1,2,0
90963,35/11-5,572.12399683,1,2,0
90964,35/11-5,572.27599683,1,0,0
90965,35/11-5,572.42799683,1,0,0
90966,35/11-5,572.57999683,1,2,0
90967,35/11-5,572.73199683,1,2,0
90968,35/11-5,572.88399683,1,2,0
90969,35/11-5,573.03599683,1,2,0
90970,35/11-5,573.18799683,1,2,0
90971,35/11-5,573.33999683,1,2,0
90972,35/11-5,573.49199683,1,2,0
90973,35/11-5,573.64399683,1,2,0
90974,35/11-5,573.79599683,1,2,0
90975,35/11-5,573.94799683,1,2,0
90976,35/11-5,574.09999683,1,2,0
90977,35/11-5,574.25199683,1,2,0
90978,35/11-5,574.40399683,1,2,0
90979,35/11-5,574.55599683,1,2,0
90980,35/11-5,574.70799683,1,2,0
90981,35/11-5,574.85999683,1,2,0
90982,35/11-5,575.01199683,1,2,0
90983,35/11-5,575.16399683,1,2,0
90984,35/11-5,575.31599683,1,2,0
90985,35/11-5,575.46799683,1,2,0
90986,35/11-5,575.61999683,1,2,0
90987,35/11-5,575.77199683,1,2,0
90988,35/11-5,575.92399683,1,2,0
90989,35/11-5,576.07599683,1,2,0
90990,35/11-5,576.22799683,1,2,0
90991,35/11-5,576.37999683,1,2,0
90992,35/11-5,576.53199683,1,2,0
90993,35/11-5,576.68399683,1,2,0
90994,35/11-5,576.83599683,1,2,0
90995,35/11-5,576.98799683,1,2,0
90996,35/11-5,577.13999683,1,2,0
90997,35/11-5,577.29199683,1,2,0
90998,35/11-5,577.44399683,1,2,0
90999,35/11-5,577.59599683,1,2,0
91000,35/11-5,577.74799683,1,2,0
91001,35/11-5,577.89999683,1,2,0
91002,35/11-5,578.05199683,1,2,0
91003,35/11-5,578.20399683,1,2,0
91004,35/11-5,578.35599683,1,2,0
91005,35/11-5,578.50799683,1,2,0
91006,35/11-5,578.65999683,1,2,0
91007,35/11-5,578.81199683,1,2,0
91008,35/11-5,578.96399683,1,2,0
91009,35/11-5,579.11599683,1,2,0
91010,35/11-5,579.26799683,1,2,0
91011,35/11-5,579.41999683,1,2,0
91012,35/11-5,579.57199683,1,2,0
91013,35/11-5,579.72399683,1,2,0
91014,35/11-5,579.87599683,1,2,0
91015,35/11-5,580.02799683,1,2,0
91016,35/11-5,580.17999683,1,2,0
91017,35/11-5,580.33199683,1,2,0
91018,35/11-5,580.48399683,1,2,0
91019,35/11-5,580.63599683,1,2,0
91020,35/11-5,580.78799683,1,2,0
91021,35/11-5,580.93999683,1,2,0
91022,35/11-5,581.09199683,1,2,0
91023,35/11-5,581.24399683,1,2,0
91024,35/11-5,581.39599683,1,2,0
91025,35/11-5,581.54799683,1,2,0
91026,35/11-5,581.69999683,1,2,0
91027,35/11-5,581.85199683,1,2,0
91028,35/11-5,582.00399683,1,2,0
91029,35/11-5,582.15599683,1,2,0
91030,35/11-5,582.30799683,1,2,0
91031,35/11-5,582.45999683,1,2,0
91032,35/11-5,582.61199683,1,0,0
91033,35/11-5,582.76399683,1,0,0
91034,35/11-5,582.91599683,1,0,0
91035,35/11-5,583.06799683,1,0,0
91036,35/11-5,583.21999683,1,0,0
91037,35/11-5,583.37199683,1,0,0
91038,35/11-5,583.52399683,1,0,0
91039,35/11-5,583.67599683,1,0,0
91040,35/11-5,583.82799683,1,0,0
91041,35/11-5,583.97999683,1,2,0
91042,35/11-5,584.13199683,1,2,0
91043,35/11-5,584.28399683,1,2,0
91044,35/11-5,584.43599683,1,2,0
91045,35/11-5,584.58799683,1,2,0
91046,35/11-5,584.73999683,1,2,0
91047,35/11-5,584.89199683,1,2,0
91048,35/11-5,585.04399683,1,0,0
91049,35/11-5,585.19599683,1,0,0
91050,35/11-5,585.34799683,1,0,0
91051,35/11-5,585.49999683,1,0,0
91052,35/11-5,585.65199683,1,0,0
91053,35/11-5,585.80399683,1,0,0
91054,35/11-5,585.95599683,1,0,0
91055,35/11-5,586.10799683,1,2,0
91056,35/11-5,586.25999683,1,2,0
91057,35/11-5,586.41199683,1,2,0
91058,35/11-5,586.56399683,1,2,0
91059,35/11-5,586.71599683,1,2,0
91060,35/11-5,586.86799683,1,2,0
91061,35/11-5,587.01999683,1,2,0
91062,35/11-5,587.17199683,1,2,0
91063,35/11-5,587.32399683,1,2,0
91064,35/11-5,587.47599683,1,2,0
91065,35/11-5,587.62799683,1,2,0
91066,35/11-5,587.77999683,1,2,0
91067,35/11-5,587.93199683,1,2,0
91068,35/11-5,588.08399683,1,2,0
91069,35/11-5,588.23599683,1,2,0
91070,35/11-5,588.38799683,1,2,0
91071,35/11-5,588.53999683,1,0,0
91072,35/11-5,588.69199683,1,2,0
91073,35/11-5,588.84399683,1,2,0
91074,35/11-5,588.99599683,1,2,0
91075,35/11-5,589.14799683,1,2,0
91076,35/11-5,589.29999683,1,2,0
91077,35/11-5,589.45199683,1,2,0
91078,35/11-5,589.60399683,1,2,0
91079,35/11-5,589.75599683,1,2,0
91080,35/11-5,589.90799683,1,2,0
91081,35/11-5,590.05999683,1,2,0
91082,35/11-5,590.21199683,1,2,0
91083,35/11-5,590.36399683,1,2,0
91084,35/11-5,590.51599683,1,2,0
91085,35/11-5,590.66799683,1,2,0
91086,35/11-5,590.81999683,1,2,0
91087,35/11-5,590.97199683,1,2,0
91088,35/11-5,591.12399683,1,2,0
91089,35/11-5,591.27599683,1,2,0
91090,35/11-5,591.42799683,1,0,0
91091,35/11-5,591.57999683,1,0,0
91092,35/11-5,591.73199683,1,0,0
91093,35/11-5,591.88399683,1,0,0
91094,35/11-5,592.03599683,1,2,0
91095,35/11-5,592.18799683,1,2,0
91096,35/11-5,592.33999683,1,2,0
91097,35/11-5,592.49199683,1,0,0
91098,35/11-5,592.64399683,1,0,0
91099,35/11-5,592.79599683,1,0,0
91100,35/11-5,592.94799683,1,0,0
91101,35/11-5,593.09999683,1,2,0
91102,35/11-5,593.25199683,1,2,0
91103,35/11-5,593.40399683,1,2,0
91104,35/11-5,593.55599683,1,2,0
91105,35/11-5,593.70799683,1,2,0
91106,35/11-5,593.85999683,1,2,0
91107,35/11-5,594.01199683,1,2,0
91108,35/11-5,594.16399683,1,2,0
91109,35/11-5,594.31599683,1,2,0
91110,35/11-5,594.46799683,1,2,0
91111,35/11-5,594.61999683,1,2,0
91112,35/11-5,594.77199683,1,2,0
91113,35/11-5,594.92399683,1,0,0
91114,35/11-5,595.07599683,1,0,0
91115,35/11-5,595.22799683,1,0,0
91116,35/11-5,595.37999683,1,0,0
91117,35/11-5,595.53199683,1,0,0
91118,35/11-5,595.68399683,1,0,0
91119,35/11-5,595.83599683,1,0,0
91120,35/11-5,595.98799683,1,2,0
91121,35/11-5,596.13999683,1,2,0
91122,35/11-5,596.29199683,1,2,0
91123,35/11-5,596.44399683,1,2,0
91124,35/11-5,596.59599683,1,2,0
91125,35/11-5,596.74799683,1,2,0
91126,35/11-5,596.89999683,1,2,0
91127,35/11-5,597.05199683,1,2,0
91128,35/11-5,597.20399683,1,2,0
91129,35/11-5,597.35599683,1,2,0
91130,35/11-5,597.50799683,1,2,0
91131,35/11-5,597.65999683,1,2,0
91132,35/11-5,597.81199683,1,2,0
91133,35/11-5,597.96399683,1,2,0
91134,35/11-5,598.11599683,1,2,0
91135,35/11-5,598.26799683,1,2,0
91136,35/11-5,598.41999683,1,2,0
91137,35/11-5,598.57199683,1,2,0
91138,35/11-5,598.72399683,1,2,0
91139,35/11-5,598.87599683,1,2,0
91140,35/11-5,599.02799683,1,2,0
91141,35/11-5,599.17999683,1,2,0
91142,35/11-5,599.33199683,1,2,0
91143,35/11-5,599.48399683,1,2,0
91144,35/11-5,599.63599683,1,2,0
91145,35/11-5,599.78799683,1,2,0
91146,35/11-5,599.93999683,1,2,0
91147,35/11-5,600.09199683,1,2,0
91148,35/11-5,600.24399683,1,2,0
91149,35/11-5,600.39599683,1,2,0
91150,35/11-5,600.54799683,1,2,0
91151,35/11-5,600.69999683,1,2,0
91152,35/11-5,600.85199683,1,2,0
91153,35/11-5,601.00399683,1,0,0
91154,35/11-5,601.15599683,1,2,0
91155,35/11-5,601.30799683,1,2,0
91156,35/11-5,601.45999683,1,2,0
91157,35/11-5,601.61199683,1,2,0
91158,35/11-5,601.76399683,1,0,0
91159,35/11-5,601.91599683,1,0,0
91160,35/11-5,602.06799683,1,0,0
91161,35/11-5,602.21999683,1,2,0
91162,35/11-5,602.37199683,1,2,0
91163,35/11-5,602.52399683,1,2,0
91164,35/11-5,602.67599683,1,2,0
91165,35/11-5,602.82799683,1,2,0
91166,35/11-5,602.97999683,1,2,0
91167,35/11-5,603.13199683,1,2,0
91168,35/11-5,603.28399683,1,2,0
91169,35/11-5,603.43599683,1,2,0
91170,35/11-5,603.58799683,1,2,0
91171,35/11-5,603.73999683,1,0,0
91172,35/11-5,603.89199683,1,2,0
91173,35/11-5,604.04399683,1,2,0
91174,35/11-5,604.19599683,1,2,0
91175,35/11-5,604.34799683,1,2,0
91176,35/11-5,604.49999683,1,2,0
91177,35/11-5,604.65199683,1,2,0
91178,35/11-5,604.80399683,1,2,0
91179,35/11-5,604.95599683,1,2,0
91180,35/11-5,605.10799683,1,0,0
91181,35/11-5,605.25999683,1,0,0
91182,35/11-5,605.41199683,1,0,0
91183,35/11-5,605.56399683,1,0,0
91184,35/11-5,605.71599683,1,2,0
91185,35/11-5,605.86799683,1,2,0
91186,35/11-5,606.01999683,1,2,0
91187,35/11-5,606.17199683,1,2,0
91188,35/11-5,606.32399683,1,2,0
91189,35/11-5,606.47599683,1,2,0
91190,35/11-5,606.62799683,1,2,0
91191,35/11-5,606.77999683,1,2,0
91192,35/11-5,606.93199683,1,2,0
91193,35/11-5,607.08399683,1,2,0
91194,35/11-5,607.23599683,1,2,0
91195,35/11-5,607.38799683,1,2,0
91196,35/11-5,607.53999683,1,2,0
91197,35/11-5,607.69199683,1,2,0
91198,35/11-5,607.84399683,1,2,0
91199,35/11-5,607.99599683,1,2,0
91200,35/11-5,608.14799683,1,2,0
91201,35/11-5,608.29999683,1,2,0
91202,35/11-5,608.45199683,1,2,0
91203,35/11-5,608.60399683,1,2,0
91204,35/11-5,608.75599683,1,2,0
91205,35/11-5,608.90799683,1,0,0
91206,35/11-5,609.05999683,1,0,0
91207,35/11-5,609.21199683,1,0,0
91208,35/11-5,609.36399683,1,2,0
91209,35/11-5,609.51599683,1,2,0
91210,35/11-5,609.66799683,1,2,0
91211,35/11-5,609.81999683,1,2,0
91212,35/11-5,609.97199683,1,2,0
91213,35/11-5,610.12399683,1,2,0
91214,35/11-5,610.27599683,1,2,0
91215,35/11-5,610.42799683,1,2,0
91216,35/11-5,610.57999683,1,2,0
91217,35/11-5,610.73199683,1,2,0
91218,35/11-5,610.88399683,1,2,0
91219,35/11-5,611.03599683,1,2,0
91220,35/11-5,611.18799683,1,2,0
91221,35/11-5,611.33999683,1,2,0
91222,35/11-5,611.49199683,1,2,0
91223,35/11-5,611.64399683,1,2,0
91224,35/11-5,611.79599683,1,2,0
91225,35/11-5,611.94799683,1,2,0
91226,35/11-5,612.09999683,1,2,0
91227,35/11-5,612.25199683,1,2,0
91228,35/11-5,612.40399683,1,2,0
91229,35/11-5,612.55599683,1,2,0
91230,35/11-5,612.70799683,1,2,0
91231,35/11-5,612.85999683,1,2,0
91232,35/11-5,613.01199683,1,2,0
91233,35/11-5,613.16399683,1,2,0
91234,35/11-5,613.31599683,1,2,0
91235,35/11-5,613.46799683,1,0,0
91236,35/11-5,613.61999683,1,0,0
91237,35/11-5,613.77199683,1,0,0
91238,35/11-5,613.92399683,1,0,0
91239,35/11-5,614.07599683,1,0,0
91240,35/11-5,614.22799683,1,2,0
91241,35/11-5,614.37999683,1,2,0
91242,35/11-5,614.53199683,1,2,0
91243,35/11-5,614.68399683,1,2,0
91244,35/11-5,614.83599683,1,2,0
91245,35/11-5,614.98799683,1,2,0
91246,35/11-5,615.13999683,1,2,0
91247,35/11-5,615.29199683,1,2,0
91248,35/11-5,615.44399683,1,2,0
91249,35/11-5,615.59599683,1,2,0
91250,35/11-5,615.74799683,1,2,0
91251,35/11-5,615.89999683,1,0,0
91252,35/11-5,616.05199683,1,0,0
91253,35/11-5,616.20399683,1,0,0
91254,35/11-5,616.35599683,1,0,0
91255,35/11-5,616.50799683,1,2,0
91256,35/11-5,616.65999683,1,2,0
91257,35/11-5,616.81199683,1,2,0
91258,35/11-5,616.96399683,1,2,0
91259,35/11-5,617.11599683,1,2,0
91260,35/11-5,617.26799683,1,2,0
91261,35/11-5,617.41999683,1,2,0
91262,35/11-5,617.57199683,1,2,0
91263,35/11-5,617.72399683,1,2,0
91264,35/11-5,617.87599683,1,2,0
91265,35/11-5,618.02799683,1,2,0
91266,35/11-5,618.17999683,1,2,0
91267,35/11-5,618.33199683,1,2,0
91268,35/11-5,618.48399683,1,2,0
91269,35/11-5,618.63599683,1,2,0
91270,35/11-5,618.78799683,1,2,0
91271,35/11-5,618.93999683,1,2,0
91272,35/11-5,619.09199683,1,2,0
91273,35/11-5,619.24399683,1,2,0
91274,35/11-5,619.39599683,1,2,0
91275,35/11-5,619.54799683,1,2,0
91276,35/11-5,619.69999683,1,2,0
91277,35/11-5,619.85199683,1,2,0
91278,35/11-5,620.00399683,1,2,0
91279,35/11-5,620.15599683,1,2,0
91280,35/11-5,620.30799683,1,2,0
91281,35/11-5,620.45999683,1,2,0
91282,35/11-5,620.61199683,1,0,0
91283,35/11-5,620.76399683,1,0,0
91284,35/11-5,620.91599683,1,0,0
91285,35/11-5,621.06799683,1,2,0
91286,35/11-5,621.21999683,1,2,0
91287,35/11-5,621.37199683,1,2,0
91288,35/11-5,621.52399683,1,2,0
91289,35/11-5,621.67599683,1,2,0
91290,35/11-5,621.82799683,1,2,0
91291,35/11-5,621.97999683,1,2,0
91292,35/11-5,622.13199683,1,0,0
91293,35/11-5,622.28399683,1,0,0
91294,35/11-5,622.43599683,1,0,0
91295,35/11-5,622.58799683,1,0,0
91296,35/11-5,622.73999683,1,0,0
91297,35/11-5,622.89199683,1,0,0
91298,35/11-5,623.04399683,1,0,0
91299,35/11-5,623.19599683,1,0,0
91300,35/11-5,623.34799683,1,0,0
91301,35/11-5,623.49999683,1,0,0
91302,35/11-5,623.65199683,1,0,0
91303,35/11-5,623.80399683,1,0,0
91304,35/11-5,623.95599683,1,0,0
91305,35/11-5,624.10799683,1,0,0
91306,35/11-5,624.25999683,1,2,0
91307,35/11-5,624.41199683,1,2,0
91308,35/11-5,624.56399683,1,2,0
91309,35/11-5,624.71599683,1,2,0
91310,35/11-5,624.86799683,1,2,0
91311,35/11-5,625.01999683,1,2,0
91312,35/11-5,625.17199683,1,2,0
91313,35/11-5,625.32399683,1,2,0
91314,35/11-5,625.47599683,1,2,0
91315,35/11-5,625.62799683,1,2,0
91316,35/11-5,625.77999683,1,2,0
91317,35/11-5,625.93199683,1,2,0
91318,35/11-5,626.08399683,1,2,0
91319,35/11-5,626.23599683,1,2,0
91320,35/11-5,626.38799683,1,2,0
91321,35/11-5,626.53999683,1,2,0
91322,35/11-5,626.69199683,1,2,0
91323,35/11-5,626.84399683,1,2,0
91324,35/11-5,626.99599683,1,2,0
91325,35/11-5,627.14799683,1,2,0
91326,35/11-5,627.29999683,1,2,0
91327,35/11-5,627.45199683,1,2,0
91328,35/11-5,627.60399683,1,2,0
91329,35/11-5,627.75599683,1,2,0
91330,35/11-5,627.90799683,1,2,0
91331,35/11-5,628.05999683,1,2,0
91332,35/11-5,628.21199683,1,2,0
91333,35/11-5,628.36399683,1,2,0
91334,35/11-5,628.51599683,1,2,0
91335,35/11-5,628.66799683,1,2,0
91336,35/11-5,628.81999683,1,2,0
91337,35/11-5,628.97199683,1,2,0
91338,35/11-5,629.12399683,1,2,0
91339,35/11-5,629.27599683,1,2,0
91340,35/11-5,629.42799683,1,2,0
91341,35/11-5,629.57999683,1,0,0
91342,35/11-5,629.73199683,1,0,0
91343,35/11-5,629.88399683,1,0,0
91344,35/11-5,630.03599683,1,2,0
91345,35/11-5,630.18799683,1,2,0
91346,35/11-5,630.33999683,1,2,0
91347,35/11-5,630.49199683,1,0,0
91348,35/11-5,630.64399683,1,0,0
91349,35/11-5,630.79599683,1,0,0
91350,35/11-5,630.94799683,1,0,0
91351,35/11-5,631.09999683,1,0,0
91352,35/11-5,631.25199683,1,2,0
91353,35/11-5,631.40399683,1,2,0
91354,35/11-5,631.55599683,1,2,0
91355,35/11-5,631.70799683,1,2,0
91356,35/11-5,631.85999683,1,2,0
91357,35/11-5,632.01199683,1,2,0
91358,35/11-5,632.16399683,1,2,0
91359,35/11-5,632.31599683,1,2,0
91360,35/11-5,632.46799683,1,2,0
91361,35/11-5,632.61999683,1,2,0
91362,35/11-5,632.77199683,1,2,0
91363,35/11-5,632.92399683,1,2,0
91364,35/11-5,633.07599683,1,2,0
91365,35/11-5,633.22799683,1,2,0
91366,35/11-5,633.37999683,1,2,0
91367,35/11-5,633.53199683,1,2,0
91368,35/11-5,633.68399683,1,2,0
91369,35/11-5,633.83599683,1,2,0
91370,35/11-5,633.98799683,1,2,0
91371,35/11-5,634.13999683,1,2,0
91372,35/11-5,634.29199683,1,2,0
91373,35/11-5,634.44399683,1,2,0
91374,35/11-5,634.59599683,1,2,0
91375,35/11-5,634.74799683,1,2,0
91376,35/11-5,634.89999683,1,2,0
91377,35/11-5,635.05199683,1,2,0
91378,35/11-5,635.20399683,1,2,0
91379,35/11-5,635.35599683,1,0,0
91380,35/11-5,635.50799683,1,0,0
91381,35/11-5,635.65999683,1,0,0
91382,35/11-5,635.81199683,1,0,0
91383,35/11-5,635.96399683,1,0,0
91384,35/11-5,636.11599683,1,2,0
91385,35/11-5,636.26799683,1,2,0
91386,35/11-5,636.41999683,1,2,0
91387,35/11-5,636.57199683,1,2,0
91388,35/11-5,636.72399683,1,2,0
91389,35/11-5,636.87599683,1,2,0
91390,35/11-5,637.02799683,1,2,0
91391,35/11-5,637.17999683,1,2,0
91392,35/11-5,637.33199683,1,2,0
91393,35/11-5,637.48399683,1,2,0
91394,35/11-5,637.63599683,1,2,0
91395,35/11-5,637.78799683,1,2,0
91396,35/11-5,637.93999683,1,2,0
91397,35/11-5,638.09199683,1,2,0
91398,35/11-5,638.24399683,1,2,0
91399,35/11-5,638.39599683,1,2,0
91400,35/11-5,638.54799683,1,2,0
91401,35/11-5,638.69999683,1,2,0
91402,35/11-5,638.85199683,1,2,0
91403,35/11-5,639.00399683,1,0,0
91404,35/11-5,639.15599683,1,0,0
91405,35/11-5,639.30799683,1,0,0
91406,35/11-5,639.45999683,1,2,0
91407,35/11-5,639.61199683,1,2,0
91408,35/11-5,639.76399683,1,2,0
91409,35/11-5,639.91599683,1,2,0
91410,35/11-5,640.06799683,1,2,0
91411,35/11-5,640.21999683,1,0,0
91412,35/11-5,640.37199683,1,2,0
91413,35/11-5,640.52399683,1,2,0
91414,35/11-5,640.67599683,1,2,0
91415,35/11-5,640.82799683,1,2,0
91416,35/11-5,640.97999683,1,2,0
91417,35/11-5,641.13199683,1,2,0
91418,35/11-5,641.28399683,1,2,0
91419,35/11-5,641.43599683,1,2,0
91420,35/11-5,641.58799683,1,2,0
91421,35/11-5,641.73999683,1,2,0
91422,35/11-5,641.89199683,1,2,0
91423,35/11-5,642.04399683,1,2,0
91424,35/11-5,642.19599683,1,0,0
91425,35/11-5,642.34799683,1,0,0
91426,35/11-5,642.49999683,1,2,0
91427,35/11-5,642.65199683,1,2,0
91428,35/11-5,642.80399683,1,2,0
91429,35/11-5,642.95599683,1,2,0
91430,35/11-5,643.10799683,1,2,0
91431,35/11-5,643.25999683,1,2,0
91432,35/11-5,643.41199683,1,2,0
91433,35/11-5,643.56399683,1,2,0
91434,35/11-5,643.71599683,1,2,0
91435,35/11-5,643.86799683,1,2,0
91436,35/11-5,644.01999683,1,2,0
91437,35/11-5,644.17199683,1,2,0
91438,35/11-5,644.32399683,1,2,0
91439,35/11-5,644.47599683,1,2,0
91440,35/11-5,644.62799683,1,2,0
91441,35/11-5,644.77999683,1,2,0
91442,35/11-5,644.93199683,1,2,0
91443,35/11-5,645.08399683,1,2,0
91444,35/11-5,645.23599683,1,2,0
91445,35/11-5,645.38799683,1,2,0
91446,35/11-5,645.53999683,1,2,0
91447,35/11-5,645.69199683,1,2,0
91448,35/11-5,645.84399683,1,2,0
91449,35/11-5,645.99599683,1,2,0
91450,35/11-5,646.14799683,1,0,0
91451,35/11-5,646.29999683,1,0,0
91452,35/11-5,646.45199683,1,0,0
91453,35/11-5,646.60399683,1,0,0
91454,35/11-5,646.75599683,1,0,0
91455,35/11-5,646.90799683,1,2,0
91456,35/11-5,647.05999683,1,2,0
91457,35/11-5,647.21199683,1,2,0
91458,35/11-5,647.36399683,1,2,0
91459,35/11-5,647.51599683,1,2,0
91460,35/11-5,647.66799683,1,2,0
91461,35/11-5,647.81999683,1,2,0
91462,35/11-5,647.97199683,1,2,0
91463,35/11-5,648.12399683,1,2,0
91464,35/11-5,648.27599683,1,2,0
91465,35/11-5,648.42799683,1,2,0
91466,35/11-5,648.57999683,1,2,0
91467,35/11-5,648.73199683,1,0,0
91468,35/11-5,648.88399683,1,0,0
91469,35/11-5,649.03599683,1,0,0
91470,35/11-5,649.18799683,1,0,0
91471,35/11-5,649.33999683,1,0,0
91472,35/11-5,649.49199683,1,0,0
91473,35/11-5,649.64399683,1,2,0
91474,35/11-5,649.79599683,1,2,0
91475,35/11-5,649.94799683,1,2,0
91476,35/11-5,650.09999683,1,2,0
91477,35/11-5,650.25199683,1,2,0
91478,35/11-5,650.40399683,1,0,0
91479,35/11-5,650.55599683,1,0,0
91480,35/11-5,650.70799683,1,2,0
91481,35/11-5,650.85999683,1,2,0
91482,35/11-5,651.01199683,1,2,0
91483,35/11-5,651.16399683,1,2,0
91484,35/11-5,651.31599683,1,2,0
91485,35/11-5,651.46799683,1,2,0
91486,35/11-5,651.61999683,1,2,0
91487,35/11-5,651.77199683,1,2,0
91488,35/11-5,651.92399683,1,2,0
91489,35/11-5,652.07599683,1,2,0
91490,35/11-5,652.22799683,1,2,0
91491,35/11-5,652.37999683,1,0,0
91492,35/11-5,652.53199683,1,0,0
91493,35/11-5,652.68399683,1,0,0
91494,35/11-5,652.83599683,1,0,0
91495,35/11-5,652.98799683,1,0,0
91496,35/11-5,653.13999683,1,2,0
91497,35/11-5,653.29199683,1,2,0
91498,35/11-5,653.44399683,1,2,0
91499,35/11-5,653.59599683,1,2,0
91500,35/11-5,653.74799683,1,2,0
91501,35/11-5,653.89999683,1,2,0
91502,35/11-5,654.05199683,1,2,0
91503,35/11-5,654.20399683,1,2,0
91504,35/11-5,654.35599683,1,2,0
91505,35/11-5,654.50799683,1,2,0
91506,35/11-5,654.65999683,1,2,0
91507,35/11-5,654.81199683,1,2,0
91508,35/11-5,654.96399683,1,2,0
91509,35/11-5,655.11599683,1,2,0
91510,35/11-5,655.26799683,1,2,0
91511,35/11-5,655.41999683,1,0,0
91512,35/11-5,655.57199683,1,0,0
91513,35/11-5,655.72399683,1,0,0
91514,35/11-5,655.87599683,1,2,0
91515,35/11-5,656.02799683,1,2,0
91516,35/11-5,656.17999683,1,2,0
91517,35/11-5,656.33199683,1,2,0
91518,35/11-5,656.48399683,1,2,0
91519,35/11-5,656.63599683,1,2,0
91520,35/11-5,656.78799683,1,2,0
91521,35/11-5,656.93999683,1,2,0
91522,35/11-5,657.09199683,1,2,0
91523,35/11-5,657.24399683,1,2,0
91524,35/11-5,657.39599683,1,2,0
91525,35/11-5,657.54799683,1,2,0
91526,35/11-5,657.69999683,1,2,0
91527,35/11-5,657.85199683,1,2,0
91528,35/11-5,658.00399683,1,2,0
91529,35/11-5,658.15599683,1,2,0
91530,35/11-5,658.30799683,1,2,0
91531,35/11-5,658.45999683,1,2,0
91532,35/11-5,658.61199683,1,2,0
91533,35/11-5,658.76399683,1,2,0
91534,35/11-5,658.91599683,1,2,0
91535,35/11-5,659.06799683,1,2,0
91536,35/11-5,659.21999683,1,2,0
91537,35/11-5,659.37199683,1,2,0
91538,35/11-5,659.52399683,1,2,0
91539,35/11-5,659.67599683,1,2,0
91540,35/11-5,659.82799683,1,2,0
91541,35/11-5,659.97999683,1,2,0
91542,35/11-5,660.13199683,1,2,0
91543,35/11-5,660.28399683,1,2,0
91544,35/11-5,660.43599683,1,2,0
91545,35/11-5,660.58799683,1,2,0
91546,35/11-5,660.73999683,1,2,0
91547,35/11-5,660.89199683,1,2,0
91548,35/11-5,661.04399683,1,2,0
91549,35/11-5,661.19599683,1,2,0
91550,35/11-5,661.34799683,1,2,0
91551,35/11-5,661.49999683,1,2,0
91552,35/11-5,661.65199683,1,2,0
91553,35/11-5,661.80399683,1,2,0
91554,35/11-5,661.95599683,1,2,0
91555,35/11-5,662.10799683,1,2,0
91556,35/11-5,662.25999683,1,2,0
91557,35/11-5,662.41199683,1,2,0
91558,35/11-5,662.56399683,1,2,0
91559,35/11-5,662.71599683,1,2,0
91560,35/11-5,662.86799683,1,2,0
91561,35/11-5,663.01999683,1,2,0
91562,35/11-5,663.17199683,1,0,0
91563,35/11-5,663.32399683,1,0,0
91564,35/11-5,663.47599683,1,2,0
91565,35/11-5,663.62799683,1,2,0
91566,35/11-5,663.77999683,1,2,0
91567,35/11-5,663.93199683,1,2,0
91568,35/11-5,664.08399683,1,2,0
91569,35/11-5,664.23599683,1,2,0
91570,35/11-5,664.38799683,1,0,0
91571,35/11-5,664.53999683,1,0,0
91572,35/11-5,664.69199683,1,0,0
91573,35/11-5,664.84399683,1,2,0
91574,35/11-5,664.99599683,1,2,0
91575,35/11-5,665.14799683,1,2,0
91576,35/11-5,665.29999683,1,2,0
91577,35/11-5,665.45199683,1,2,0
91578,35/11-5,665.60399683,1,2,0
91579,35/11-5,665.75599683,1,0,0
91580,35/11-5,665.90799683,1,0,0
91581,35/11-5,666.05999683,1,0,0
91582,35/11-5,666.21199683,1,0,0
91583,35/11-5,666.36399683,1,2,0
91584,35/11-5,666.51599683,1,2,0
91585,35/11-5,666.66799683,1,2,0
91586,35/11-5,666.81999683,1,2,0
91587,35/11-5,666.97199683,1,2,0
91588,35/11-5,667.12399683,1,2,0
91589,35/11-5,667.27599683,1,2,0
91590,35/11-5,667.42799683,1,2,0
91591,35/11-5,667.57999683,1,2,0
91592,35/11-5,667.73199683,1,2,0
91593,35/11-5,667.88399683,1,2,0
91594,35/11-5,668.03599683,1,2,0
91595,35/11-5,668.18799683,1,2,0
91596,35/11-5,668.33999683,1,2,0
91597,35/11-5,668.49199683,1,2,0
91598,35/11-5,668.64399683,1,2,0
91599,35/11-5,668.79599683,1,2,0
91600,35/11-5,668.94799683,1,2,0
91601,35/11-5,669.09999683,1,2,0
91602,35/11-5,669.25199683,1,2,0
91603,35/11-5,669.40399683,1,2,0
91604,35/11-5,669.55599683,1,2,0
91605,35/11-5,669.70799683,1,2,0
91606,35/11-5,669.85999683,1,2,0
91607,35/11-5,670.01199683,1,2,0
91608,35/11-5,670.16399683,1,2,0
91609,35/11-5,670.31599683,1,2,0
91610,35/11-5,670.46799683,1,2,0
91611,35/11-5,670.61999683,1,2,0
91612,35/11-5,670.77199683,1,2,0
91613,35/11-5,670.92399683,1,2,0
91614,35/11-5,671.07599683,1,2,0
91615,35/11-5,671.22799683,1,2,0
91616,35/11-5,671.37999683,1,2,0
91617,35/11-5,671.53199683,1,2,0
91618,35/11-5,671.68399683,1,2,0
91619,35/11-5,671.83599683,1,0,0
91620,35/11-5,671.98799683,1,0,0
91621,35/11-5,672.13999683,1,0,0
91622,35/11-5,672.29199683,1,2,0
91623,35/11-5,672.44399683,1,2,0
91624,35/11-5,672.59599683,1,2,0
91625,35/11-5,672.74799683,1,2,0
91626,35/11-5,672.89999683,1,2,0
91627,35/11-5,673.05199683,1,2,0
91628,35/11-5,673.20399683,1,2,0
91629,35/11-5,673.35599683,1,2,0
91630,35/11-5,673.50799683,1,2,0
91631,35/11-5,673.65999683,1,2,0
91632,35/11-5,673.81199683,1,2,0
91633,35/11-5,673.96399683,1,2,0
91634,35/11-5,674.11599683,1,2,0
91635,35/11-5,674.26799683,1,2,0
91636,35/11-5,674.41999683,1,2,0
91637,35/11-5,674.57199683,1,0,0
91638,35/11-5,674.72399683,1,0,0
91639,35/11-5,674.87599683,1,0,0
91640,35/11-5,675.02799683,1,2,0
91641,35/11-5,675.17999683,1,2,0
91642,35/11-5,675.33199683,1,0,0
91643,35/11-5,675.48399683,1,0,0
91644,35/11-5,675.63599683,1,0,0
91645,35/11-5,675.78799683,1,0,0
91646,35/11-5,675.93999683,1,2,0
91647,35/11-5,676.09199683,1,2,0
91648,35/11-5,676.24399683,1,2,0
91649,35/11-5,676.39599683,1,2,0
91650,35/11-5,676.54799683,1,2,0
91651,35/11-5,676.69999683,1,2,0
91652,35/11-5,676.85199683,1,2,0
91653,35/11-5,677.00399683,1,2,0
91654,35/11-5,677.15599683,1,2,0
91655,35/11-5,677.30799683,1,2,0
91656,35/11-5,677.45999683,1,2,0
91657,35/11-5,677.61199683,1,2,0
91658,35/11-5,677.76399683,1,2,0
91659,35/11-5,677.91599683,1,2,0
91660,35/11-5,678.06799683,1,2,0
91661,35/11-5,678.21999683,1,2,0
91662,35/11-5,678.37199683,1,2,0
91663,35/11-5,678.52399683,1,2,0
91664,35/11-5,678.67599683,1,2,0
91665,35/11-5,678.82799683,1,2,0
91666,35/11-5,678.97999683,1,2,0
91667,35/11-5,679.13199683,1,2,0
91668,35/11-5,679.28399683,1,2,0
91669,35/11-5,679.43599683,1,2,0
91670,35/11-5,679.58799683,1,2,0
91671,35/11-5,679.73999683,1,2,0
91672,35/11-5,679.89199683,1,2,0
91673,35/11-5,680.04399683,1,2,0
91674,35/11-5,680.19599683,1,2,0
91675,35/11-5,680.34799683,1,2,0
91676,35/11-5,680.49999683,1,2,0
91677,35/11-5,680.65199683,1,2,0
91678,35/11-5,680.80399683,1,2,0
91679,35/11-5,680.95599683,1,2,0
91680,35/11-5,681.10799683,1,2,0
91681,35/11-5,681.25999683,1,2,0
91682,35/11-5,681.41199683,1,0,0
91683,35/11-5,681.56399683,1,0,0
91684,35/11-5,681.71599683,1,0,0
91685,35/11-5,681.86799683,1,0,0
91686,35/11-5,682.01999683,1,0,0
91687,35/11-5,682.17199683,1,0,0
91688,35/11-5,682.32399683,1,2,0
91689,35/11-5,682.47599683,1,2,0
91690,35/11-5,682.62799683,1,2,0
91691,35/11-5,682.77999683,1,2,0
91692,35/11-5,682.93199683,1,2,0
91693,35/11-5,683.08399683,1,2,0
91694,35/11-5,683.23599683,1,2,0
91695,35/11-5,683.38799683,1,2,0
91696,35/11-5,683.53999683,1,2,0
91697,35/11-5,683.69199683,1,2,0
91698,35/11-5,683.84399683,1,2,0
91699,35/11-5,683.99599683,1,2,0
91700,35/11-5,684.14799683,1,2,0
91701,35/11-5,684.29999683,1,2,0
91702,35/11-5,684.45199683,1,2,0
91703,35/11-5,684.60399683,1,2,0
91704,35/11-5,684.75599683,1,2,0
91705,35/11-5,684.90799683,1,2,0
91706,35/11-5,685.05999683,1,2,0
91707,35/11-5,685.21199683,1,2,0
91708,35/11-5,685.36399683,1,2,0
91709,35/11-5,685.51599683,1,2,0
91710,35/11-5,685.66799683,1,2,0
91711,35/11-5,685.81999683,1,2,0
91712,35/11-5,685.97199683,1,2,0
91713,35/11-5,686.12399683,1,2,0
91714,35/11-5,686.27599683,1,2,0
91715,35/11-5,686.42799683,1,2,0
91716,35/11-5,686.57999683,1,2,0
91717,35/11-5,686.73199683,1,2,0
91718,35/11-5,686.88399683,1,2,0
91719,35/11-5,687.03599683,1,2,0
91720,35/11-5,687.18799683,1,2,0
91721,35/11-5,687.33999683,1,2,0
91722,35/11-5,687.49199683,1,2,0
91723,35/11-5,687.64399683,1,2,0
91724,35/11-5,687.79599683,1,2,0
91725,35/11-5,687.94799683,1,2,0
91726,35/11-5,688.09999683,1,2,0
91727,35/11-5,688.25199683,1,2,0
91728,35/11-5,688.40399683,1,2,0
91729,35/11-5,688.55599683,1,2,0
91730,35/11-5,688.70799683,1,2,0
91731,35/11-5,688.85999683,1,2,0
91732,35/11-5,689.01199683,1,2,0
91733,35/11-5,689.16399683,1,2,0
91734,35/11-5,689.31599683,1,2,0
91735,35/11-5,689.46799683,1,2,0
91736,35/11-5,689.61999683,1,2,0
91737,35/11-5,689.77199683,1,2,0
91738,35/11-5,689.92399683,1,2,0
91739,35/11-5,690.07599683,1,2,0
91740,35/11-5,690.22799683,1,2,0
91741,35/11-5,690.37999683,1,2,0
91742,35/11-5,690.53199683,1,2,0
91743,35/11-5,690.68399683,1,2,0
91744,35/11-5,690.83599683,1,2,0
91745,35/11-5,690.98799683,1,2,0
91746,35/11-5,691.13999683,1,2,0
91747,35/11-5,691.29199683,1,2,0
91748,35/11-5,691.44399683,1,2,0
91749,35/11-5,691.59599683,1,2,0
91750,35/11-5,691.74799683,1,2,0
91751,35/11-5,691.89999683,1,2,0
91752,35/11-5,692.05199683,1,2,0
91753,35/11-5,692.20399683,1,2,0
91754,35/11-5,692.35599683,1,2,0
91755,35/11-5,692.50799683,1,2,0
91756,35/11-5,692.65999683,1,2,0
91757,35/11-5,692.81199683,1,2,0
91758,35/11-5,692.96399683,1,2,0
91759,35/11-5,693.11599683,1,0,0
91760,35/11-5,693.26799683,1,0,0
91761,35/11-5,693.41999683,1,2,0
91762,35/11-5,693.57199683,1,2,0
91763,35/11-5,693.72399683,1,2,0
91764,35/11-5,693.87599683,1,2,0
91765,35/11-5,694.02799683,1,2,0
91766,35/11-5,694.17999683,1,2,0
91767,35/11-5,694.33199683,1,2,0
91768,35/11-5,694.48399683,1,2,0
91769,35/11-5,694.63599683,1,2,0
91770,35/11-5,694.78799683,1,2,0
91771,35/11-5,694.93999683,1,2,0
91772,35/11-5,695.09199683,1,2,0
91773,35/11-5,695.24399683,1,2,0
91774,35/11-5,695.39599683,1,2,0
91775,35/11-5,695.54799683,1,2,0
91776,35/11-5,695.69999683,1,2,0
91777,35/11-5,695.85199683,1,2,0
91778,35/11-5,696.00399683,1,2,0
91779,35/11-5,696.15599683,1,2,0
91780,35/11-5,696.30799683,1,0,0
91781,35/11-5,696.45999683,1,0,0
91782,35/11-5,696.61199683,1,0,0
91783,35/11-5,696.76399683,1,0,0
91784,35/11-5,696.91599683,1,0,0
91785,35/11-5,697.06799683,1,2,0
91786,35/11-5,697.21999683,1,2,0
91787,35/11-5,697.37199683,1,2,0
91788,35/11-5,697.52399683,1,2,0
91789,35/11-5,697.67599683,1,2,0
91790,35/11-5,697.82799683,1,2,0
91791,35/11-5,697.97999683,1,2,0
91792,35/11-5,698.13199683,1,2,0
91793,35/11-5,698.28399683,1,2,0
91794,35/11-5,698.43599683,1,2,0
91795,35/11-5,698.58799683,1,2,0
91796,35/11-5,698.73999683,1,0,0
91797,35/11-5,698.89199683,1,0,0
91798,35/11-5,699.04399683,1,0,0
91799,35/11-5,699.19599683,1,0,0
91800,35/11-5,699.34799683,1,0,0
91801,35/11-5,699.49999683,1,0,0
91802,35/11-5,699.65199683,1,2,0
91803,35/11-5,699.80399683,1,2,0
91804,35/11-5,699.95599683,1,2,0
91805,35/11-5,700.10799683,1,2,0
91806,35/11-5,700.25999683,1,2,0
91807,35/11-5,700.41199683,1,2,0
91808,35/11-5,700.56399683,1,2,0
91809,35/11-5,700.71599683,1,2,0
91810,35/11-5,700.86799683,1,2,0
91811,35/11-5,701.01999683,1,2,0
91812,35/11-5,701.17199683,1,2,0
91813,35/11-5,701.32399683,1,2,0
91814,35/11-5,701.47599683,1,2,0
91815,35/11-5,701.62799683,1,2,0
91816,35/11-5,701.77999683,1,2,0
91817,35/11-5,701.93199683,1,2,0
91818,35/11-5,702.08399683,1,0,0
91819,35/11-5,702.23599683,1,0,0
91820,35/11-5,702.38799683,1,0,0
91821,35/11-5,702.53999683,1,2,0
91822,35/11-5,702.69199683,1,2,0
91823,35/11-5,702.84399683,1,2,0
91824,35/11-5,702.99599683,1,2,0
91825,35/11-5,703.14799683,1,2,0
91826,35/11-5,703.29999683,1,2,0
91827,35/11-5,703.45199683,1,0,0
91828,35/11-5,703.60399683,1,0,0
91829,35/11-5,703.75599683,1,2,0
91830,35/11-5,703.90799683,1,2,0
91831,35/11-5,704.05999683,1,0,0
91832,35/11-5,704.21199683,1,0,0
91833,35/11-5,704.36399683,1,0,0
91834,35/11-5,704.51599683,1,2,0
91835,35/11-5,704.66799683,1,2,0
91836,35/11-5,704.81999683,1,2,0
91837,35/11-5,704.97199683,1,2,0
91838,35/11-5,705.12399683,1,2,0
91839,35/11-5,705.27599683,1,2,0
91840,35/11-5,705.42799683,1,2,0
91841,35/11-5,705.57999683,1,2,0
91842,35/11-5,705.73199683,1,2,0
91843,35/11-5,705.88399683,1,2,0
91844,35/11-5,706.03599683,1,0,0
91845,35/11-5,706.18799683,1,0,0
91846,35/11-5,706.33999683,1,0,0
91847,35/11-5,706.49199683,1,2,0
91848,35/11-5,706.64399683,1,2,0
91849,35/11-5,706.79599683,1,2,0
91850,35/11-5,706.94799683,1,2,0
91851,35/11-5,707.09999683,1,2,0
91852,35/11-5,707.25199683,1,2,0
91853,35/11-5,707.40399683,1,0,0
91854,35/11-5,707.55599683,1,0,0
91855,35/11-5,707.70799683,1,2,0
91856,35/11-5,707.85999683,1,2,0
91857,35/11-5,708.01199683,1,2,0
91858,35/11-5,708.16399683,1,2,0
91859,35/11-5,708.31599683,1,2,0
91860,35/11-5,708.46799683,1,2,0
91861,35/11-5,708.61999683,1,2,0
91862,35/11-5,708.77199683,1,2,0
91863,35/11-5,708.92399683,1,2,0
91864,35/11-5,709.07599683,1,2,0
91865,35/11-5,709.22799683,1,2,0
91866,35/11-5,709.37999683,1,2,0
91867,35/11-5,709.53199683,1,2,0
91868,35/11-5,709.68399683,1,2,0
91869,35/11-5,709.83599683,1,2,0
91870,35/11-5,709.98799683,1,2,0
91871,35/11-5,710.13999683,1,2,0
91872,35/11-5,710.29199683,1,2,0
91873,35/11-5,710.44399683,1,2,0
91874,35/11-5,710.59599683,1,2,0
91875,35/11-5,710.74799683,1,2,0
91876,35/11-5,710.89999683,1,2,0
91877,35/11-5,711.05199683,1,2,0
91878,35/11-5,711.20399683,1,2,0
91879,35/11-5,711.35599683,1,2,0
91880,35/11-5,711.50799683,1,2,0
91881,35/11-5,711.65999683,1,2,0
91882,35/11-5,711.81199683,1,2,0
91883,35/11-5,711.96399683,1,2,0
91884,35/11-5,712.11599683,1,2,0
91885,35/11-5,712.26799683,1,2,0
91886,35/11-5,712.41999683,1,2,0
91887,35/11-5,712.57199683,1,2,0
91888,35/11-5,712.72399683,1,2,0
91889,35/11-5,712.87599683,1,2,0
91890,35/11-5,713.02799683,1,2,0
91891,35/11-5,713.17999683,1,2,0
91892,35/11-5,713.33199683,1,2,0
91893,35/11-5,713.48399683,1,2,0
91894,35/11-5,713.63599683,1,2,0
91895,35/11-5,713.78799683,1,2,0
91896,35/11-5,713.93999683,1,2,0
91897,35/11-5,714.09199683,1,2,0
91898,35/11-5,714.24399683,1,2,0
91899,35/11-5,714.39599683,1,2,0
91900,35/11-5,714.54799683,1,2,0
91901,35/11-5,714.69999683,1,2,0
91902,35/11-5,714.85199683,1,2,0
91903,35/11-5,715.00399683,1,2,0
91904,35/11-5,715.15599683,1,2,0
91905,35/11-5,715.30799683,1,2,0
91906,35/11-5,715.45999683,1,2,0
91907,35/11-5,715.61199683,1,2,0
91908,35/11-5,715.76399683,1,2,0
91909,35/11-5,715.91599683,1,2,0
91910,35/11-5,716.06799683,1,2,0
91911,35/11-5,716.21999683,1,2,0
91912,35/11-5,716.37199683,1,2,0
91913,35/11-5,716.52399683,1,0,0
91914,35/11-5,716.67599683,1,2,0
91915,35/11-5,716.82799683,1,2,0
91916,35/11-5,716.97999683,1,2,0
91917,35/11-5,717.13199683,1,2,0
91918,35/11-5,717.28399683,1,2,0
91919,35/11-5,717.43599683,1,2,0
91920,35/11-5,717.58799683,1,2,0
91921,35/11-5,717.73999683,1,2,0
91922,35/11-5,717.89199683,1,2,0
91923,35/11-5,718.04399683,1,2,0
91924,35/11-5,718.19599683,1,2,0
91925,35/11-5,718.34799683,1,2,0
91926,35/11-5,718.49999683,1,2,0
91927,35/11-5,718.65199683,1,2,0
91928,35/11-5,718.80399683,1,2,0
91929,35/11-5,718.95599683,1,2,0
91930,35/11-5,719.10799683,1,2,0
91931,35/11-5,719.25999683,1,2,0
91932,35/11-5,719.41199683,1,2,0
91933,35/11-5,719.56399683,1,2,0
91934,35/11-5,719.71599683,1,2,0
91935,35/11-5,719.86799683,1,2,0
91936,35/11-5,720.01999683,1,2,0
91937,35/11-5,720.17199683,1,2,0
91938,35/11-5,720.32399683,1,2,0
91939,35/11-5,720.47599683,1,2,0
91940,35/11-5,720.62799683,1,2,0
91941,35/11-5,720.77999683,1,2,0
91942,35/11-5,720.93199683,1,2,0
91943,35/11-5,721.08399683,1,2,0
91944,35/11-5,721.23599683,1,2,0
91945,35/11-5,721.38799683,1,2,0
91946,35/11-5,721.53999683,1,2,0
91947,35/11-5,721.69199683,1,2,0
91948,35/11-5,721.84399683,1,2,0
91949,35/11-5,721.99599683,1,0,0
91950,35/11-5,722.14799683,1,0,0
91951,35/11-5,722.29999683,1,2,0
91952,35/11-5,722.45199683,1,2,0
91953,35/11-5,722.60399683,1,2,0
91954,35/11-5,722.75599683,1,2,0
91955,35/11-5,722.90799683,1,2,0
91956,35/11-5,723.05999683,1,2,0
91957,35/11-5,723.21199683,1,2,0
91958,35/11-5,723.36399683,1,2,0
91959,35/11-5,723.51599683,1,2,0
91960,35/11-5,723.66799683,1,2,0
91961,35/11-5,723.81999683,1,2,0
91962,35/11-5,723.97199683,1,2,0
91963,35/11-5,724.12399683,1,2,0
91964,35/11-5,724.27599683,1,2,0
91965,35/11-5,724.42799683,1,2,0
91966,35/11-5,724.57999683,1,2,0
91967,35/11-5,724.73199683,1,2,0
91968,35/11-5,724.88399683,1,2,0
91969,35/11-5,725.03599683,1,2,0
91970,35/11-5,725.18799683,1,2,0
91971,35/11-5,725.33999683,1,2,0
91972,35/11-5,725.49199683,1,0,0
91973,35/11-5,725.64399683,1,0,0
91974,35/11-5,725.79599683,1,0,0
91975,35/11-5,725.94799683,1,0,0
91976,35/11-5,726.09999683,1,0,0
91977,35/11-5,726.25199683,1,2,0
91978,35/11-5,726.40399683,1,2,0
91979,35/11-5,726.55599683,1,2,0
91980,35/11-5,726.70799683,1,2,0
91981,35/11-5,726.85999683,1,2,0
91982,35/11-5,727.01199683,1,2,0
91983,35/11-5,727.16399683,1,2,0
91984,35/11-5,727.31599683,1,2,0
91985,35/11-5,727.46799683,1,2,0
91986,35/11-5,727.61999683,1,2,0
91987,35/11-5,727.77199683,1,2,0
91988,35/11-5,727.92399683,1,2,0
91989,35/11-5,728.07599683,1,2,0
91990,35/11-5,728.22799683,1,2,0
91991,35/11-5,728.37999683,1,2,0
91992,35/11-5,728.53199683,1,2,0
91993,35/11-5,728.68399683,1,0,0
91994,35/11-5,728.83599683,1,0,0
91995,35/11-5,728.98799683,1,0,0
91996,35/11-5,729.13999683,1,2,0
91997,35/11-5,729.29199683,1,2,0
91998,35/11-5,729.44399683,1,2,0
91999,35/11-5,729.59599683,1,2,0
92000,35/11-5,729.74799683,1,2,0
92001,35/11-5,729.89999683,1,2,0
92002,35/11-5,730.05199683,1,2,0
92003,35/11-5,730.20399683,1,2,0
92004,35/11-5,730.35599683,1,2,0
92005,35/11-5,730.50799683,1,2,0
92006,35/11-5,730.65999683,1,2,0
92007,35/11-5,730.81199683,1,2,0
92008,35/11-5,730.96399683,1,2,0
92009,35/11-5,731.11599683,1,2,0
92010,35/11-5,731.26799683,1,2,0
92011,35/11-5,731.41999683,1,2,0
92012,35/11-5,731.57199683,1,2,0
92013,35/11-5,731.72399683,1,2,0
92014,35/11-5,731.87599683,1,2,0
92015,35/11-5,732.02799683,1,2,0
92016,35/11-5,732.17999683,1,2,0
92017,35/11-5,732.33199683,1,2,0
92018,35/11-5,732.48399683,1,2,0
92019,35/11-5,732.63599683,1,2,0
92020,35/11-5,732.78799683,1,2,0
92021,35/11-5,732.93999683,1,2,0
92022,35/11-5,733.09199683,1,2,0
92023,35/11-5,733.24399683,1,2,0
92024,35/11-5,733.39599683,1,2,0
92025,35/11-5,733.54799683,1,2,0
92026,35/11-5,733.69999683,1,2,0
92027,35/11-5,733.85199683,1,2,0
92028,35/11-5,734.00399683,1,2,0
92029,35/11-5,734.15599683,1,2,0
92030,35/11-5,734.30799683,1,2,0
92031,35/11-5,734.45999683,1,2,0
92032,35/11-5,734.61199683,1,2,0
92033,35/11-5,734.76399683,1,2,0
92034,35/11-5,734.91599683,1,2,0
92035,35/11-5,735.06799683,1,2,0
92036,35/11-5,735.21999683,1,2,0
92037,35/11-5,735.37199683,1,2,0
92038,35/11-5,735.52399683,1,0,0
92039,35/11-5,735.67599683,1,0,0
92040,35/11-5,735.82799683,1,0,0
92041,35/11-5,735.97999683,1,0,0
92042,35/11-5,736.13199683,1,0,0
92043,35/11-5,736.28399683,1,0,0
92044,35/11-5,736.43599683,1,0,0
92045,35/11-5,736.58799683,1,0,0
92046,35/11-5,736.73999683,1,0,0
92047,35/11-5,736.89199683,1,0,0
92048,35/11-5,737.04399683,1,0,0
92049,35/11-5,737.19599683,1,0,0
92050,35/11-5,737.34799683,1,2,0
92051,35/11-5,737.49999683,1,2,0
92052,35/11-5,737.65199683,1,2,0
92053,35/11-5,737.80399683,1,2,0
92054,35/11-5,737.95599683,1,2,0
92055,35/11-5,738.10799683,1,2,0
92056,35/11-5,738.25999683,1,2,0
92057,35/11-5,738.41199683,1,0,0
92058,35/11-5,738.56399683,1,0,0
92059,35/11-5,738.71599683,1,0,0
92060,35/11-5,738.86799683,1,2,0
92061,35/11-5,739.01999683,1,2,0
92062,35/11-5,739.17199683,1,2,0
92063,35/11-5,739.32399683,1,2,0
92064,35/11-5,739.47599683,1,0,0
92065,35/11-5,739.62799683,1,0,0
92066,35/11-5,739.77999683,1,2,0
92067,35/11-5,739.93199683,1,2,0
92068,35/11-5,740.08399683,1,2,0
92069,35/11-5,740.23599683,1,2,0
92070,35/11-5,740.38799683,1,2,0
92071,35/11-5,740.53999683,1,2,0
92072,35/11-5,740.69199683,1,2,0
92073,35/11-5,740.84399683,1,2,0
92074,35/11-5,740.99599683,1,0,0
92075,35/11-5,741.14799683,1,0,0
92076,35/11-5,741.29999683,1,0,0
92077,35/11-5,741.45199683,1,0,0
92078,35/11-5,741.60399683,1,0,0
92079,35/11-5,741.75599683,1,0,0
92080,35/11-5,741.90799683,1,0,0
92081,35/11-5,742.05999683,1,0,0
92082,35/11-5,742.21199683,1,0,0
92083,35/11-5,742.36399683,1,0,0
92084,35/11-5,742.51599683,1,0,0
92085,35/11-5,742.66799683,1,0,0
92086,35/11-5,742.81999683,1,0,0
92087,35/11-5,742.97199683,1,2,0
92088,35/11-5,743.12399683,1,2,0
92089,35/11-5,743.27599683,1,2,0
92090,35/11-5,743.42799683,1,2,0
92091,35/11-5,743.57999683,1,2,0
92092,35/11-5,743.73199683,1,0,0
92093,35/11-5,743.88399683,1,0,0
92094,35/11-5,744.03599683,1,0,0
92095,35/11-5,744.18799683,1,0,0
92096,35/11-5,744.33999683,1,2,0
92097,35/11-5,744.49199683,1,2,0
92098,35/11-5,744.64399683,1,2,0
92099,35/11-5,744.79599683,1,2,0
92100,35/11-5,744.94799683,1,2,0
92101,35/11-5,745.09999683,1,2,0
92102,35/11-5,745.25199683,1,2,0
92103,35/11-5,745.40399683,1,2,0
92104,35/11-5,745.55599683,1,2,0
92105,35/11-5,745.70799683,1,2,0
92106,35/11-5,745.85999683,1,0,0
92107,35/11-5,746.01199683,1,2,0
92108,35/11-5,746.16399683,1,2,0
92109,35/11-5,746.31599683,1,2,0
92110,35/11-5,746.46799683,1,2,0
92111,35/11-5,746.61999683,1,2,0
92112,35/11-5,746.77199683,1,2,0
92113,35/11-5,746.92399683,1,2,0
92114,35/11-5,747.07599683,1,0,0
92115,35/11-5,747.22799683,1,0,0
92116,35/11-5,747.37999683,1,0,0
92117,35/11-5,747.53199683,1,0,0
92118,35/11-5,747.68399683,1,0,0
92119,35/11-5,747.83599683,1,2,0
92120,35/11-5,747.98799683,1,2,0
92121,35/11-5,748.13999683,1,2,0
92122,35/11-5,748.29199683,1,2,0
92123,35/11-5,748.44399683,1,2,0
92124,35/11-5,748.59599683,1,2,0
92125,35/11-5,748.74799683,1,2,0
92126,35/11-5,748.89999683,1,2,0
92127,35/11-5,749.05199683,1,2,0
92128,35/11-5,749.20399683,1,2,0
92129,35/11-5,749.35599683,1,2,0
92130,35/11-5,749.50799683,1,2,0
92131,35/11-5,749.65999683,1,2,0
92132,35/11-5,749.81199683,1,2,0
92133,35/11-5,749.96399683,1,2,0
92134,35/11-5,750.11599683,1,2,0
92135,35/11-5,750.26799683,1,2,0
92136,35/11-5,750.41999683,1,2,0
92137,35/11-5,750.57199683,1,2,0
92138,35/11-5,750.72399683,1,2,0
92139,35/11-5,750.87599683,1,2,0
92140,35/11-5,751.02799683,1,2,0
92141,35/11-5,751.17999683,1,2,0
92142,35/11-5,751.33199683,1,2,0
92143,35/11-5,751.48399683,1,2,0
92144,35/11-5,751.63599683,1,2,0
92145,35/11-5,751.78799683,1,2,0
92146,35/11-5,751.93999683,1,2,0
92147,35/11-5,752.09199683,1,2,0
92148,35/11-5,752.24399683,1,2,0
92149,35/11-5,752.39599683,1,2,0
92150,35/11-5,752.54799683,1,2,0
92151,35/11-5,752.69999683,1,2,0
92152,35/11-5,752.85199683,1,2,0
92153,35/11-5,753.00399683,1,2,0
92154,35/11-5,753.15599683,1,2,0
92155,35/11-5,753.30799683,1,2,0
92156,35/11-5,753.45999683,1,0,0
92157,35/11-5,753.61199683,1,0,0
92158,35/11-5,753.76399683,1,0,0
92159,35/11-5,753.91599683,1,2,0
92160,35/11-5,754.06799683,1,2,0
92161,35/11-5,754.21999683,1,2,0
92162,35/11-5,754.37199683,1,2,0
92163,35/11-5,754.52399683,1,2,0
92164,35/11-5,754.67599683,1,2,0
92165,35/11-5,754.82799683,1,2,0
92166,35/11-5,754.97999683,1,2,0
92167,35/11-5,755.13199683,1,2,0
92168,35/11-5,755.28399683,1,2,0
92169,35/11-5,755.43599683,1,2,0
92170,35/11-5,755.58799683,1,0,0
92171,35/11-5,755.73999683,1,0,0
92172,35/11-5,755.89199683,1,0,0
92173,35/11-5,756.04399683,1,2,0
92174,35/11-5,756.19599683,1,2,0
92175,35/11-5,756.34799683,1,2,0
92176,35/11-5,756.49999683,1,2,0
92177,35/11-5,756.65199683,1,2,0
92178,35/11-5,756.80399683,1,2,0
92179,35/11-5,756.95599683,1,2,0
92180,35/11-5,757.10799683,1,2,0
92181,35/11-5,757.25999683,1,2,0
92182,35/11-5,757.41199683,1,2,0
92183,35/11-5,757.56399683,1,2,0
92184,35/11-5,757.71599683,1,2,0
92185,35/11-5,757.86799683,1,2,0
92186,35/11-5,758.01999683,1,2,0
92187,35/11-5,758.17199683,1,2,0
92188,35/11-5,758.32399683,1,2,0
92189,35/11-5,758.47599683,1,2,0
92190,35/11-5,758.62799683,1,2,0
92191,35/11-5,758.77999683,1,2,0
92192,35/11-5,758.93199683,1,2,0
92193,35/11-5,759.08399683,1,2,0
92194,35/11-5,759.23599683,1,2,0
92195,35/11-5,759.38799683,1,2,0
92196,35/11-5,759.53999683,1,2,0
92197,35/11-5,759.69199683,1,2,0
92198,35/11-5,759.84399683,1,2,0
92199,35/11-5,759.99599683,1,2,0
92200,35/11-5,760.14799683,1,2,0
92201,35/11-5,760.29999683,1,2,0
92202,35/11-5,760.45199683,1,2,0
92203,35/11-5,760.60399683,1,2,0
92204,35/11-5,760.75599683,1,2,0
92205,35/11-5,760.90799683,1,2,0
92206,35/11-5,761.05999683,1,2,0
92207,35/11-5,761.21199683,1,2,0
92208,35/11-5,761.36399683,1,2,0
92209,35/11-5,761.51599683,1,2,0
92210,35/11-5,761.66799683,1,2,0
92211,35/11-5,761.81999683,1,2,0
92212,35/11-5,761.97199683,1,2,0
92213,35/11-5,762.12399683,1,2,0
92214,35/11-5,762.27599683,1,2,0
92215,35/11-5,762.42799683,1,2,0
92216,35/11-5,762.57999683,1,2,0
92217,35/11-5,762.73199683,1,2,0
92218,35/11-5,762.88399683,1,2,0
92219,35/11-5,763.03599683,1,2,0
92220,35/11-5,763.18799683,1,2,0
92221,35/11-5,763.33999683,1,2,0
92222,35/11-5,763.49199683,1,2,0
92223,35/11-5,763.64399683,1,2,0
92224,35/11-5,763.79599683,1,2,0
92225,35/11-5,763.94799683,1,2,0
92226,35/11-5,764.09999683,1,2,0
92227,35/11-5,764.25199683,1,2,0
92228,35/11-5,764.40399683,1,2,0
92229,35/11-5,764.55599683,1,2,0
92230,35/11-5,764.70799683,1,2,0
92231,35/11-5,764.85999683,1,2,0
92232,35/11-5,765.01199683,1,2,0
92233,35/11-5,765.16399683,1,2,0
92234,35/11-5,765.31599683,1,2,0
92235,35/11-5,765.46799683,1,2,0
92236,35/11-5,765.61999683,1,2,0
92237,35/11-5,765.77199683,1,2,0
92238,35/11-5,765.92399683,1,2,0
92239,35/11-5,766.07599683,1,2,0
92240,35/11-5,766.22799683,1,2,0
92241,35/11-5,766.37999683,1,2,0
92242,35/11-5,766.53199683,1,2,0
92243,35/11-5,766.68399683,1,2,0
92244,35/11-5,766.83599683,1,2,0
92245,35/11-5,766.98799683,1,2,0
92246,35/11-5,767.13999683,1,2,0
92247,35/11-5,767.29199683,1,2,0
92248,35/11-5,767.44399683,1,2,0
92249,35/11-5,767.59599683,1,2,0
92250,35/11-5,767.74799683,1,2,0
92251,35/11-5,767.89999683,1,2,0
92252,35/11-5,768.05199683,1,2,0
92253,35/11-5,768.20399683,1,2,0
92254,35/11-5,768.35599683,1,2,0
92255,35/11-5,768.50799683,1,2,0
92256,35/11-5,768.65999683,1,2,0
92257,35/11-5,768.81199683,1,2,0
92258,35/11-5,768.96399683,1,2,0
92259,35/11-5,769.11599683,1,2,0
92260,35/11-5,769.26799683,1,2,0
92261,35/11-5,769.41999683,1,2,0
92262,35/11-5,769.57199683,1,2,0
92263,35/11-5,769.72399683,1,2,0
92264,35/11-5,769.87599683,1,0,0
92265,35/11-5,770.02799683,1,0,0
92266,35/11-5,770.17999683,1,0,0
92267,35/11-5,770.33199683,1,0,0
92268,35/11-5,770.48399683,1,0,0
92269,35/11-5,770.63599683,1,0,0
92270,35/11-5,770.78799683,1,0,0
92271,35/11-5,770.93999683,0,0,1
92272,35/11-5,771.09199683,0,0,1
92273,35/11-5,771.24399683,0,0,1
92274,35/11-5,771.39599683,0,0,1
92275,35/11-5,771.54799683,0,0,1
92276,35/11-5,771.69999683,0,0,1
92277,35/11-5,771.85199683,0,0,1
92278,35/11-5,772.00399683,0,0,1
92279,35/11-5,772.15599683,0,0,1
92280,35/11-5,772.30799683,0,0,1
92281,35/11-5,772.45999683,0,0,1
92282,35/11-5,772.61199683,0,0,1
92283,35/11-5,772.76399683,0,0,1
92284,35/11-5,772.91599683,0,0,1
92285,35/11-5,773.06799683,0,0,1
92286,35/11-5,773.21999683,0,0,1
92287,35/11-5,773.37199683,0,0,1
92288,35/11-5,773.52399683,0,0,1
92289,35/11-5,773.67599683,0,0,1
92290,35/11-5,773.82799683,0,0,1
92291,35/11-5,773.97999683,0,0,1
92292,35/11-5,774.13199683,0,0,1
92293,35/11-5,774.28399683,0,0,1
92294,35/11-5,774.43599683,0,0,1
92295,35/11-5,774.58799683,0,0,1
92296,35/11-5,774.73999683,0,0,1
92297,35/11-5,774.89199683,0,0,1
92298,35/11-5,775.04399683,0,0,1
92299,35/11-5,775.19599683,0,0,1
92300,35/11-5,775.34799683,0,0,1
92301,35/11-5,775.49999683,0,0,1
92302,35/11-5,775.65199683,0,0,1
92303,35/11-5,775.80399683,0,0,1
92304,35/11-5,775.95599683,0,0,1
92305,35/11-5,776.10799683,0,0,1
92306,35/11-5,776.25999683,0,0,1
92307,35/11-5,776.41199683,0,0,1
92308,35/11-5,776.56399683,0,0,1
92309,35/11-5,776.71599683,0,0,1
92310,35/11-5,776.86799683,0,0,1
92311,35/11-5,777.01999683,0,0,1
92312,35/11-5,777.17199683,0,0,1
92313,35/11-5,777.32399683,0,0,1
92314,35/11-5,777.47599683,0,0,1
92315,35/11-5,777.62799683,0,0,1
92316,35/11-5,777.77999683,0,0,1
92317,35/11-5,777.93199683,0,0,1
92318,35/11-5,778.08399683,0,0,1
92319,35/11-5,778.23599683,0,0,1
92320,35/11-5,778.38799683,0,0,1
92321,35/11-5,778.53999683,0,0,1
92322,35/11-5,778.69199683,0,0,1
92323,35/11-5,778.84399683,0,0,1
92324,35/11-5,778.99599683,0,0,1
92325,35/11-5,779.14799683,0,0,1
92326,35/11-5,779.29999683,0,0,1
92327,35/11-5,779.45199683,0,0,1
92328,35/11-5,779.60399683,0,0,1
92329,35/11-5,779.75599683,0,0,1
92330,35/11-5,779.90799683,0,0,1
92331,35/11-5,780.05999683,0,0,1
92332,35/11-5,780.21199683,0,0,1
92333,35/11-5,780.36399683,0,0,1
92334,35/11-5,780.51599683,0,0,1
92335,35/11-5,780.66799683,0,0,1
92336,35/11-5,780.81999683,0,0,1
92337,35/11-5,780.97199683,0,0,1
92338,35/11-5,781.12399683,0,0,1
92339,35/11-5,781.27599683,0,0,1
92340,35/11-5,781.42799683,0,0,1
92341,35/11-5,781.57999683,0,0,1
92342,35/11-5,781.73199683,0,0,1
92343,35/11-5,781.88399683,0,0,1
92344,35/11-5,782.03599683,0,0,1
92345,35/11-5,782.18799683,0,0,1
92346,35/11-5,782.33999683,0,0,1
92347,35/11-5,782.49199683,0,0,1
92348,35/11-5,782.64399683,0,0,1
92349,35/11-5,782.79599683,0,0,1
92350,35/11-5,782.94799683,0,0,1
92351,35/11-5,783.09999683,0,0,1
92352,35/11-5,783.25199683,0,0,1
92353,35/11-5,783.40399683,0,0,1
92354,35/11-5,783.55599683,0,0,1
92355,35/11-5,783.70799683,0,0,1
92356,35/11-5,783.85999683,0,0,1
92357,35/11-5,784.01199683,0,0,1
92358,35/11-5,784.16399683,0,0,1
92359,35/11-5,784.31599683,0,0,1
92360,35/11-5,784.46799683,0,0,1
92361,35/11-5,784.61999683,0,0,1
92362,35/11-5,784.77199683,0,0,1
92363,35/11-5,784.92399683,0,0,1
92364,35/11-5,785.07599683,0,0,1
92365,35/11-5,785.22799683,0,0,1
92366,35/11-5,785.37999683,0,0,1
92367,35/11-5,785.53199683,0,0,1
92368,35/11-5,785.68399683,0,0,1
92369,35/11-5,785.83599683,0,0,1
92370,35/11-5,785.98799683,0,0,1
92371,35/11-5,786.13999683,0,0,1
92372,35/11-5,786.29199683,0,0,1
92373,35/11-5,786.44399683,0,0,1
92374,35/11-5,786.59599683,0,0,1
92375,35/11-5,786.74799683,0,0,1
92376,35/11-5,786.89999683,0,0,1
92377,35/11-5,787.05199683,0,0,1
92378,35/11-5,787.20399683,0,0,1
92379,35/11-5,787.35599683,0,0,1
92380,35/11-5,787.50799683,0,0,1
92381,35/11-5,787.65999683,0,0,1
92382,35/11-5,787.81199683,0,0,1
92383,35/11-5,787.96399683,0,0,1
92384,35/11-5,788.11599683,0,0,1
92385,35/11-5,788.26799683,0,0,1
92386,35/11-5,788.41999683,0,0,1
92387,35/11-5,788.57199683,0,0,1
92388,35/11-5,788.72399683,0,0,1
92389,35/11-5,788.87599683,0,0,1
92390,35/11-5,789.02799683,0,2,0
92391,35/11-5,789.17999683,0,2,0
92392,35/11-5,789.33199683,0,2,0
92393,35/11-5,789.48399683,0,2,0
92394,35/11-5,789.63599683,0,0,1
92395,35/11-5,789.78799683,0,0,1
92396,35/11-5,789.93999683,0,0,1
92397,35/11-5,790.09199683,0,0,1
92398,35/11-5,790.24399683,0,0,1
92399,35/11-5,790.39599683,0,0,1
92400,35/11-5,790.54799683,0,0,1
92401,35/11-5,790.69999683,0,0,1
92402,35/11-5,790.85199683,0,0,1
92403,35/11-5,791.00399683,0,0,1
92404,35/11-5,791.15599683,0,0,1
92405,35/11-5,791.30799683,0,0,1
92406,35/11-5,791.45999683,0,0,1
92407,35/11-5,791.61199683,0,0,1
92408,35/11-5,791.76399683,0,0,1
92409,35/11-5,791.91599683,0,0,1
92410,35/11-5,792.06799683,0,0,1
92411,35/11-5,792.21999683,0,0,1
92412,35/11-5,792.37199683,0,0,1
92413,35/11-5,792.52399683,0,0,1
92414,35/11-5,792.67599683,0,0,1
92415,35/11-5,792.82799683,0,0,1
92416,35/11-5,792.97999683,0,0,1
92417,35/11-5,793.13199683,0,0,1
92418,35/11-5,793.28399683,0,0,1
92419,35/11-5,793.43599683,0,0,1
92420,35/11-5,793.58799683,0,0,1
92421,35/11-5,793.73999683,0,0,1
92422,35/11-5,793.89199683,0,0,1
92423,35/11-5,794.04399683,0,0,1
92424,35/11-5,794.19599683,0,0,1
92425,35/11-5,794.34799683,0,0,1
92426,35/11-5,794.49999683,0,0,1
92427,35/11-5,794.65199683,0,0,1
92428,35/11-5,794.80399683,0,0,1
92429,35/11-5,794.95599683,0,0,1
92430,35/11-5,795.10799683,0,0,1
92431,35/11-5,795.25999683,0,0,1
92432,35/11-5,795.41199683,0,0,1
92433,35/11-5,795.56399683,0,0,1
92434,35/11-5,795.71599683,0,0,1
92435,35/11-5,795.86799683,0,0,1
92436,35/11-5,796.01999683,0,0,1
92437,35/11-5,796.17199683,0,0,1
92438,35/11-5,796.32399683,0,0,1
92439,35/11-5,796.47599683,0,0,1
92440,35/11-5,796.62799683,0,0,1
92441,35/11-5,796.77999683,0,0,1
92442,35/11-5,796.93199683,0,0,1
92443,35/11-5,797.08399683,0,0,1
92444,35/11-5,797.23599683,0,0,1
92445,35/11-5,797.38799683,0,0,1
92446,35/11-5,797.53999683,0,0,1
92447,35/11-5,797.69199683,0,0,1
92448,35/11-5,797.84399683,0,0,1
92449,35/11-5,797.99599683,0,0,1
92450,35/11-5,798.14799683,0,0,1
92451,35/11-5,798.29999683,0,0,1
92452,35/11-5,798.45199683,0,0,1
92453,35/11-5,798.60399683,0,0,1
92454,35/11-5,798.75599683,0,0,1
92455,35/11-5,798.90799683,0,0,1
92456,35/11-5,799.05999683,0,0,1
92457,35/11-5,799.21199683,0,0,1
92458,35/11-5,799.36399683,0,0,1
92459,35/11-5,799.51599683,0,0,1
92460,35/11-5,799.66799683,0,0,1
92461,35/11-5,799.81999683,0,0,1
92462,35/11-5,799.97199683,0,0,1
92463,35/11-5,800.12399683,0,0,1
92464,35/11-5,800.27599683,0,0,1
92465,35/11-5,800.42799683,0,0,1
92466,35/11-5,800.57999683,0,0,1
92467,35/11-5,800.73199683,0,0,1
92468,35/11-5,800.88399683,0,0,1
92469,35/11-5,801.03599683,0,0,1
92470,35/11-5,801.18799683,0,0,1
92471,35/11-5,801.33999683,0,0,1
92472,35/11-5,801.49199683,0,0,1
92473,35/11-5,801.64399683,0,0,1
92474,35/11-5,801.79599683,0,0,1
92475,35/11-5,801.94799683,0,0,1
92476,35/11-5,802.09999683,0,0,1
92477,35/11-5,802.25199683,0,0,1
92478,35/11-5,802.40399683,0,0,1
92479,35/11-5,802.55599683,0,0,1
92480,35/11-5,802.70799683,0,0,1
92481,35/11-5,802.85999683,0,0,1
92482,35/11-5,803.01199683,0,0,1
92483,35/11-5,803.16399683,0,0,1
92484,35/11-5,803.31599683,0,0,1
92485,35/11-5,803.46799683,0,0,1
92486,35/11-5,803.61999683,0,0,1
92487,35/11-5,803.77199683,0,0,1
92488,35/11-5,803.92399683,0,0,1
92489,35/11-5,804.07599683,0,0,1
92490,35/11-5,804.22799683,0,0,1
92491,35/11-5,804.37999683,0,0,1
92492,35/11-5,804.53199683,0,0,1
92493,35/11-5,804.68399683,0,0,1
92494,35/11-5,804.83599683,0,0,1
92495,35/11-5,804.98799683,0,0,1
92496,35/11-5,805.13999683,0,0,1
92497,35/11-5,805.29199683,0,0,1
92498,35/11-5,805.44399683,0,0,1
92499,35/11-5,805.59599683,0,0,1
92500,35/11-5,805.74799683,0,0,1
92501,35/11-5,805.89999683,0,0,1
92502,35/11-5,806.05199683,0,0,1
92503,35/11-5,806.20399683,0,0,1
92504,35/11-5,806.35599683,0,0,1
92505,35/11-5,806.50799683,0,0,1
92506,35/11-5,806.65999683,0,0,1
92507,35/11-5,806.81199683,0,0,1
92508,35/11-5,806.96399683,0,0,1
92509,35/11-5,807.11599683,0,0,1
92510,35/11-5,807.26799683,0,0,1
92511,35/11-5,807.41999683,0,0,1
92512,35/11-5,807.57199683,0,0,1
92513,35/11-5,807.72399683,0,0,1
92514,35/11-5,807.87599683,0,0,1
92515,35/11-5,808.02799683,0,0,1
92516,35/11-5,808.17999683,0,0,1
92517,35/11-5,808.33199683,0,0,1
92518,35/11-5,808.48399683,0,0,1
92519,35/11-5,808.63599683,0,0,1
92520,35/11-5,808.78799683,0,0,1
92521,35/11-5,808.93999683,0,0,1
92522,35/11-5,809.09199683,0,0,1
92523,35/11-5,809.24399683,0,0,1
92524,35/11-5,809.39599683,0,0,1
92525,35/11-5,809.54799683,0,0,1
92526,35/11-5,809.69999683,0,0,1
92527,35/11-5,809.85199683,0,0,1
92528,35/11-5,810.00399683,0,0,1
92529,35/11-5,810.15599683,0,0,1
92530,35/11-5,810.30799683,0,0,1
92531,35/11-5,810.45999683,0,0,1
92532,35/11-5,810.61199683,0,0,1
92533,35/11-5,810.76399683,0,0,1
92534,35/11-5,810.91599683,0,0,1
92535,35/11-5,811.06799683,0,0,1
92536,35/11-5,811.21999683,0,0,1
92537,35/11-5,811.37199683,0,0,1
92538,35/11-5,811.52399683,0,0,1
92539,35/11-5,811.67599683,0,0,1
92540,35/11-5,811.82799683,0,0,1
92541,35/11-5,811.97999683,0,0,1
92542,35/11-5,812.13199683,0,0,1
92543,35/11-5,812.28399683,0,0,1
92544,35/11-5,812.43599683,0,0,1
92545,35/11-5,812.58799683,0,0,1
92546,35/11-5,812.73999683,0,0,1
92547,35/11-5,812.89199683,0,0,1
92548,35/11-5,813.04399683,0,0,1
92549,35/11-5,813.19599683,0,0,1
92550,35/11-5,813.34799683,0,0,1
92551,35/11-5,813.49999683,0,0,1
92552,35/11-5,813.65199683,0,0,1
92553,35/11-5,813.80399683,0,0,1
92554,35/11-5,813.95599683,0,0,1
92555,35/11-5,814.10799683,0,0,1
92556,35/11-5,814.25999683,0,0,1
92557,35/11-5,814.41199683,0,0,1
92558,35/11-5,814.56399683,0,0,1
92559,35/11-5,814.71599683,0,0,1
92560,35/11-5,814.86799683,0,0,1
92561,35/11-5,815.01999683,0,0,1
92562,35/11-5,815.17199683,0,0,1
92563,35/11-5,815.32399683,0,0,1
92564,35/11-5,815.47599683,0,0,1
92565,35/11-5,815.62799683,0,0,1
92566,35/11-5,815.77999683,0,0,1
92567,35/11-5,815.93199683,0,0,1
92568,35/11-5,816.08399683,0,0,1
92569,35/11-5,816.23599683,0,0,1
92570,35/11-5,816.38799683,0,0,1
92571,35/11-5,816.53999683,0,0,1
92572,35/11-5,816.69199683,0,0,1
92573,35/11-5,816.84399683,0,0,1
92574,35/11-5,816.99599683,0,0,1
92575,35/11-5,817.14799683,0,0,1
92576,35/11-5,817.29999683,0,0,1
92577,35/11-5,817.45199683,0,0,1
92578,35/11-5,817.60399683,0,0,1
92579,35/11-5,817.75599683,0,0,1
92580,35/11-5,817.90799683,0,0,1
92581,35/11-5,818.05999683,0,0,1
92582,35/11-5,818.21199683,0,0,1
92583,35/11-5,818.36399683,0,0,1
92584,35/11-5,818.51599683,0,0,1
92585,35/11-5,818.66799683,0,0,1
92586,35/11-5,818.81999683,0,0,1
92587,35/11-5,818.97199683,0,0,1
92588,35/11-5,819.12399683,0,0,1
92589,35/11-5,819.27599683,0,0,1
92590,35/11-5,819.42799683,0,0,1
92591,35/11-5,819.57999683,0,0,1
92592,35/11-5,819.73199683,0,0,1
92593,35/11-5,819.88399683,0,0,1
92594,35/11-5,820.03599683,0,0,1
92595,35/11-5,820.18799683,0,0,1
92596,35/11-5,820.33999683,0,0,1
92597,35/11-5,820.49199683,0,0,1
92598,35/11-5,820.64399683,0,0,1
92599,35/11-5,820.79599683,0,0,1
92600,35/11-5,820.94799683,0,0,1
92601,35/11-5,821.09999683,0,0,1
92602,35/11-5,821.25199683,0,0,1
92603,35/11-5,821.40399683,0,0,1
92604,35/11-5,821.55599683,0,0,1
92605,35/11-5,821.70799683,0,0,1
92606,35/11-5,821.85999683,0,0,1
92607,35/11-5,822.01199683,0,0,1
92608,35/11-5,822.16399683,0,0,1
92609,35/11-5,822.31599683,0,0,1
92610,35/11-5,822.46799683,0,0,1
92611,35/11-5,822.61999683,0,0,1
92612,35/11-5,822.77199683,0,0,1
92613,35/11-5,822.92399683,0,2,0
92614,35/11-5,823.07599683,0,2,0
92615,35/11-5,823.22799683,0,2,0
92616,35/11-5,823.37999683,0,2,0
92617,35/11-5,823.53199683,0,2,0
92618,35/11-5,823.68399683,0,2,0
92619,35/11-5,823.83599683,0,0,1
92620,35/11-5,823.98799683,0,2,0
92621,35/11-5,824.13999683,0,2,0
92622,35/11-5,824.29199683,0,2,0
92623,35/11-5,824.44399683,0,2,0
92624,35/11-5,824.59599683,0,2,0
92625,35/11-5,824.74799683,0,2,0
92626,35/11-5,824.89999683,0,2,0
92627,35/11-5,825.05199683,0,2,0
92628,35/11-5,825.20399683,0,2,0
92629,35/11-5,825.35599683,0,0,1
92630,35/11-5,825.50799683,0,0,1
92631,35/11-5,825.65999683,0,0,1
92632,35/11-5,825.81199683,0,0,1
92633,35/11-5,825.96399683,0,0,1
92634,35/11-5,826.11599683,0,0,1
92635,35/11-5,826.26799683,0,0,1
92636,35/11-5,826.41999683,0,0,1
92637,35/11-5,826.57199683,0,0,1
92638,35/11-5,826.72399683,0,0,1
92639,35/11-5,826.87599683,0,0,1
92640,35/11-5,827.02799683,0,0,1
92641,35/11-5,827.17999683,0,0,1
92642,35/11-5,827.33199683,0,0,1
92643,35/11-5,827.48399683,0,0,1
92644,35/11-5,827.63599683,0,0,1
92645,35/11-5,827.78799683,0,0,1
92646,35/11-5,827.93999683,0,0,1
92647,35/11-5,828.09199683,0,0,1
92648,35/11-5,828.24399683,0,0,1
92649,35/11-5,828.39599683,0,0,1
92650,35/11-5,828.54799683,0,0,1
92651,35/11-5,828.69999683,0,0,1
92652,35/11-5,828.85199683,0,0,1
92653,35/11-5,829.00399683,0,0,1
92654,35/11-5,829.15599683,0,0,1
92655,35/11-5,829.30799683,0,0,1
92656,35/11-5,829.45999683,0,0,1
92657,35/11-5,829.61199683,0,0,1
92658,35/11-5,829.76399683,0,0,1
92659,35/11-5,829.91599683,0,0,1
92660,35/11-5,830.06799683,0,0,1
92661,35/11-5,830.21999683,0,0,1
92662,35/11-5,830.37199683,0,0,1
92663,35/11-5,830.52399683,0,0,1
92664,35/11-5,830.67599683,0,0,1
92665,35/11-5,830.82799683,0,0,1
92666,35/11-5,830.97999683,0,0,1
92667,35/11-5,831.13199683,0,0,1
92668,35/11-5,831.28399683,0,0,1
92669,35/11-5,831.43599683,0,0,1
92670,35/11-5,831.58799683,0,0,1
92671,35/11-5,831.73999683,0,0,1
92672,35/11-5,831.89199683,0,0,1
92673,35/11-5,832.04399683,0,0,1
92674,35/11-5,832.19599683,0,0,1
92675,35/11-5,832.34799683,0,0,1
92676,35/11-5,832.49999683,0,0,1
92677,35/11-5,832.65199683,0,0,1
92678,35/11-5,832.80399683,0,0,1
92679,35/11-5,832.95599683,0,0,1
92680,35/11-5,833.10799683,0,0,1
92681,35/11-5,833.25999683,0,0,1
92682,35/11-5,833.41199683,0,0,1
92683,35/11-5,833.56399683,0,0,1
92684,35/11-5,833.71599683,0,0,1
92685,35/11-5,833.86799683,0,0,1
92686,35/11-5,834.01999683,0,0,1
92687,35/11-5,834.17199683,0,0,1
92688,35/11-5,834.32399683,0,0,1
92689,35/11-5,834.47599683,0,0,1
92690,35/11-5,834.62799683,0,0,1
92691,35/11-5,834.77999683,0,0,1
92692,35/11-5,834.93199683,0,0,1
92693,35/11-5,835.08399683,0,0,1
92694,35/11-5,835.23599683,0,0,1
92695,35/11-5,835.38799683,0,0,1
92696,35/11-5,835.53999683,0,0,1
92697,35/11-5,835.69199683,0,0,1
92698,35/11-5,835.84399683,0,0,1
92699,35/11-5,835.99599683,0,0,1
92700,35/11-5,836.14799683,0,0,1
92701,35/11-5,836.29999683,0,0,1
92702,35/11-5,836.45199683,0,0,1
92703,35/11-5,836.60399683,0,0,1
92704,35/11-5,836.75599683,0,0,1
92705,35/11-5,836.90799683,0,0,1
92706,35/11-5,837.05999683,0,0,1
92707,35/11-5,837.21199683,0,0,1
92708,35/11-5,837.36399683,0,0,1
92709,35/11-5,837.51599683,0,0,1
92710,35/11-5,837.66799683,0,0,1
92711,35/11-5,837.81999683,0,0,1
92712,35/11-5,837.97199683,0,0,1
92713,35/11-5,838.12399683,0,0,1
92714,35/11-5,838.27599683,0,0,1
92715,35/11-5,838.42799683,0,0,1
92716,35/11-5,838.57999683,0,0,1
92717,35/11-5,838.73199683,0,0,1
92718,35/11-5,838.88399683,0,0,1
92719,35/11-5,839.03599683,0,0,1
92720,35/11-5,839.18799683,0,0,1
92721,35/11-5,839.33999683,0,0,1
92722,35/11-5,839.49199683,0,0,1
92723,35/11-5,839.64399683,0,0,1
92724,35/11-5,839.79599683,0,0,1
92725,35/11-5,839.94799683,0,0,1
92726,35/11-5,840.09999683,0,0,1
92727,35/11-5,840.25199683,0,0,1
92728,35/11-5,840.40399683,0,0,1
92729,35/11-5,840.55599683,0,0,1
92730,35/11-5,840.70799683,0,0,1
92731,35/11-5,840.85999683,0,0,1
92732,35/11-5,841.01199683,0,0,1
92733,35/11-5,841.16399683,0,0,1
92734,35/11-5,841.31599683,0,0,1
92735,35/11-5,841.46799683,0,0,1
92736,35/11-5,841.61999683,0,0,1
92737,35/11-5,841.77199683,0,0,1
92738,35/11-5,841.92399683,0,0,1
92739,35/11-5,842.07599683,0,0,1
92740,35/11-5,842.22799683,0,0,1
92741,35/11-5,842.37999683,0,0,1
92742,35/11-5,842.53199683,0,0,1
92743,35/11-5,842.68399683,0,0,1
92744,35/11-5,842.83599683,0,0,1
92745,35/11-5,842.98799683,0,0,1
92746,35/11-5,843.13999683,0,0,1
92747,35/11-5,843.29199683,0,0,1
92748,35/11-5,843.44399683,0,0,1
92749,35/11-5,843.59599683,0,0,1
92750,35/11-5,843.74799683,0,0,1
92751,35/11-5,843.89999683,0,0,1
92752,35/11-5,844.05199683,0,0,1
92753,35/11-5,844.20399683,0,0,1
92754,35/11-5,844.35599683,0,0,1
92755,35/11-5,844.50799683,0,0,1
92756,35/11-5,844.65999683,0,0,1
92757,35/11-5,844.81199683,0,0,1
92758,35/11-5,844.96399683,0,0,1
92759,35/11-5,845.11599683,0,0,1
92760,35/11-5,845.26799683,0,0,1
92761,35/11-5,845.41999683,1,0,0
92762,35/11-5,845.57199683,1,0,0
92763,35/11-5,845.72399683,1,0,0
92764,35/11-5,845.87599683,1,2,0
92765,35/11-5,846.02799683,1,2,0
92766,35/11-5,846.17999683,1,2,0
92767,35/11-5,846.33199683,1,2,0
92768,35/11-5,846.48399683,1,2,0
92769,35/11-5,846.63599683,1,2,0
92770,35/11-5,846.78799683,1,2,0
92771,35/11-5,846.93999683,1,2,0
92772,35/11-5,847.09199683,1,2,0
92773,35/11-5,847.24399683,1,2,0
92774,35/11-5,847.39599683,1,2,0
92775,35/11-5,847.54799683,1,2,0
92776,35/11-5,847.69999683,1,2,0
92777,35/11-5,847.85199683,1,2,0
92778,35/11-5,848.00399683,1,2,0
92779,35/11-5,848.15599683,1,2,0
92780,35/11-5,848.30799683,1,2,0
92781,35/11-5,848.45999683,1,2,0
92782,35/11-5,848.61199683,1,2,0
92783,35/11-5,848.76399683,1,2,0
92784,35/11-5,848.91599683,1,2,0
92785,35/11-5,849.06799683,1,2,0
92786,35/11-5,849.21999683,1,0,0
92787,35/11-5,849.37199683,1,0,0
92788,35/11-5,849.52399683,1,0,0
92789,35/11-5,849.67599683,1,0,0
92790,35/11-5,849.82799683,1,0,0
92791,35/11-5,849.97999683,1,0,0
92792,35/11-5,850.13199683,1,0,0
92793,35/11-5,850.28399683,1,0,0
92794,35/11-5,850.43599683,1,0,0
92795,35/11-5,850.58799683,1,2,0
92796,35/11-5,850.73999683,1,2,0
92797,35/11-5,850.89199683,1,2,0
92798,35/11-5,851.04399683,1,2,0
92799,35/11-5,851.19599683,1,2,0
92800,35/11-5,851.34799683,1,2,0
92801,35/11-5,851.49999683,1,2,0
92802,35/11-5,851.65199683,1,2,0
92803,35/11-5,851.80399683,1,2,0
92804,35/11-5,851.95599683,1,2,0
92805,35/11-5,852.10799683,1,2,0
92806,35/11-5,852.25999683,1,0,0
92807,35/11-5,852.41199683,1,0,0
92808,35/11-5,852.56399683,1,0,0
92809,35/11-5,852.71599683,1,0,0
92810,35/11-5,852.86799683,1,0,0
92811,35/11-5,853.01999683,1,0,0
92812,35/11-5,853.17199683,1,0,0
92813,35/11-5,853.32399683,1,0,0
92814,35/11-5,853.47599683,1,0,0
92815,35/11-5,853.62799683,1,0,0
92816,35/11-5,853.77999683,1,0,0
92817,35/11-5,853.93199683,1,0,0
92818,35/11-5,854.08399683,1,0,0
92819,35/11-5,854.23599683,1,0,0
92820,35/11-5,854.38799683,1,0,0
92821,35/11-5,854.53999683,1,0,0
92822,35/11-5,854.69199683,1,0,0
92823,35/11-5,854.84399683,1,0,0
92824,35/11-5,854.99599683,1,0,0
92825,35/11-5,855.14799683,1,0,0
92826,35/11-5,855.29999683,1,0,0
92827,35/11-5,855.45199683,1,0,0
92828,35/11-5,855.60399683,1,0,0
92829,35/11-5,855.75599683,1,0,0
92830,35/11-5,855.90799683,1,0,0
92831,35/11-5,856.05999683,1,0,0
92832,35/11-5,856.21199683,1,0,0
92833,35/11-5,856.36399683,1,2,0
92834,35/11-5,856.51599683,1,2,0
92835,35/11-5,856.66799683,1,2,0
92836,35/11-5,856.81999683,1,2,0
92837,35/11-5,856.97199683,1,2,0
92838,35/11-5,857.12399683,1,2,0
92839,35/11-5,857.27599683,1,2,0
92840,35/11-5,857.42799683,1,2,0
92841,35/11-5,857.57999683,1,2,0
92842,35/11-5,857.73199683,1,0,0
92843,35/11-5,857.88399683,1,0,0
92844,35/11-5,858.03599683,1,0,0
92845,35/11-5,858.18799683,1,2,0
92846,35/11-5,858.33999683,1,2,0
92847,35/11-5,858.49199683,1,2,0
92848,35/11-5,858.64399683,1,2,0
92849,35/11-5,858.79599683,1,2,0
92850,35/11-5,858.94799683,1,2,0
92851,35/11-5,859.09999683,1,2,0
92852,35/11-5,859.25199683,1,0,0
92853,35/11-5,859.40399683,1,0,0
92854,35/11-5,859.55599683,1,0,0
92855,35/11-5,859.70799683,1,0,0
92856,35/11-5,859.85999683,1,0,0
92857,35/11-5,860.01199683,1,0,0
92858,35/11-5,860.16399683,1,0,0
92859,35/11-5,860.31599683,1,0,0
92860,35/11-5,860.46799683,1,0,0
92861,35/11-5,860.61999683,1,0,0
92862,35/11-5,860.77199683,1,0,0
92863,35/11-5,860.92399683,1,0,0
92864,35/11-5,861.07599683,1,0,0
92865,35/11-5,861.22799683,1,0,0
92866,35/11-5,861.37999683,1,2,0
92867,35/11-5,861.53199683,1,2,0
92868,35/11-5,861.68399683,1,2,0
92869,35/11-5,861.83599683,1,2,0
92870,35/11-5,861.98799683,1,2,0
92871,35/11-5,862.13999683,1,2,0
92872,35/11-5,862.29199683,1,2,0
92873,35/11-5,862.44399683,1,2,0
92874,35/11-5,862.59599683,1,2,0
92875,35/11-5,862.74799683,1,2,0
92876,35/11-5,862.89999683,1,2,0
92877,35/11-5,863.05199683,1,2,0
92878,35/11-5,863.20399683,1,2,0
92879,35/11-5,863.35599683,1,2,0
92880,35/11-5,863.50799683,1,2,0
92881,35/11-5,863.65999683,1,2,0
92882,35/11-5,863.81199683,1,2,0
92883,35/11-5,863.96399683,1,2,0
92884,35/11-5,864.11599683,1,2,0
92885,35/11-5,864.26799683,1,2,0
92886,35/11-5,864.41999683,1,2,0
92887,35/11-5,864.57199683,1,2,0
92888,35/11-5,864.72399683,1,2,0
92889,35/11-5,864.87599683,1,2,0
92890,35/11-5,865.02799683,1,2,0
92891,35/11-5,865.17999683,1,2,0
92892,35/11-5,865.33199683,1,2,0
92893,35/11-5,865.48399683,1,2,0
92894,35/11-5,865.63599683,1,2,0
92895,35/11-5,865.78799683,1,2,0
92896,35/11-5,865.93999683,1,2,0
92897,35/11-5,866.09199683,1,2,0
92898,35/11-5,866.24399683,1,2,0
92899,35/11-5,866.39599683,1,2,0
92900,35/11-5,866.54799683,1,2,0
92901,35/11-5,866.69999683,1,2,0
92902,35/11-5,866.85199683,1,2,0
92903,35/11-5,867.00399683,1,2,0
92904,35/11-5,867.15599683,1,2,0
92905,35/11-5,867.30799683,1,2,0
92906,35/11-5,867.45999683,1,2,0
92907,35/11-5,867.61199683,1,2,0
92908,35/11-5,867.76399683,1,2,0
92909,35/11-5,867.91599683,1,2,0
92910,35/11-5,868.06799683,1,2,0
92911,35/11-5,868.21999683,1,2,0
92912,35/11-5,868.37199683,1,2,0
92913,35/11-5,868.52399683,1,2,0
92914,35/11-5,868.67599683,1,2,0
92915,35/11-5,868.82799683,1,2,0
92916,35/11-5,868.97999683,1,2,0
92917,35/11-5,869.13199683,1,2,0
92918,35/11-5,869.28399683,1,2,0
92919,35/11-5,869.43599683,1,2,0
92920,35/11-5,869.58799683,1,2,0
92921,35/11-5,869.73999683,1,2,0
92922,35/11-5,869.89199683,1,2,0
92923,35/11-5,870.04399683,1,2,0
92924,35/11-5,870.19599683,1,2,0
92925,35/11-5,870.34799683,1,2,0
92926,35/11-5,870.49999683,1,2,0
92927,35/11-5,870.65199683,1,2,0
92928,35/11-5,870.80399683,1,2,0
92929,35/11-5,870.95599683,1,2,0
92930,35/11-5,871.10799683,1,2,0
92931,35/11-5,871.25999683,1,2,0
92932,35/11-5,871.41199683,1,2,0
92933,35/11-5,871.56399683,1,2,0
92934,35/11-5,871.71599683,1,2,0
92935,35/11-5,871.86799683,1,2,0
92936,35/11-5,872.01999683,1,2,0
92937,35/11-5,872.17199683,1,2,0
92938,35/11-5,872.32399683,1,2,0
92939,35/11-5,872.47599683,1,2,0
92940,35/11-5,872.62799683,1,2,0
92941,35/11-5,872.77999683,1,2,0
92942,35/11-5,872.93199683,1,2,0
92943,35/11-5,873.08399683,1,2,0
92944,35/11-5,873.23599683,1,2,0
92945,35/11-5,873.38799683,1,2,0
92946,35/11-5,873.53999683,1,2,0
92947,35/11-5,873.69199683,1,2,0
92948,35/11-5,873.84399683,1,2,0
92949,35/11-5,873.99599683,1,2,0
92950,35/11-5,874.14799683,1,2,0
92951,35/11-5,874.29999683,1,2,0
92952,35/11-5,874.45199683,1,2,0
92953,35/11-5,874.60399683,1,2,0
92954,35/11-5,874.75599683,1,2,0
92955,35/11-5,874.90799683,1,2,0
92956,35/11-5,875.05999683,1,2,0
92957,35/11-5,875.21199683,1,2,0
92958,35/11-5,875.36399683,1,2,0
92959,35/11-5,875.51599683,1,2,0
92960,35/11-5,875.66799683,1,2,0
92961,35/11-5,875.81999683,1,2,0
92962,35/11-5,875.97199683,1,2,0
92963,35/11-5,876.12399683,1,2,0
92964,35/11-5,876.27599683,1,2,0
92965,35/11-5,876.42799683,1,2,0
92966,35/11-5,876.57999683,1,2,0
92967,35/11-5,876.73199683,1,2,0
92968,35/11-5,876.88399683,1,2,0
92969,35/11-5,877.03599683,1,2,0
92970,35/11-5,877.18799683,1,2,0
92971,35/11-5,877.33999683,1,2,0
92972,35/11-5,877.49199683,1,2,0
92973,35/11-5,877.64399683,1,2,0
92974,35/11-5,877.79599683,1,2,0
92975,35/11-5,877.94799683,1,2,0
92976,35/11-5,878.09999683,1,2,0
92977,35/11-5,878.25199683,1,2,0
92978,35/11-5,878.40399683,1,2,0
92979,35/11-5,878.55599683,1,0,0
92980,35/11-5,878.70799683,1,0,0
92981,35/11-5,878.85999683,1,0,0
92982,35/11-5,879.01199683,1,0,0
92983,35/11-5,879.16399683,1,2,0
92984,35/11-5,879.31599683,1,2,0
92985,35/11-5,879.46799683,1,2,0
92986,35/11-5,879.61999683,1,2,0
92987,35/11-5,879.77199683,1,2,0
92988,35/11-5,879.92399683,1,2,0
92989,35/11-5,880.07599683,1,2,0
92990,35/11-5,880.22799683,1,2,0
92991,35/11-5,880.37999683,1,2,0
92992,35/11-5,880.53199683,1,2,0
92993,35/11-5,880.68399683,1,2,0
92994,35/11-5,880.83599683,1,2,0
92995,35/11-5,880.98799683,1,0,0
92996,35/11-5,881.13999683,1,0,0
92997,35/11-5,881.29199683,1,0,0
92998,35/11-5,881.44399683,1,0,0
92999,35/11-5,881.59599683,1,2,0
93000,35/11-5,881.74799683,1,2,0
93001,35/11-5,881.89999683,1,2,0
93002,35/11-5,882.05199683,1,2,0
93003,35/11-5,882.20399683,1,2,0
93004,35/11-5,882.35599683,1,2,0
93005,35/11-5,882.50799683,1,0,0
93006,35/11-5,882.65999683,1,2,0
93007,35/11-5,882.81199683,1,2,0
93008,35/11-5,882.96399683,1,2,0
93009,35/11-5,883.11599683,1,2,0
93010,35/11-5,883.26799683,1,2,0
93011,35/11-5,883.41999683,1,2,0
93012,35/11-5,883.57199683,1,2,0
93013,35/11-5,883.72399683,1,2,0
93014,35/11-5,883.87599683,1,2,0
93015,35/11-5,884.02799683,1,0,0
93016,35/11-5,884.17999683,1,0,0
93017,35/11-5,884.33199683,1,0,0
93018,35/11-5,884.48399683,1,0,0
93019,35/11-5,884.63599683,1,0,0
93020,35/11-5,884.78799683,1,0,0
93021,35/11-5,884.93999683,1,0,0
93022,35/11-5,885.09199683,1,0,0
93023,35/11-5,885.24399683,1,0,0
93024,35/11-5,885.39599683,1,0,0
93025,35/11-5,885.54799683,1,0,0
93026,35/11-5,885.69999683,1,0,0
93027,35/11-5,885.85199683,1,0,0
93028,35/11-5,886.00399683,1,0,0
93029,35/11-5,886.15599683,1,0,0
93030,35/11-5,886.30799683,1,0,0
93031,35/11-5,886.45999683,1,0,0
93032,35/11-5,886.61199683,1,0,0
93033,35/11-5,886.76399683,1,0,0
93034,35/11-5,886.91599683,1,0,0
93035,35/11-5,887.06799683,1,0,0
93036,35/11-5,887.21999683,1,0,0
93037,35/11-5,887.37199683,1,0,0
93038,35/11-5,887.52399683,1,0,0
93039,35/11-5,887.67599683,1,0,0
93040,35/11-5,887.82799683,1,0,0
93041,35/11-5,887.97999683,1,0,0
93042,35/11-5,888.13199683,1,0,0
93043,35/11-5,888.28399683,1,0,0
93044,35/11-5,888.43599683,1,2,0
93045,35/11-5,888.58799683,1,2,0
93046,35/11-5,888.73999683,1,2,0
93047,35/11-5,888.89199683,1,2,0
93048,35/11-5,889.04399683,1,2,0
93049,35/11-5,889.19599683,1,2,0
93050,35/11-5,889.34799683,1,2,0
93051,35/11-5,889.49999683,1,2,0
93052,35/11-5,889.65199683,1,0,0
93053,35/11-5,889.80399683,1,0,0
93054,35/11-5,889.95599683,1,0,0
93055,35/11-5,890.10799683,1,2,0
93056,35/11-5,890.25999683,1,2,0
93057,35/11-5,890.41199683,1,2,0
93058,35/11-5,890.56399683,1,2,0
93059,35/11-5,890.71599683,1,2,0
93060,35/11-5,890.86799683,1,2,0
93061,35/11-5,891.01999683,1,2,0
93062,35/11-5,891.17199683,1,2,0
93063,35/11-5,891.32399683,1,2,0
93064,35/11-5,891.47599683,1,2,0
93065,35/11-5,891.62799683,1,2,0
93066,35/11-5,891.77999683,1,2,0
93067,35/11-5,891.93199683,1,2,0
93068,35/11-5,892.08399683,1,2,0
93069,35/11-5,892.23599683,1,2,0
93070,35/11-5,892.38799683,1,2,0
93071,35/11-5,892.53999683,1,2,0
93072,35/11-5,892.69199683,1,2,0
93073,35/11-5,892.84399683,1,2,0
93074,35/11-5,892.99599683,1,2,0
93075,35/11-5,893.14799683,1,2,0
93076,35/11-5,893.29999683,1,2,0
93077,35/11-5,893.45199683,1,2,0
93078,35/11-5,893.60399683,1,2,0
93079,35/11-5,893.75599683,1,2,0
93080,35/11-5,893.90799683,1,2,0
93081,35/11-5,894.05999683,1,2,0
93082,35/11-5,894.21199683,1,2,0
93083,35/11-5,894.36399683,1,2,0
93084,35/11-5,894.51599683,1,2,0
93085,35/11-5,894.66799683,1,2,0
93086,35/11-5,894.81999683,1,2,0
93087,35/11-5,894.97199683,1,2,0
93088,35/11-5,895.12399683,1,2,0
93089,35/11-5,895.27599683,1,2,0
93090,35/11-5,895.42799683,1,2,0
93091,35/11-5,895.57999683,1,2,0
93092,35/11-5,895.73199683,1,2,0
93093,35/11-5,895.88399683,1,2,0
93094,35/11-5,896.03599683,1,2,0
93095,35/11-5,896.18799683,1,0,0
93096,35/11-5,896.33999683,1,0,0
93097,35/11-5,896.49199683,1,0,0
93098,35/11-5,896.64399683,1,2,0
93099,35/11-5,896.79599683,1,2,0
93100,35/11-5,896.94799683,1,2,0
93101,35/11-5,897.09999683,1,2,0
93102,35/11-5,897.25199683,1,2,0
93103,35/11-5,897.40399683,1,2,0
93104,35/11-5,897.55599683,1,2,0
93105,35/11-5,897.70799683,1,0,0
93106,35/11-5,897.85999683,1,0,0
93107,35/11-5,898.01199683,1,2,0
93108,35/11-5,898.16399683,1,2,0
93109,35/11-5,898.31599683,1,2,0
93110,35/11-5,898.46799683,1,2,0
93111,35/11-5,898.61999683,1,2,0
93112,35/11-5,898.77199683,1,0,0
93113,35/11-5,898.92399683,1,0,0
93114,35/11-5,899.07599683,1,0,0
93115,35/11-5,899.22799683,1,2,0
93116,35/11-5,899.37999683,1,2,0
93117,35/11-5,899.53199683,1,2,0
93118,35/11-5,899.68399683,1,2,0
93119,35/11-5,899.83599683,1,2,0
93120,35/11-5,899.98799683,1,2,0
93121,35/11-5,900.13999683,1,2,0
93122,35/11-5,900.29199683,1,2,0
93123,35/11-5,900.44399683,1,2,0
93124,35/11-5,900.59599683,1,2,0
93125,35/11-5,900.74799683,1,2,0
93126,35/11-5,900.89999683,1,0,0
93127,35/11-5,901.05199683,1,0,0
93128,35/11-5,901.20399683,1,0,0
93129,35/11-5,901.35599683,1,0,0
93130,35/11-5,901.50799683,1,0,0
93131,35/11-5,901.65999683,1,0,0
93132,35/11-5,901.81199683,1,2,0
93133,35/11-5,901.96399683,1,2,0
93134,35/11-5,902.11599683,1,2,0
93135,35/11-5,902.26799683,1,2,0
93136,35/11-5,902.41999683,1,2,0
93137,35/11-5,902.57199683,1,2,0
93138,35/11-5,902.72399683,1,2,0
93139,35/11-5,902.87599683,1,2,0
93140,35/11-5,903.02799683,1,2,0
93141,35/11-5,903.17999683,1,2,0
93142,35/11-5,903.33199683,1,2,0
93143,35/11-5,903.48399683,1,0,0
93144,35/11-5,903.63599683,1,0,0
93145,35/11-5,903.78799683,1,2,0
93146,35/11-5,903.93999683,1,2,0
93147,35/11-5,904.09199683,1,2,0
93148,35/11-5,904.24399683,1,2,0
93149,35/11-5,904.39599683,1,2,0
93150,35/11-5,904.54799683,1,0,0
93151,35/11-5,904.69999683,1,0,0
93152,35/11-5,904.85199683,1,0,0
93153,35/11-5,905.00399683,1,0,0
93154,35/11-5,905.15599683,1,0,0
93155,35/11-5,905.30799683,1,0,0
93156,35/11-5,905.45999683,1,0,0
93157,35/11-5,905.61199683,1,0,0
93158,35/11-5,905.76399683,1,0,0
93159,35/11-5,905.91599683,1,2,0
93160,35/11-5,906.06799683,1,2,0
93161,35/11-5,906.21999683,1,2,0
93162,35/11-5,906.37199683,1,2,0
93163,35/11-5,906.52399683,1,2,0
93164,35/11-5,906.67599683,1,0,0
93165,35/11-5,906.82799683,1,0,0
93166,35/11-5,906.97999683,1,0,0
93167,35/11-5,907.13199683,1,0,0
93168,35/11-5,907.28399683,1,0,0
93169,35/11-5,907.43599683,1,0,0
93170,35/11-5,907.58799683,1,0,0
93171,35/11-5,907.73999683,1,0,0
93172,35/11-5,907.89199683,1,0,0
93173,35/11-5,908.04399683,1,0,0
93174,35/11-5,908.19599683,1,0,0
93175,35/11-5,908.34799683,1,0,0
93176,35/11-5,908.49999683,1,0,0
93177,35/11-5,908.65199683,1,2,0
93178,35/11-5,908.80399683,1,2,0
93179,35/11-5,908.95599683,1,2,0
93180,35/11-5,909.10799683,1,2,0
93181,35/11-5,909.25999683,1,0,0
93182,35/11-5,909.41199683,1,0,0
93183,35/11-5,909.56399683,1,0,0
93184,35/11-5,909.71599683,1,0,0
93185,35/11-5,909.86799683,1,0,0
93186,35/11-5,910.01999683,1,0,0
93187,35/11-5,910.17199683,1,0,0
93188,35/11-5,910.32399683,1,0,0
93189,35/11-5,910.47599683,1,0,0
93190,35/11-5,910.62799683,1,0,0
93191,35/11-5,910.77999683,1,0,0
93192,35/11-5,910.93199683,1,2,0
93193,35/11-5,911.08399683,1,2,0
93194,35/11-5,911.23599683,1,0,0
93195,35/11-5,911.38799683,1,0,0
93196,35/11-5,911.53999683,1,0,0
93197,35/11-5,911.69199683,1,0,0
93198,35/11-5,911.84399683,1,0,0
93199,35/11-5,911.99599683,1,0,0
93200,35/11-5,912.14799683,1,0,0
93201,35/11-5,912.29999683,1,0,0
93202,35/11-5,912.45199683,1,0,0
93203,35/11-5,912.60399683,1,0,0
93204,35/11-5,912.75599683,1,0,0
93205,35/11-5,912.90799683,1,0,0
93206,35/11-5,913.05999683,1,0,0
93207,35/11-5,913.21199683,1,0,0
93208,35/11-5,913.36399683,1,0,0
93209,35/11-5,913.51599683,1,0,0
93210,35/11-5,913.66799683,1,0,0
93211,35/11-5,913.81999683,1,0,0
93212,35/11-5,913.97199683,1,0,0
93213,35/11-5,914.12399683,1,0,0
93214,35/11-5,914.27599683,1,0,0
93215,35/11-5,914.42799683,1,0,0
93216,35/11-5,914.57999683,1,0,0
93217,35/11-5,914.73199683,1,0,0
93218,35/11-5,914.88399683,1,0,0
93219,35/11-5,915.03599683,1,0,0
93220,35/11-5,915.18799683,1,0,0
93221,35/11-5,915.33999683,1,0,0
93222,35/11-5,915.49199683,1,0,0
93223,35/11-5,915.64399683,1,0,0
93224,35/11-5,915.79599683,1,0,0
93225,35/11-5,915.94799683,1,0,0
93226,35/11-5,916.09999683,1,0,0
93227,35/11-5,916.25199683,1,0,0
93228,35/11-5,916.40399683,1,0,0
93229,35/11-5,916.55599683,1,0,0
93230,35/11-5,916.70799683,1,0,0
93231,35/11-5,916.85999683,1,0,0
93232,35/11-5,917.01199683,1,0,0
93233,35/11-5,917.16399683,1,0,0
93234,35/11-5,917.31599683,1,2,0
93235,35/11-5,917.46799683,1,2,0
93236,35/11-5,917.61999683,1,2,0
93237,35/11-5,917.77199683,1,0,0
93238,35/11-5,917.92399683,1,0,0
93239,35/11-5,918.07599683,1,0,0
93240,35/11-5,918.22799683,1,0,0
93241,35/11-5,918.37999683,1,0,0
93242,35/11-5,918.53199683,1,0,0
93243,35/11-5,918.68399683,1,0,0
93244,35/11-5,918.83599683,1,0,0
93245,35/11-5,918.98799683,1,0,0
93246,35/11-5,919.13999683,1,0,0
93247,35/11-5,919.29199683,1,0,0
93248,35/11-5,919.44399683,1,0,0
93249,35/11-5,919.59599683,1,0,0
93250,35/11-5,919.74799683,1,0,0
93251,35/11-5,919.89999683,1,0,0
93252,35/11-5,920.05199683,1,0,0
93253,35/11-5,920.20399683,1,0,0
93254,35/11-5,920.35599683,1,0,0
93255,35/11-5,920.50799683,1,0,0
93256,35/11-5,920.65999683,1,0,0
93257,35/11-5,920.81199683,1,0,0
93258,35/11-5,920.96399683,1,0,0
93259,35/11-5,921.11599683,1,0,0
93260,35/11-5,921.26799683,1,0,0
93261,35/11-5,921.41999683,1,0,0
93262,35/11-5,921.57199683,1,0,0
93263,35/11-5,921.72399683,1,0,0
93264,35/11-5,921.87599683,1,0,0
93265,35/11-5,922.02799683,1,0,0
93266,35/11-5,922.17999683,1,0,0
93267,35/11-5,922.33199683,1,0,0
93268,35/11-5,922.48399683,1,0,0
93269,35/11-5,922.63599683,1,0,0
93270,35/11-5,922.78799683,1,0,0
93271,35/11-5,922.93999683,1,0,0
93272,35/11-5,923.09199683,1,0,0
93273,35/11-5,923.24399683,1,0,0
93274,35/11-5,923.39599683,1,0,0
93275,35/11-5,923.54799683,1,0,0
93276,35/11-5,923.69999683,1,0,0
93277,35/11-5,923.85199683,1,0,0
93278,35/11-5,924.00399683,1,0,0
93279,35/11-5,924.15599683,1,0,0
93280,35/11-5,924.30799683,1,0,0
93281,35/11-5,924.45999683,1,0,0
93282,35/11-5,924.61199683,1,0,0
93283,35/11-5,924.76399683,1,0,0
93284,35/11-5,924.91599683,1,0,0
93285,35/11-5,925.06799683,1,0,0
93286,35/11-5,925.21999683,1,0,0
93287,35/11-5,925.37199683,1,0,0
93288,35/11-5,925.52399683,1,0,0
93289,35/11-5,925.67599683,1,0,0
93290,35/11-5,925.82799683,1,0,0
93291,35/11-5,925.97999683,1,0,0
93292,35/11-5,926.13199683,1,0,0
93293,35/11-5,926.28399683,1,0,0
93294,35/11-5,926.43599683,1,0,0
93295,35/11-5,926.58799683,1,2,0
93296,35/11-5,926.73999683,1,2,0
93297,35/11-5,926.89199683,1,2,0
93298,35/11-5,927.04399683,1,0,0
93299,35/11-5,927.19599683,1,0,0
93300,35/11-5,927.34799683,1,0,0
93301,35/11-5,927.49999683,1,0,0
93302,35/11-5,927.65199683,1,0,0
93303,35/11-5,927.80399683,1,0,0
93304,35/11-5,927.95599683,1,0,0
93305,35/11-5,928.10799683,1,0,0
93306,35/11-5,928.25999683,1,0,0
93307,35/11-5,928.41199683,1,0,0
93308,35/11-5,928.56399683,1,0,0
93309,35/11-5,928.71599683,1,0,0
93310,35/11-5,928.86799683,1,0,0
93311,35/11-5,929.01999683,1,0,0
93312,35/11-5,929.17199683,1,0,0
93313,35/11-5,929.32399683,1,0,0
93314,35/11-5,929.47599683,1,0,0
93315,35/11-5,929.62799683,1,2,0
93316,35/11-5,929.77999683,1,0,0
93317,35/11-5,929.93199683,1,0,0
93318,35/11-5,930.08399683,1,0,0
93319,35/11-5,930.23599683,1,0,0
93320,35/11-5,930.38799683,1,0,0
93321,35/11-5,930.53999683,1,2,0
93322,35/11-5,930.69199683,1,0,0
93323,35/11-5,930.84399683,1,0,0
93324,35/11-5,930.99599683,1,0,0
93325,35/11-5,931.14799683,1,0,0
93326,35/11-5,931.29999683,1,2,0
93327,35/11-5,931.45199683,1,2,0
93328,35/11-5,931.60399683,1,0,0
93329,35/11-5,931.75599683,1,0,0
93330,35/11-5,931.90799683,1,0,0
93331,35/11-5,932.05999683,1,0,0
93332,35/11-5,932.21199683,1,0,0
93333,35/11-5,932.36399683,1,0,0
93334,35/11-5,932.51599683,1,0,0
93335,35/11-5,932.66799683,1,0,0
93336,35/11-5,932.81999683,1,0,0
93337,35/11-5,932.97199683,1,0,0
93338,35/11-5,933.12399683,1,0,0
93339,35/11-5,933.27599683,1,0,0
93340,35/11-5,933.42799683,1,0,0
93341,35/11-5,933.57999683,1,0,0
93342,35/11-5,933.73199683,1,0,0
93343,35/11-5,933.88399683,1,0,0
93344,35/11-5,934.03599683,1,0,0
93345,35/11-5,934.18799683,1,0,0
93346,35/11-5,934.33999683,1,0,0
93347,35/11-5,934.49199683,1,0,0
93348,35/11-5,934.64399683,1,0,0
93349,35/11-5,934.79599683,1,0,0
93350,35/11-5,934.94799683,1,0,0
93351,35/11-5,935.09999683,1,0,0
93352,35/11-5,935.25199683,1,0,0
93353,35/11-5,935.40399683,1,0,0
93354,35/11-5,935.55599683,1,0,0
93355,35/11-5,935.70799683,1,0,0
93356,35/11-5,935.85999683,1,0,0
93357,35/11-5,936.01199683,1,0,0
93358,35/11-5,936.16399683,1,0,0
93359,35/11-5,936.31599683,1,0,0
93360,35/11-5,936.46799683,1,0,0
93361,35/11-5,936.61999683,1,0,0
93362,35/11-5,936.77199683,1,0,0
93363,35/11-5,936.92399683,1,0,0
93364,35/11-5,937.07599683,1,0,0
93365,35/11-5,937.22799683,1,0,0
93366,35/11-5,937.37999683,1,0,0
93367,35/11-5,937.53199683,1,0,0
93368,35/11-5,937.68399683,1,0,0
93369,35/11-5,937.83599683,1,0,0
93370,35/11-5,937.98799683,1,0,0
93371,35/11-5,938.13999683,1,0,0
93372,35/11-5,938.29199683,1,0,0
93373,35/11-5,938.44399683,1,0,0
93374,35/11-5,938.59599683,1,0,0
93375,35/11-5,938.74799683,1,0,0
93376,35/11-5,938.89999683,1,0,0
93377,35/11-5,939.05199683,1,0,0
93378,35/11-5,939.20399683,1,0,0
93379,35/11-5,939.35599683,1,0,0
93380,35/11-5,939.50799683,1,2,0
93381,35/11-5,939.65999683,1,2,0
93382,35/11-5,939.81199683,1,2,0
93383,35/11-5,939.96399683,1,2,0
93384,35/11-5,940.11599683,1,2,0
93385,35/11-5,940.26799683,1,0,0
93386,35/11-5,940.41999683,1,0,0
93387,35/11-5,940.57199683,1,0,0
93388,35/11-5,940.72399683,1,0,0
93389,35/11-5,940.87599683,1,0,0
93390,35/11-5,941.02799683,1,0,0
93391,35/11-5,941.17999683,1,0,0
93392,35/11-5,941.33199683,1,0,0
93393,35/11-5,941.48399683,1,0,0
93394,35/11-5,941.63599683,1,0,0
93395,35/11-5,941.78799683,1,0,0
93396,35/11-5,941.93999683,1,0,0
93397,35/11-5,942.09199683,1,0,0
93398,35/11-5,942.24399683,1,0,0
93399,35/11-5,942.39599683,1,0,0
93400,35/11-5,942.54799683,1,0,0
93401,35/11-5,942.69999683,1,0,0
93402,35/11-5,942.85199683,1,0,0
93403,35/11-5,943.00399683,1,0,0
93404,35/11-5,943.15599683,1,0,0
93405,35/11-5,943.30799683,1,0,0
93406,35/11-5,943.45999683,1,0,0
93407,35/11-5,943.61199683,1,0,0
93408,35/11-5,943.76399683,1,0,0
93409,35/11-5,943.91599683,1,0,0
93410,35/11-5,944.06799683,1,0,0
93411,35/11-5,944.21999683,1,0,0
93412,35/11-5,944.37199683,1,0,0
93413,35/11-5,944.52399683,1,0,0
93414,35/11-5,944.67599683,1,0,0
93415,35/11-5,944.82799683,1,0,0
93416,35/11-5,944.97999683,1,0,0
93417,35/11-5,945.13199683,1,0,0
93418,35/11-5,945.28399683,1,0,0
93419,35/11-5,945.43599683,1,0,0
93420,35/11-5,945.58799683,1,0,0
93421,35/11-5,945.73999683,1,0,0
93422,35/11-5,945.89199683,1,0,0
93423,35/11-5,946.04399683,1,0,0
93424,35/11-5,946.19599683,1,0,0
93425,35/11-5,946.34799683,1,0,0
93426,35/11-5,946.49999683,1,0,0
93427,35/11-5,946.65199683,1,0,0
93428,35/11-5,946.80399683,1,0,0
93429,35/11-5,946.95599683,1,0,0
93430,35/11-5,947.10799683,1,0,0
93431,35/11-5,947.25999683,1,0,0
93432,35/11-5,947.41199683,1,2,0
93433,35/11-5,947.56399683,1,0,0
93434,35/11-5,947.71599683,1,0,0
93435,35/11-5,947.86799683,1,0,0
93436,35/11-5,948.01999683,1,0,0
93437,35/11-5,948.17199683,1,0,0
93438,35/11-5,948.32399683,1,0,0
93439,35/11-5,948.47599683,1,2,0
93440,35/11-5,948.62799683,1,2,0
93441,35/11-5,948.77999683,1,1,1
93442,35/11-5,948.93199683,1,1,1
93443,35/11-5,949.08399683,1,1,1
93444,35/11-5,949.23599683,1,1,1
93445,35/11-5,949.38799683,1,1,1
93446,35/11-5,949.53999683,1,1,1
93447,35/11-5,949.69199683,1,1,1
93448,35/11-5,949.84399683,1,1,1
93449,35/11-5,949.99599683,1,1,1
93450,35/11-5,950.14799683,1,1,1
93451,35/11-5,950.29999683,1,1,1
93452,35/11-5,950.45199683,1,1,1
93453,35/11-5,950.60399683,1,1,1
93454,35/11-5,950.75599683,1,1,1
93455,35/11-5,950.90799683,1,1,1
93456,35/11-5,951.05999683,1,1,1
93457,35/11-5,951.21199683,1,1,1
93458,35/11-5,951.36399683,1,1,1
93459,35/11-5,951.51599683,1,1,1
93460,35/11-5,951.66799683,1,1,1
93461,35/11-5,951.81999683,1,1,1
93462,35/11-5,951.97199683,1,1,1
93463,35/11-5,952.12399683,1,1,1
93464,35/11-5,952.27599683,1,1,1
93465,35/11-5,952.42799683,1,1,1
93466,35/11-5,952.57999683,1,1,1
93467,35/11-5,952.73199683,1,1,1
93468,35/11-5,952.88399683,1,1,1
93469,35/11-5,953.03599683,1,1,1
93470,35/11-5,953.18799683,1,1,1
93471,35/11-5,953.33999683,1,1,1
93472,35/11-5,953.49199683,1,1,1
93473,35/11-5,953.64399683,1,1,1
93474,35/11-5,953.79599683,1,1,1
93475,35/11-5,953.94799683,1,1,1
93476,35/11-5,954.09999683,1,1,1
93477,35/11-5,954.25199683,1,1,1
93478,35/11-5,954.40399683,1,1,1
93479,35/11-5,954.55599683,1,1,1
93480,35/11-5,954.70799683,1,1,1
93481,35/11-5,954.85999683,1,1,1
93482,35/11-5,955.01199683,1,1,1
93483,35/11-5,955.16399683,1,1,1
93484,35/11-5,955.31599683,1,1,1
93485,35/11-5,955.46799683,1,1,1
93486,35/11-5,955.61999683,1,1,1
93487,35/11-5,955.77199683,1,1,1
93488,35/11-5,955.92399683,1,1,1
93489,35/11-5,956.07599683,1,1,1
93490,35/11-5,956.22799683,1,1,1
93491,35/11-5,956.37999683,1,1,1
93492,35/11-5,956.53199683,1,1,1
93493,35/11-5,956.68399683,1,1,1
93494,35/11-5,956.83599683,1,1,1
93495,35/11-5,956.98799683,1,1,1
93496,35/11-5,957.13999683,1,1,1
93497,35/11-5,957.29199683,1,1,1
93498,35/11-5,957.44399683,1,1,1
93499,35/11-5,957.59599683,1,1,1
93500,35/11-5,957.74799683,1,1,1
93501,35/11-5,957.89999683,1,1,1
93502,35/11-5,958.05199683,1,1,1
93503,35/11-5,958.20399683,1,1,1
93504,35/11-5,958.35599683,1,1,1
93505,35/11-5,958.50799683,1,1,1
93506,35/11-5,958.65999683,1,1,1
93507,35/11-5,958.81199683,1,1,1
93508,35/11-5,958.96399683,1,1,1
93509,35/11-5,959.11599683,1,1,1
93510,35/11-5,959.26799683,1,1,1
93511,35/11-5,959.41999683,1,1,1
93512,35/11-5,959.57199683,1,1,1
93513,35/11-5,959.72399683,1,1,1
93514,35/11-5,959.87599683,1,1,1
93515,35/11-5,960.02799683,1,1,1
93516,35/11-5,960.17999683,1,1,1
93517,35/11-5,960.33199683,1,1,1
93518,35/11-5,960.48399683,1,1,1
93519,35/11-5,960.63599683,1,1,1
93520,35/11-5,960.78799683,1,1,1
93521,35/11-5,960.93999683,1,1,1
93522,35/11-5,961.09199683,1,1,1
93523,35/11-5,961.24399683,1,1,1
93524,35/11-5,961.39599683,1,1,1
93525,35/11-5,961.54799683,1,1,1
93526,35/11-5,961.69999683,1,1,1
93527,35/11-5,961.85199683,1,1,1
93528,35/11-5,962.00399683,1,1,1
93529,35/11-5,962.15599683,1,1,1
93530,35/11-5,962.30799683,1,1,1
93531,35/11-5,962.45999683,1,1,1
93532,35/11-5,962.61199683,1,1,1
93533,35/11-5,962.76399683,1,1,1
93534,35/11-5,962.91599683,1,1,1
93535,35/11-5,963.06799683,1,1,1
93536,35/11-5,963.21999683,1,1,1
93537,35/11-5,963.37199683,1,1,1
93538,35/11-5,963.52399683,1,1,1
93539,35/11-5,963.67599683,1,1,1
93540,35/11-5,963.82799683,1,1,1
93541,35/11-5,963.97999683,1,1,1
93542,35/11-5,964.13199683,1,1,1
93543,35/11-5,964.28399683,1,1,1
93544,35/11-5,964.43599683,1,1,1
93545,35/11-5,964.58799683,1,1,1
93546,35/11-5,964.73999683,1,1,1
93547,35/11-5,964.89199683,1,1,1
93548,35/11-5,965.04399683,1,1,1
93549,35/11-5,965.19599683,1,1,1
93550,35/11-5,965.34799683,1,1,1
93551,35/11-5,965.49999683,1,1,1
93552,35/11-5,965.65199683,1,1,1
93553,35/11-5,965.80399683,1,1,1
93554,35/11-5,965.95599683,1,1,1
93555,35/11-5,966.10799683,1,1,1
93556,35/11-5,966.25999683,1,1,1
93557,35/11-5,966.41199683,1,1,1
93558,35/11-5,966.56399683,1,1,1
93559,35/11-5,966.71599683,1,1,1
93560,35/11-5,966.86799683,1,1,1
93561,35/11-5,967.01999683,1,1,1
93562,35/11-5,967.17199683,1,1,1
93563,35/11-5,967.32399683,1,1,1
93564,35/11-5,967.47599683,1,1,1
93565,35/11-5,967.62799683,1,1,1
93566,35/11-5,967.77999683,1,1,1
93567,35/11-5,967.93199683,1,1,1
93568,35/11-5,968.08399683,1,1,1
93569,35/11-5,968.23599683,1,1,1
93570,35/11-5,968.38799683,1,1,1
93571,35/11-5,968.53999683,1,1,1
93572,35/11-5,968.69199683,1,1,1
93573,35/11-5,968.84399683,1,1,1
93574,35/11-5,968.99599683,1,1,1
93575,35/11-5,969.14799683,1,1,1
93576,35/11-5,969.29999683,1,1,1
93577,35/11-5,969.45199683,1,1,1
93578,35/11-5,969.60399683,1,1,1
93579,35/11-5,969.75599683,1,1,1
93580,35/11-5,969.90799683,1,1,1
93581,35/11-5,970.05999683,1,1,1
93582,35/11-5,970.21199683,1,1,1
93583,35/11-5,970.36399683,1,1,1
93584,35/11-5,970.51599683,1,1,1
93585,35/11-5,970.66799683,1,1,1
93586,35/11-5,970.81999683,1,1,1
93587,35/11-5,970.97199683,1,1,1
93588,35/11-5,971.12399683,1,1,1
93589,35/11-5,971.27599683,1,1,1
93590,35/11-5,971.42799683,1,1,1
93591,35/11-5,971.57999683,1,1,1
93592,35/11-5,971.73199683,1,1,1
93593,35/11-5,971.88399683,1,1,1
93594,35/11-5,972.03599683,1,1,1
93595,35/11-5,972.18799683,1,1,1
93596,35/11-5,972.33999683,1,1,1
93597,35/11-5,972.49199683,1,1,1
93598,35/11-5,972.64399683,1,1,1
93599,35/11-5,972.79599683,1,1,1
93600,35/11-5,972.94799683,1,1,1
93601,35/11-5,973.09999683,1,1,1
93602,35/11-5,973.25199683,1,1,1
93603,35/11-5,973.40399683,1,1,1
93604,35/11-5,973.55599683,1,1,1
93605,35/11-5,973.70799683,1,1,1
93606,35/11-5,973.85999683,1,1,1
93607,35/11-5,974.01199683,1,1,1
93608,35/11-5,974.16399683,1,1,1
93609,35/11-5,974.31599683,1,1,1
93610,35/11-5,974.46799683,1,1,1
93611,35/11-5,974.61999683,1,1,1
93612,35/11-5,974.77199683,1,1,1
93613,35/11-5,974.92399683,1,1,1
93614,35/11-5,975.07599683,1,1,1
93615,35/11-5,975.22799683,1,1,1
93616,35/11-5,975.37999683,1,1,1
93617,35/11-5,975.53199683,1,1,1
93618,35/11-5,975.68399683,1,1,1
93619,35/11-5,975.83599683,1,1,1
93620,35/11-5,975.98799683,1,1,1
93621,35/11-5,976.13999683,1,1,1
93622,35/11-5,976.29199683,1,1,1
93623,35/11-5,976.44399683,1,1,1
93624,35/11-5,976.59599683,1,1,1
93625,35/11-5,976.74799683,1,1,1
93626,35/11-5,976.89999683,1,1,1
93627,35/11-5,977.05199683,1,1,1
93628,35/11-5,977.20399683,1,1,1
93629,35/11-5,977.35599683,1,1,1
93630,35/11-5,977.50799683,1,1,1
93631,35/11-5,977.65999683,1,1,1
93632,35/11-5,977.81199683,1,1,1
93633,35/11-5,977.96399683,1,1,1
93634,35/11-5,978.11599683,1,1,1
93635,35/11-5,978.26799683,1,1,1
93636,35/11-5,978.41999683,1,1,1
93637,35/11-5,978.57199683,1,1,1
93638,35/11-5,978.72399683,1,1,1
93639,35/11-5,978.87599683,1,1,1
93640,35/11-5,979.02799683,1,1,1
93641,35/11-5,979.17999683,1,1,1
93642,35/11-5,979.33199683,1,1,1
93643,35/11-5,979.48399683,1,1,1
93644,35/11-5,979.63599683,1,1,1
93645,35/11-5,979.78799683,1,1,1
93646,35/11-5,979.93999683,1,1,1
93647,35/11-5,980.09199683,1,1,1
93648,35/11-5,980.24399683,1,1,1
93649,35/11-5,980.39599683,1,1,1
93650,35/11-5,980.54799683,1,1,1
93651,35/11-5,980.69999683,1,1,1
93652,35/11-5,980.85199683,1,1,1
93653,35/11-5,981.00399683,1,1,1
93654,35/11-5,981.15599683,1,1,1
93655,35/11-5,981.30799683,1,1,1
93656,35/11-5,981.45999683,1,1,1
93657,35/11-5,981.61199683,1,1,1
93658,35/11-5,981.76399683,1,1,1
93659,35/11-5,981.91599683,1,1,1
93660,35/11-5,982.06799683,1,1,1
93661,35/11-5,982.21999683,1,1,1
93662,35/11-5,982.37199683,1,1,1
93663,35/11-5,982.52399683,1,1,1
93664,35/11-5,982.67599683,1,1,1
93665,35/11-5,982.82799683,1,1,1
93666,35/11-5,982.97999683,1,1,1
93667,35/11-5,983.13199683,1,1,1
93668,35/11-5,983.28399683,1,1,1
93669,35/11-5,983.43599683,1,1,1
93670,35/11-5,983.58799683,1,1,1
93671,35/11-5,983.73999683,1,1,1
93672,35/11-5,983.89199683,1,1,1
93673,35/11-5,984.04399683,1,1,1
93674,35/11-5,984.19599683,1,1,1
93675,35/11-5,984.34799683,1,1,1
93676,35/11-5,984.49999683,1,1,1
93677,35/11-5,984.65199683,1,1,1
93678,35/11-5,984.80399683,1,1,1
93679,35/11-5,984.95599683,1,1,1
93680,35/11-5,985.10799683,1,1,1
93681,35/11-5,985.25999683,1,1,1
93682,35/11-5,985.41199683,1,1,1
93683,35/11-5,985.56399683,1,1,1
93684,35/11-5,985.71599683,1,1,1
93685,35/11-5,985.86799683,1,1,1
93686,35/11-5,986.01999683,1,1,1
93687,35/11-5,986.17199683,1,1,1
93688,35/11-5,986.32399683,1,1,1
93689,35/11-5,986.47599683,1,1,1
93690,35/11-5,986.62799683,1,1,1
93691,35/11-5,986.77999683,1,1,1
93692,35/11-5,986.93199683,1,1,1
93693,35/11-5,987.08399683,1,1,1
93694,35/11-5,987.23599683,1,1,1
93695,35/11-5,987.38799683,1,1,1
93696,35/11-5,987.53999683,1,1,1
93697,35/11-5,987.69199683,1,1,1
93698,35/11-5,987.84399683,1,1,1
93699,35/11-5,987.99599683,1,1,1
93700,35/11-5,988.14799683,1,1,1
93701,35/11-5,988.29999683,1,1,1
93702,35/11-5,988.45199683,1,1,1
93703,35/11-5,988.60399683,1,1,1
93704,35/11-5,988.75599683,1,1,1
93705,35/11-5,988.90799683,1,1,1
93706,35/11-5,989.05999683,1,1,1
93707,35/11-5,989.21199683,1,1,1
93708,35/11-5,989.36399683,1,1,1
93709,35/11-5,989.51599683,1,1,1
93710,35/11-5,989.66799683,1,1,1
93711,35/11-5,989.81999683,1,1,1
93712,35/11-5,989.97199683,1,1,1
93713,35/11-5,990.12399683,1,1,1
93714,35/11-5,990.27599683,1,1,1
93715,35/11-5,990.42799683,1,1,1
93716,35/11-5,990.57999683,1,1,1
93717,35/11-5,990.73199683,1,1,1
93718,35/11-5,990.88399683,1,1,1
93719,35/11-5,991.03599683,1,1,1
93720,35/11-5,991.18799683,1,1,1
93721,35/11-5,991.33999683,1,1,1
93722,35/11-5,991.49199683,1,1,1
93723,35/11-5,991.64399683,1,1,1
93724,35/11-5,991.79599683,1,1,1
93725,35/11-5,991.94799683,1,1,1
93726,35/11-5,992.09999683,1,1,1
93727,35/11-5,992.25199683,1,1,1
93728,35/11-5,992.40399683,1,1,1
93729,35/11-5,992.55599683,1,1,1
93730,35/11-5,992.70799683,1,1,1
93731,35/11-5,992.85999683,1,1,1
93732,35/11-5,993.01199683,1,1,1
93733,35/11-5,993.16399683,1,1,1
93734,35/11-5,993.31599683,1,1,1
93735,35/11-5,993.46799683,1,1,1
93736,35/11-5,993.61999683,1,1,1
93737,35/11-5,993.77199683,1,1,1
93738,35/11-5,993.92399683,1,1,1
93739,35/11-5,994.07599683,1,1,1
93740,35/11-5,994.22799683,1,1,1
93741,35/11-5,994.37999683,1,1,1
93742,35/11-5,994.53199683,1,1,1
93743,35/11-5,994.68399683,1,1,1
93744,35/11-5,994.83599683,1,1,1
93745,35/11-5,994.98799683,1,1,1
93746,35/11-5,995.13999683,1,1,1
93747,35/11-5,995.29199683,1,1,1
93748,35/11-5,995.44399683,1,1,1
93749,35/11-5,995.59599683,1,1,1
93750,35/11-5,995.74799683,1,1,1
93751,35/11-5,995.89999683,1,1,1
93752,35/11-5,996.05199683,1,1,1
93753,35/11-5,996.20399683,1,1,1
93754,35/11-5,996.35599683,1,2,0
93755,35/11-5,996.50799683,1,1,1
93756,35/11-5,996.65999683,1,1,1
93757,35/11-5,996.81199683,1,1,1
93758,35/11-5,996.96399683,1,2,0
93759,35/11-5,997.11599683,1,1,1
93760,35/11-5,997.26799683,1,1,1
93761,35/11-5,997.41999683,1,1,1
93762,35/11-5,997.57199683,1,2,0
93763,35/11-5,997.72399683,1,2,0
93764,35/11-5,997.87599683,1,2,0
93765,35/11-5,998.02799683,1,2,0
93766,35/11-5,998.17999683,1,2,0
93767,35/11-5,998.33199683,1,2,0
93768,35/11-5,998.48399683,1,2,0
93769,35/11-5,998.63599683,1,2,0
93770,35/11-5,998.78799683,1,2,0
93771,35/11-5,998.93999683,1,2,0
93772,35/11-5,999.09199683,1,2,0
93773,35/11-5,999.24399683,1,2,0
93774,35/11-5,999.39599683,1,2,0
93775,35/11-5,999.54799683,1,2,0
93776,35/11-5,999.69999683,1,2,0
93777,35/11-5,999.85199683,1,2,0
93778,35/11-5,1000.0039968,1,2,0
93779,35/11-5,1000.1559968,1,2,0
93780,35/11-5,1000.3079968000001,1,2,0
93781,35/11-5,1000.4599968,1,2,0
93782,35/11-5,1000.6119968,1,2,0
93783,35/11-5,1000.7639968000001,1,2,0
93784,35/11-5,1000.9159968,1,2,0
93785,35/11-5,1001.0679968000001,1,2,0
93786,35/11-5,1001.2199968,1,2,0
93787,35/11-5,1001.3719968,1,2,0
93788,35/11-5,1001.5239968000001,1,2,0
93789,35/11-5,1001.6759968,1,2,0
93790,35/11-5,1001.8279968,1,2,0
93791,35/11-5,1001.9799968,1,2,0
93792,35/11-5,1002.1319968,1,2,0
93793,35/11-5,1002.2839968000001,1,2,0
93794,35/11-5,1002.4359968,1,2,0
93795,35/11-5,1002.5879968,1,2,0
93796,35/11-5,1002.7399968000001,1,2,0
93797,35/11-5,1002.8919968,1,2,0
93798,35/11-5,1003.0439968000001,1,2,0
93799,35/11-5,1003.1959968,1,2,0
93800,35/11-5,1003.3479968,1,2,0
93801,35/11-5,1003.4999968000001,1,2,0
93802,35/11-5,1003.6519968,1,2,0
93803,35/11-5,1003.8039968,1,2,0
93804,35/11-5,1003.9559968,1,2,0
93805,35/11-5,1004.1079968,1,2,0
93806,35/11-5,1004.2599968000001,1,2,0
93807,35/11-5,1004.4119968,1,2,0
93808,35/11-5,1004.5639968,1,2,0
93809,35/11-5,1004.7159968000001,1,2,0
93810,35/11-5,1004.8679968,1,2,0
93811,35/11-5,1005.0199968000001,1,2,0
93812,35/11-5,1005.1719968,1,2,0
93813,35/11-5,1005.3239968,1,2,0
93814,35/11-5,1005.4759968000001,1,2,0
93815,35/11-5,1005.6279968,1,2,0
93816,35/11-5,1005.7799968,1,2,0
93817,35/11-5,1005.9319968,1,2,0
93818,35/11-5,1006.0839968,2,2,1
93819,35/11-5,1006.2359968000001,2,2,1
93820,35/11-5,1006.3879968,2,2,1
93821,35/11-5,1006.5399968,2,2,1
93822,35/11-5,1006.6919968000001,2,2,1
93823,35/11-5,1006.8439968,2,2,1
93824,35/11-5,1006.9959968000001,2,2,1
93825,35/11-5,1007.1479968,2,2,1
93826,35/11-5,1007.2999968,2,2,1
93827,35/11-5,1007.4519968000001,2,2,1
93828,35/11-5,1007.6039968,2,2,1
93829,35/11-5,1007.7559968,2,2,1
93830,35/11-5,1007.9079968,2,2,1
93831,35/11-5,1008.0599968,2,2,1
93832,35/11-5,1008.2119968000001,2,2,1
93833,35/11-5,1008.3639968,2,2,1
93834,35/11-5,1008.5159968,2,2,1
93835,35/11-5,1008.6679968000001,2,2,1
93836,35/11-5,1008.8199968,2,2,1
93837,35/11-5,1008.9719968,2,2,1
93838,35/11-5,1009.1239968,2,2,1
93839,35/11-5,1009.2759968,2,2,1
93840,35/11-5,1009.4279968000001,2,2,1
93841,35/11-5,1009.5799968,2,2,1
93842,35/11-5,1009.7319968,2,2,1
93843,35/11-5,1009.8839968000001,2,2,1
93844,35/11-5,1010.0359968,2,2,1
93845,35/11-5,1010.1879968000001,2,2,1
93846,35/11-5,1010.3399968,2,2,1
93847,35/11-5,1010.4919968,2,2,1
93848,35/11-5,1010.6439968000001,2,2,1
93849,35/11-5,1010.7959968,2,2,1
93850,35/11-5,1010.9479968,2,2,1
93851,35/11-5,1011.0999968,2,2,1
93852,35/11-5,1011.2519968,2,2,1
93853,35/11-5,1011.4039968000001,2,2,1
93854,35/11-5,1011.5559968,2,2,1
93855,35/11-5,1011.7079968,2,2,1
93856,35/11-5,1011.8599968000001,2,2,1
93857,35/11-5,1012.0119968,2,2,1
93858,35/11-5,1012.1639968000001,2,2,1
93859,35/11-5,1012.3159968,2,2,1
93860,35/11-5,1012.4679968,2,2,1
93861,35/11-5,1012.6199968000001,2,2,1
93862,35/11-5,1012.7719968,2,2,1
93863,35/11-5,1012.9239968,2,2,1
93864,35/11-5,1013.0759968,2,2,1
93865,35/11-5,1013.2279968,2,2,1
93866,35/11-5,1013.3799968000001,2,2,1
93867,35/11-5,1013.5319968,2,2,1
93868,35/11-5,1013.6839968,2,2,1
93869,35/11-5,1013.8359968000001,2,2,1
93870,35/11-5,1013.9879968,2,2,1
93871,35/11-5,1014.1399968000001,2,2,1
93872,35/11-5,1014.2919968,2,2,1
93873,35/11-5,1014.4439968,2,2,1
93874,35/11-5,1014.5959968000001,2,2,1
93875,35/11-5,1014.7479968,2,2,1
93876,35/11-5,1014.8999968,2,2,1
93877,35/11-5,1015.0519968,2,2,1
93878,35/11-5,1015.2039968,2,2,1
93879,35/11-5,1015.3559968000001,2,2,1
93880,35/11-5,1015.5079968,2,2,1
93881,35/11-5,1015.6599968,2,2,1
93882,35/11-5,1015.8119968000001,2,2,1
93883,35/11-5,1015.9639968,2,2,1
93884,35/11-5,1016.1159968000001,2,2,1
93885,35/11-5,1016.2679968,2,2,1
93886,35/11-5,1016.4199968,2,2,1
93887,35/11-5,1016.5719968000001,2,2,1
93888,35/11-5,1016.7239968,2,2,1
93889,35/11-5,1016.8759968,2,2,1
93890,35/11-5,1017.0279968,2,2,1
93891,35/11-5,1017.1799968,2,2,1
93892,35/11-5,1017.3319968000001,2,2,1
93893,35/11-5,1017.4839968,2,2,1
93894,35/11-5,1017.6359968,2,2,1
93895,35/11-5,1017.7879968000001,2,2,1
93896,35/11-5,1017.9399968,2,2,1
93897,35/11-5,1018.0919968000001,2,2,1
93898,35/11-5,1018.2439968,2,2,1
93899,35/11-5,1018.3959968,2,2,1
93900,35/11-5,1018.5479968000001,2,2,1
93901,35/11-5,1018.6999968,2,2,1
93902,35/11-5,1018.8519968,2,2,1
93903,35/11-5,1019.0039968,2,2,1
93904,35/11-5,1019.1559968,2,2,1
93905,35/11-5,1019.3079968000001,2,2,1
93906,35/11-5,1019.4599968,2,2,1
93907,35/11-5,1019.6119968,2,2,1
93908,35/11-5,1019.7639968000001,2,2,1
93909,35/11-5,1019.9159968,2,2,1
93910,35/11-5,1020.0679968000001,2,2,1
93911,35/11-5,1020.2199968,2,2,1
93912,35/11-5,1020.3719968,2,2,1
93913,35/11-5,1020.5239968000001,2,2,1
93914,35/11-5,1020.6759968,2,2,1
93915,35/11-5,1020.8279968,2,2,1
93916,35/11-5,1020.9799968,2,2,1
93917,35/11-5,1021.1319968,2,2,1
93918,35/11-5,1021.2839968000001,2,2,1
93919,35/11-5,1021.4359968,2,2,1
93920,35/11-5,1021.5879968,2,2,1
93921,35/11-5,1021.7399968000001,2,2,1
93922,35/11-5,1021.8919968,2,2,1
93923,35/11-5,1022.0439968000001,2,2,1
93924,35/11-5,1022.1959968,2,2,1
93925,35/11-5,1022.3479968,2,2,1
93926,35/11-5,1022.4999968000001,2,2,1
93927,35/11-5,1022.6519968,2,2,1
93928,35/11-5,1022.8039968,2,2,1
93929,35/11-5,1022.9559968,2,2,1
93930,35/11-5,1023.1079968,2,2,1
93931,35/11-5,1023.2599968000001,2,2,1
93932,35/11-5,1023.4119968,2,2,1
93933,35/11-5,1023.5639968,2,2,1
93934,35/11-5,1023.7159968000001,2,2,1
93935,35/11-5,1023.8679968,2,2,1
93936,35/11-5,1024.0199968,2,2,1
93937,35/11-5,1024.1719968,2,2,1
93938,35/11-5,1024.3239968,2,2,1
93939,35/11-5,1024.4759968,2,2,1
93940,35/11-5,1024.6279968000001,2,2,1
93941,35/11-5,1024.7799968,2,2,1
93942,35/11-5,1024.9319968,2,2,1
93943,35/11-5,1025.0839968,2,2,1
93944,35/11-5,1025.2359968,2,2,1
93945,35/11-5,1025.3879968,2,2,1
93946,35/11-5,1025.5399968,2,2,1
93947,35/11-5,1025.6919968,2,2,1
93948,35/11-5,1025.8439968,2,2,1
93949,35/11-5,1025.9959968,2,2,1
93950,35/11-5,1026.1479968,2,2,1
93951,35/11-5,1026.2999968000001,2,2,1
93952,35/11-5,1026.4519968,2,2,1
93953,35/11-5,1026.6039968,2,2,1
93954,35/11-5,1026.7559968,2,2,1
93955,35/11-5,1026.9079968,2,2,1
93956,35/11-5,1027.0599968000001,2,2,1
93957,35/11-5,1027.2119968,2,2,1
93958,35/11-5,1027.3639968,2,2,1
93959,35/11-5,1027.5159968,2,2,1
93960,35/11-5,1027.6679968,2,2,1
93961,35/11-5,1027.8199968000001,2,2,1
93962,35/11-5,1027.9719968,2,2,1
93963,35/11-5,1028.1239968,2,2,1
93964,35/11-5,1028.2759968,2,2,1
93965,35/11-5,1028.4279968,2,2,1
93966,35/11-5,1028.5799968000001,2,2,1
93967,35/11-5,1028.7319968,2,2,1
93968,35/11-5,1028.8839968,2,2,1
93969,35/11-5,1029.0359968,2,2,1
93970,35/11-5,1029.1879968,2,2,1
93971,35/11-5,1029.3399968,2,2,1
93972,35/11-5,1029.4919968,2,2,1
93973,35/11-5,1029.6439968,2,2,1
93974,35/11-5,1029.7959968,2,2,1
93975,35/11-5,1029.9479968,2,2,1
93976,35/11-5,1030.0999968,2,2,1
93977,35/11-5,1030.2519968000001,2,2,1
93978,35/11-5,1030.4039968,2,2,1
93979,35/11-5,1030.5559968,2,2,1
93980,35/11-5,1030.7079968,2,2,1
93981,35/11-5,1030.8599968,2,2,1
93982,35/11-5,1031.0119968000001,2,2,1
93983,35/11-5,1031.1639968,2,2,1
93984,35/11-5,1031.3159968,2,2,1
93985,35/11-5,1031.4679968,2,2,1
93986,35/11-5,1031.6199968,2,2,1
93987,35/11-5,1031.7719968000001,2,2,1
93988,35/11-5,1031.9239968,2,2,1
93989,35/11-5,1032.0759968,2,2,1
93990,35/11-5,1032.2279968,2,2,1
93991,35/11-5,1032.3799968,2,2,1
93992,35/11-5,1032.5319968000001,2,2,1
93993,35/11-5,1032.6839968,2,2,1
93994,35/11-5,1032.8359968,2,2,1
93995,35/11-5,1032.9879968,2,2,1
93996,35/11-5,1033.1399968,2,2,1
93997,35/11-5,1033.2919968,2,2,1
93998,35/11-5,1033.4439968,2,2,1
93999,35/11-5,1033.5959968,2,2,1
94000,35/11-5,1033.7479968,2,2,1
94001,35/11-5,1033.8999968,2,2,1
94002,35/11-5,1034.0519968,2,2,1
94003,35/11-5,1034.2039968000001,2,2,1
94004,35/11-5,1034.3559968,2,2,1
94005,35/11-5,1034.5079968,2,2,1
94006,35/11-5,1034.6599968,2,2,1
94007,35/11-5,1034.8119968,2,2,1
94008,35/11-5,1034.9639968000001,2,2,1
94009,35/11-5,1035.1159968,2,2,1
94010,35/11-5,1035.2679968,2,2,1
94011,35/11-5,1035.4199968,2,2,1
94012,35/11-5,1035.5719968,2,2,1
94013,35/11-5,1035.7239968000001,2,2,1
94014,35/11-5,1035.8759968,2,2,1
94015,35/11-5,1036.0279968,2,2,1
94016,35/11-5,1036.1799968,2,2,1
94017,35/11-5,1036.3319968,2,2,1
94018,35/11-5,1036.4839968,2,2,1
94019,35/11-5,1036.6359968,2,2,1
94020,35/11-5,1036.7879968,2,2,1
94021,35/11-5,1036.9399968,2,2,1
94022,35/11-5,1037.0919968,2,2,1
94023,35/11-5,1037.2439968,2,2,1
94024,35/11-5,1037.3959968,2,2,1
94025,35/11-5,1037.5479968,2,2,1
94026,35/11-5,1037.6999968,2,2,1
94027,35/11-5,1037.8519968,2,2,1
94028,35/11-5,1038.0039968,2,2,1
94029,35/11-5,1038.1559968000001,2,2,1
94030,35/11-5,1038.3079968,2,2,1
94031,35/11-5,1038.4599968,2,2,1
94032,35/11-5,1038.6119968,2,2,1
94033,35/11-5,1038.7639968,2,2,1
94034,35/11-5,1038.9159968000001,2,2,1
94035,35/11-5,1039.0679968,2,2,1
94036,35/11-5,1039.2199968,2,2,1
94037,35/11-5,1039.3719968,2,2,1
94038,35/11-5,1039.5239968,2,2,1
94039,35/11-5,1039.6759968000001,2,2,1
94040,35/11-5,1039.8279968,2,2,1
94041,35/11-5,1039.9799968,2,2,1
94042,35/11-5,1040.1319968,2,2,1
94043,35/11-5,1040.2839968,2,2,1
94044,35/11-5,1040.4359968,2,2,1
94045,35/11-5,1040.5879968,2,2,1
94046,35/11-5,1040.7399968,2,2,1
94047,35/11-5,1040.8919968,2,2,1
94048,35/11-5,1041.0439968,2,2,1
94049,35/11-5,1041.1959968,2,2,1
94050,35/11-5,1041.3479968000001,2,2,1
94051,35/11-5,1041.4999968,2,2,1
94052,35/11-5,1041.6519968,2,2,1
94053,35/11-5,1041.8039968,2,2,1
94054,35/11-5,1041.9559968,2,2,1
94055,35/11-5,1042.1079968000001,2,2,1
94056,35/11-5,1042.2599968,2,2,1
94057,35/11-5,1042.4119968,2,2,1
94058,35/11-5,1042.5639968,2,2,1
94059,35/11-5,1042.7159968,2,2,1
94060,35/11-5,1042.8679968000001,2,2,1
94061,35/11-5,1043.0199968,2,2,1
94062,35/11-5,1043.1719968,2,2,1
94063,35/11-5,1043.3239968,2,2,1
94064,35/11-5,1043.4759968,2,2,1
94065,35/11-5,1043.6279968000001,2,2,1
94066,35/11-5,1043.7799968,2,2,1
94067,35/11-5,1043.9319968,2,2,1
94068,35/11-5,1044.0839968,2,2,1
94069,35/11-5,1044.2359968,2,2,1
94070,35/11-5,1044.3879968,2,2,1
94071,35/11-5,1044.5399968,2,2,1
94072,35/11-5,1044.6919968,2,2,1
94073,35/11-5,1044.8439968,2,2,1
94074,35/11-5,1044.9959968,2,2,1
94075,35/11-5,1045.1479968,2,2,1
94076,35/11-5,1045.2999968000001,2,2,1
94077,35/11-5,1045.4519968,2,2,1
94078,35/11-5,1045.6039968,2,2,1
94079,35/11-5,1045.7559968,2,2,1
94080,35/11-5,1045.9079968,2,2,1
94081,35/11-5,1046.0599968000001,2,2,1
94082,35/11-5,1046.2119968,2,2,1
94083,35/11-5,1046.3639968,2,2,1
94084,35/11-5,1046.5159968,2,2,1
94085,35/11-5,1046.6679968,2,2,1
94086,35/11-5,1046.8199968000001,2,2,1
94087,35/11-5,1046.9719968,2,2,1
94088,35/11-5,1047.1239968,2,2,1
94089,35/11-5,1047.2759968,2,2,1
94090,35/11-5,1047.4279968,2,2,1
94091,35/11-5,1047.5799968000001,2,2,1
94092,35/11-5,1047.7319968,2,2,1
94093,35/11-5,1047.8839968,2,2,1
94094,35/11-5,1048.0359968,2,2,1
94095,35/11-5,1048.1879968,2,2,1
94096,35/11-5,1048.3399968,2,2,1
94097,35/11-5,1048.4919968,2,2,1
94098,35/11-5,1048.6439968,2,2,1
94099,35/11-5,1048.7959968,2,2,1
94100,35/11-5,1048.9479968,2,2,1
94101,35/11-5,1049.0999968,2,2,1
94102,35/11-5,1049.2519968000001,2,2,1
94103,35/11-5,1049.4039968,2,2,1
94104,35/11-5,1049.5559968,2,2,1
94105,35/11-5,1049.7079968,2,2,1
94106,35/11-5,1049.8599968,2,2,1
94107,35/11-5,1050.0119968000001,2,2,1
94108,35/11-5,1050.1639968,2,2,1
94109,35/11-5,1050.3159968,2,2,1
94110,35/11-5,1050.4679968,2,2,1
94111,35/11-5,1050.6199968,2,2,1
94112,35/11-5,1050.7719968000001,2,2,1
94113,35/11-5,1050.9239968,2,2,1
94114,35/11-5,1051.0759968,2,2,1
94115,35/11-5,1051.2279968,2,2,1
94116,35/11-5,1051.3799968,2,2,1
94117,35/11-5,1051.5319968000001,2,2,1
94118,35/11-5,1051.6839968,2,2,1
94119,35/11-5,1051.8359968,2,2,1
94120,35/11-5,1051.9879968,2,2,1
94121,35/11-5,1052.1399968,2,2,1
94122,35/11-5,1052.2919968,2,2,1
94123,35/11-5,1052.4439968,2,2,1
94124,35/11-5,1052.5959968,2,2,1
94125,35/11-5,1052.7479968,2,2,1
94126,35/11-5,1052.8999968,2,2,1
94127,35/11-5,1053.0519968,2,2,1
94128,35/11-5,1053.2039968000001,2,2,1
94129,35/11-5,1053.3559968,2,2,1
94130,35/11-5,1053.5079968,2,2,1
94131,35/11-5,1053.6599968,2,2,1
94132,35/11-5,1053.8119968,2,2,1
94133,35/11-5,1053.9639968000001,2,2,1
94134,35/11-5,1054.1159968,2,2,1
94135,35/11-5,1054.2679968,2,2,1
94136,35/11-5,1054.4199968,2,2,1
94137,35/11-5,1054.5719968,2,2,1
94138,35/11-5,1054.7239968000001,2,2,1
94139,35/11-5,1054.8759968,2,2,1
94140,35/11-5,1055.0279968,2,2,1
94141,35/11-5,1055.1799968,2,2,1
94142,35/11-5,1055.3319968,2,2,1
94143,35/11-5,1055.4839968,2,2,1
94144,35/11-5,1055.6359968,2,2,1
94145,35/11-5,1055.7879968,2,2,1
94146,35/11-5,1055.9399968,2,2,1
94147,35/11-5,1056.0919968,2,2,1
94148,35/11-5,1056.2439968,2,2,1
94149,35/11-5,1056.3959968,2,2,1
94150,35/11-5,1056.5479968,2,2,1
94151,35/11-5,1056.6999968,2,2,1
94152,35/11-5,1056.8519968,2,2,1
94153,35/11-5,1057.0039968,2,2,1
94154,35/11-5,1057.1559968000001,2,2,1
94155,35/11-5,1057.3079968,2,2,1
94156,35/11-5,1057.4599968,2,2,1
94157,35/11-5,1057.6119968,2,2,1
94158,35/11-5,1057.7639968,2,2,1
94159,35/11-5,1057.9159968000001,2,2,1
94160,35/11-5,1058.0679968,2,2,1
94161,35/11-5,1058.2199968,2,2,1
94162,35/11-5,1058.3719968,2,2,1
94163,35/11-5,1058.5239968,2,2,1
94164,35/11-5,1058.6759968000001,2,2,1
94165,35/11-5,1058.8279968,2,2,1
94166,35/11-5,1058.9799968,2,2,1
94167,35/11-5,1059.1319968,2,2,1
94168,35/11-5,1059.2839968,2,2,1
94169,35/11-5,1059.4359968,2,2,1
94170,35/11-5,1059.5879968,2,2,1
94171,35/11-5,1059.7399968,2,2,1
94172,35/11-5,1059.8919968,2,2,1
94173,35/11-5,1060.0439968,2,2,1
94174,35/11-5,1060.1959968,2,2,1
94175,35/11-5,1060.3479968000001,2,2,1
94176,35/11-5,1060.4999968,2,2,1
94177,35/11-5,1060.6519968,2,2,1
94178,35/11-5,1060.8039968,2,2,1
94179,35/11-5,1060.9559968,2,2,1
94180,35/11-5,1061.1079968000001,2,2,1
94181,35/11-5,1061.2599968,2,2,1
94182,35/11-5,1061.4119968,2,2,1
94183,35/11-5,1061.5639968,2,2,1
94184,35/11-5,1061.7159968,2,2,1
94185,35/11-5,1061.8679968000001,2,2,1
94186,35/11-5,1062.0199968,2,2,1
94187,35/11-5,1062.1719968,2,2,1
94188,35/11-5,1062.3239968,2,2,1
94189,35/11-5,1062.4759968,2,2,1
94190,35/11-5,1062.6279968000001,2,2,1
94191,35/11-5,1062.7799968,2,2,1
94192,35/11-5,1062.9319968,2,2,1
94193,35/11-5,1063.0839968,2,2,1
94194,35/11-5,1063.2359968,2,2,1
94195,35/11-5,1063.3879968,2,2,1
94196,35/11-5,1063.5399968,2,2,1
94197,35/11-5,1063.6919968,2,2,1
94198,35/11-5,1063.8439968,2,2,1
94199,35/11-5,1063.9959968,2,2,1
94200,35/11-5,1064.1479968,2,2,1
94201,35/11-5,1064.2999968000001,2,2,1
94202,35/11-5,1064.4519968,2,2,1
94203,35/11-5,1064.6039968,2,2,1
94204,35/11-5,1064.7559968,2,2,1
94205,35/11-5,1064.9079968,2,2,1
94206,35/11-5,1065.0599968000001,2,2,1
94207,35/11-5,1065.2119968,2,2,1
94208,35/11-5,1065.3639968,2,2,1
94209,35/11-5,1065.5159968,2,2,1
94210,35/11-5,1065.6679968,2,2,1
94211,35/11-5,1065.8199968000001,2,2,1
94212,35/11-5,1065.9719968,2,2,1
94213,35/11-5,1066.1239968,2,2,1
94214,35/11-5,1066.2759968,2,2,1
94215,35/11-5,1066.4279968,2,2,1
94216,35/11-5,1066.5799968000001,2,2,1
94217,35/11-5,1066.7319968,2,2,1
94218,35/11-5,1066.8839968,2,2,1
94219,35/11-5,1067.0359968,2,2,1
94220,35/11-5,1067.1879968,2,2,1
94221,35/11-5,1067.3399968,2,2,1
94222,35/11-5,1067.4919968,2,2,1
94223,35/11-5,1067.6439968,2,2,1
94224,35/11-5,1067.7959968,2,2,1
94225,35/11-5,1067.9479968,2,2,1
94226,35/11-5,1068.0999968,2,2,1
94227,35/11-5,1068.2519968000001,2,2,1
94228,35/11-5,1068.4039968,2,2,1
94229,35/11-5,1068.5559968,2,2,1
94230,35/11-5,1068.7079968,2,2,1
94231,35/11-5,1068.8599968,2,2,1
94232,35/11-5,1069.0119968000001,2,2,1
94233,35/11-5,1069.1639968,2,2,1
94234,35/11-5,1069.3159968,2,2,1
94235,35/11-5,1069.4679968,2,2,1
94236,35/11-5,1069.6199968,2,2,1
94237,35/11-5,1069.7719968000001,2,2,1
94238,35/11-5,1069.9239968,2,2,1
94239,35/11-5,1070.0759968,2,2,1
94240,35/11-5,1070.2279968,2,2,1
94241,35/11-5,1070.3799968,2,2,1
94242,35/11-5,1070.5319968000001,2,2,1
94243,35/11-5,1070.6839968,2,2,1
94244,35/11-5,1070.8359968,2,2,1
94245,35/11-5,1070.9879968,2,2,1
94246,35/11-5,1071.1399968,2,2,1
94247,35/11-5,1071.2919968,2,2,1
94248,35/11-5,1071.4439968,2,2,1
94249,35/11-5,1071.5959968,2,2,1
94250,35/11-5,1071.7479968,2,2,1
94251,35/11-5,1071.8999968,2,2,1
94252,35/11-5,1072.0519968,2,2,1
94253,35/11-5,1072.2039968000001,2,2,1
94254,35/11-5,1072.3559968,2,2,1
94255,35/11-5,1072.5079968,2,2,1
94256,35/11-5,1072.6599968,2,2,1
94257,35/11-5,1072.8119968,2,2,1
94258,35/11-5,1072.9639968000001,2,2,1
94259,35/11-5,1073.1159968,2,2,1
94260,35/11-5,1073.2679968,2,2,1
94261,35/11-5,1073.4199968,2,2,1
94262,35/11-5,1073.5719968,2,2,1
94263,35/11-5,1073.7239968000001,2,2,1
94264,35/11-5,1073.8759968,2,2,1
94265,35/11-5,1074.0279968,2,2,1
94266,35/11-5,1074.1799968,2,2,1
94267,35/11-5,1074.3319968,2,2,1
94268,35/11-5,1074.4839968,2,2,1
94269,35/11-5,1074.6359968,2,2,1
94270,35/11-5,1074.7879968,2,2,1
94271,35/11-5,1074.9399968,2,2,1
94272,35/11-5,1075.0919968,2,2,1
94273,35/11-5,1075.2439968,2,2,1
94274,35/11-5,1075.3959968,2,2,1
94275,35/11-5,1075.5479968,2,2,1
94276,35/11-5,1075.6999968,2,2,1
94277,35/11-5,1075.8519968,2,2,1
94278,35/11-5,1076.0039968,2,2,1
94279,35/11-5,1076.1559968000001,2,2,1
94280,35/11-5,1076.3079968,2,2,1
94281,35/11-5,1076.4599968,2,2,1
94282,35/11-5,1076.6119968,2,2,1
94283,35/11-5,1076.7639968,2,2,1
94284,35/11-5,1076.9159968000001,2,2,1
94285,35/11-5,1077.0679968,2,2,1
94286,35/11-5,1077.2199968,2,2,1
94287,35/11-5,1077.3719968,2,2,1
94288,35/11-5,1077.5239968,2,2,1
94289,35/11-5,1077.6759968000001,2,2,1
94290,35/11-5,1077.8279968,2,2,1
94291,35/11-5,1077.9799968,2,2,1
94292,35/11-5,1078.1319968,2,2,1
94293,35/11-5,1078.2839968,2,2,1
94294,35/11-5,1078.4359968,2,2,1
94295,35/11-5,1078.5879968,2,2,1
94296,35/11-5,1078.7399968,2,2,1
94297,35/11-5,1078.8919968,2,2,1
94298,35/11-5,1079.0439968,2,2,1
94299,35/11-5,1079.1959968,2,2,1
94300,35/11-5,1079.3479968000001,2,2,1
94301,35/11-5,1079.4999968,2,2,1
94302,35/11-5,1079.6519968,2,2,1
94303,35/11-5,1079.8039968,2,2,1
94304,35/11-5,1079.9559968,2,2,1
94305,35/11-5,1080.1079968000001,2,2,1
94306,35/11-5,1080.2599968,2,2,1
94307,35/11-5,1080.4119968,2,2,1
94308,35/11-5,1080.5639968,2,2,1
94309,35/11-5,1080.7159968,2,2,1
94310,35/11-5,1080.8679968000001,2,2,1
94311,35/11-5,1081.0199968,2,2,1
94312,35/11-5,1081.1719968,2,2,1
94313,35/11-5,1081.3239968,2,2,1
94314,35/11-5,1081.4759968,2,2,1
94315,35/11-5,1081.6279968000001,2,2,1
94316,35/11-5,1081.7799968,2,2,1
94317,35/11-5,1081.9319968,2,2,1
94318,35/11-5,1082.0839968,2,2,1
94319,35/11-5,1082.2359968,2,2,1
94320,35/11-5,1082.3879968,2,2,1
94321,35/11-5,1082.5399968,2,2,1
94322,35/11-5,1082.6919968,2,2,1
94323,35/11-5,1082.8439968,2,2,1
94324,35/11-5,1082.9959968,2,2,1
94325,35/11-5,1083.1479968,2,2,1
94326,35/11-5,1083.2999968000001,2,2,1
94327,35/11-5,1083.4519968,2,2,1
94328,35/11-5,1083.6039968,2,2,1
94329,35/11-5,1083.7559968,2,2,1
94330,35/11-5,1083.9079968,2,2,1
94331,35/11-5,1084.0599968000001,2,2,1
94332,35/11-5,1084.2119968,2,2,1
94333,35/11-5,1084.3639968,2,2,1
94334,35/11-5,1084.5159968,2,2,1
94335,35/11-5,1084.6679968,2,2,1
94336,35/11-5,1084.8199968000001,2,2,1
94337,35/11-5,1084.9719968,2,2,1
94338,35/11-5,1085.1239968,2,2,1
94339,35/11-5,1085.2759968,2,2,1
94340,35/11-5,1085.4279968,2,2,1
94341,35/11-5,1085.5799968000001,2,2,1
94342,35/11-5,1085.7319968,2,2,1
94343,35/11-5,1085.8839968,2,2,1
94344,35/11-5,1086.0359968,2,2,1
94345,35/11-5,1086.1879968,2,2,1
94346,35/11-5,1086.3399968,2,2,1
94347,35/11-5,1086.4919968,2,2,1
94348,35/11-5,1086.6439968,2,2,1
94349,35/11-5,1086.7959968,2,2,1
94350,35/11-5,1086.9479968,2,2,1
94351,35/11-5,1087.0999968,2,2,1
94352,35/11-5,1087.2519968000001,2,2,1
94353,35/11-5,1087.4039968,2,2,1
94354,35/11-5,1087.5559968,2,2,1
94355,35/11-5,1087.7079968,2,2,1
94356,35/11-5,1087.8599968,2,2,1
94357,35/11-5,1088.0119968000001,2,2,1
94358,35/11-5,1088.1639968,2,2,1
94359,35/11-5,1088.3159968,2,2,1
94360,35/11-5,1088.4679968,2,2,1
94361,35/11-5,1088.6199968,2,2,1
94362,35/11-5,1088.7719968000001,2,2,1
94363,35/11-5,1088.9239968,2,2,1
94364,35/11-5,1089.0759968,2,2,1
94365,35/11-5,1089.2279968,2,2,1
94366,35/11-5,1089.3799968,2,2,1
94367,35/11-5,1089.5319968000001,2,2,1
94368,35/11-5,1089.6839968,2,2,1
94369,35/11-5,1089.8359968,2,2,1
94370,35/11-5,1089.9879968,2,2,1
94371,35/11-5,1090.1399968,2,2,1
94372,35/11-5,1090.2919968,2,2,1
94373,35/11-5,1090.4439968,2,2,1
94374,35/11-5,1090.5959968,2,2,1
94375,35/11-5,1090.7479968,2,2,1
94376,35/11-5,1090.8999968,2,2,1
94377,35/11-5,1091.0519968,2,2,1
94378,35/11-5,1091.2039968000001,2,2,1
94379,35/11-5,1091.3559968,2,2,1
94380,35/11-5,1091.5079968,2,2,1
94381,35/11-5,1091.6599968,2,2,1
94382,35/11-5,1091.8119968,2,2,1
94383,35/11-5,1091.9639968000001,2,2,1
94384,35/11-5,1092.1159968,2,2,1
94385,35/11-5,1092.2679968,2,2,1
94386,35/11-5,1092.4199968,2,2,1
94387,35/11-5,1092.5719968,2,2,1
94388,35/11-5,1092.7239968000001,2,2,1
94389,35/11-5,1092.8759968,2,2,1
94390,35/11-5,1093.0279968,2,2,1
94391,35/11-5,1093.1799968,2,2,1
94392,35/11-5,1093.3319968,2,2,1
94393,35/11-5,1093.4839968,2,2,1
94394,35/11-5,1093.6359968,2,2,1
94395,35/11-5,1093.7879968,2,2,1
94396,35/11-5,1093.9399968,2,2,1
94397,35/11-5,1094.0919968,2,2,1
94398,35/11-5,1094.2439968,2,2,1
94399,35/11-5,1094.3959968,2,2,1
94400,35/11-5,1094.5479968,2,2,1
94401,35/11-5,1094.6999968,2,2,1
94402,35/11-5,1094.8519968,2,2,1
94403,35/11-5,1095.0039968,2,2,1
94404,35/11-5,1095.1559968000001,2,2,1
94405,35/11-5,1095.3079968,2,2,1
94406,35/11-5,1095.4599968,2,2,1
94407,35/11-5,1095.6119968,2,2,1
94408,35/11-5,1095.7639968,2,2,1
94409,35/11-5,1095.9159968000001,2,2,1
94410,35/11-5,1096.0679968,2,2,1
94411,35/11-5,1096.2199968,2,2,1
94412,35/11-5,1096.3719968,2,2,1
94413,35/11-5,1096.5239968,2,2,1
94414,35/11-5,1096.6759968000001,2,2,1
94415,35/11-5,1096.8279968,2,2,1
94416,35/11-5,1096.9799968,2,2,1
94417,35/11-5,1097.1319968,2,2,1
94418,35/11-5,1097.2839968,2,2,1
94419,35/11-5,1097.4359968,2,2,1
94420,35/11-5,1097.5879968,2,2,1
94421,35/11-5,1097.7399968,2,2,1
94422,35/11-5,1097.8919968,2,2,1
94423,35/11-5,1098.0439968,2,2,1
94424,35/11-5,1098.1959968,2,2,1
94425,35/11-5,1098.3479968000001,2,2,1
94426,35/11-5,1098.4999968,2,2,1
94427,35/11-5,1098.6519968,2,2,1
94428,35/11-5,1098.8039968,2,2,1
94429,35/11-5,1098.9559968,2,2,1
94430,35/11-5,1099.1079968000001,2,2,1
94431,35/11-5,1099.2599968,2,2,1
94432,35/11-5,1099.4119968,2,2,1
94433,35/11-5,1099.5639968,2,2,1
94434,35/11-5,1099.7159968,2,2,1
94435,35/11-5,1099.8679968000001,2,2,1
94436,35/11-5,1100.0199968,2,2,1
94437,35/11-5,1100.1719968,2,2,1
94438,35/11-5,1100.3239968,2,2,1
94439,35/11-5,1100.4759968,2,2,1
94440,35/11-5,1100.6279968000001,2,2,1
94441,35/11-5,1100.7799968,2,2,1
94442,35/11-5,1100.9319968,2,2,1
94443,35/11-5,1101.0839968,2,2,1
94444,35/11-5,1101.2359968,2,2,1
94445,35/11-5,1101.3879968,2,2,1
94446,35/11-5,1101.5399968,2,2,1
94447,35/11-5,1101.6919968,2,2,1
94448,35/11-5,1101.8439968,2,2,1
94449,35/11-5,1101.9959968,2,2,1
94450,35/11-5,1102.1479968,2,2,1
94451,35/11-5,1102.2999968000001,2,2,1
94452,35/11-5,1102.4519968,2,2,1
94453,35/11-5,1102.6039968,2,2,1
94454,35/11-5,1102.7559968,2,2,1
94455,35/11-5,1102.9079968,2,2,1
94456,35/11-5,1103.0599968000001,2,2,1
94457,35/11-5,1103.2119968,2,2,1
94458,35/11-5,1103.3639968,2,2,1
94459,35/11-5,1103.5159968,2,2,1
94460,35/11-5,1103.6679968,2,2,1
94461,35/11-5,1103.8199968000001,2,2,1
94462,35/11-5,1103.9719968,2,2,1
94463,35/11-5,1104.1239968,2,2,1
94464,35/11-5,1104.2759968,2,2,1
94465,35/11-5,1104.4279968,2,2,1
94466,35/11-5,1104.5799968000001,2,2,1
94467,35/11-5,1104.7319968,2,2,1
94468,35/11-5,1104.8839968,2,2,1
94469,35/11-5,1105.0359968,2,2,1
94470,35/11-5,1105.1879968,2,2,1
94471,35/11-5,1105.3399968,2,2,1
94472,35/11-5,1105.4919968,2,2,1
94473,35/11-5,1105.6439968,2,2,1
94474,35/11-5,1105.7959968,2,2,1
94475,35/11-5,1105.9479968,2,2,1
94476,35/11-5,1106.0999968,2,2,1
94477,35/11-5,1106.2519968000001,2,2,1
94478,35/11-5,1106.4039968,2,2,1
94479,35/11-5,1106.5559968,2,2,1
94480,35/11-5,1106.7079968,2,2,1
94481,35/11-5,1106.8599968,2,2,1
94482,35/11-5,1107.0119968000001,2,2,1
94483,35/11-5,1107.1639968,2,2,1
94484,35/11-5,1107.3159968,2,2,1
94485,35/11-5,1107.4679968,2,2,1
94486,35/11-5,1107.6199968,2,2,1
94487,35/11-5,1107.7719968000001,2,2,1
94488,35/11-5,1107.9239968,2,2,1
94489,35/11-5,1108.0759968,2,2,1
94490,35/11-5,1108.2279968,2,2,1
94491,35/11-5,1108.3799968,2,2,1
94492,35/11-5,1108.5319968000001,2,2,1
94493,35/11-5,1108.6839968,2,2,1
94494,35/11-5,1108.8359968,2,2,1
94495,35/11-5,1108.9879968,2,2,1
94496,35/11-5,1109.1399968,2,2,1
94497,35/11-5,1109.2919968,2,2,1
94498,35/11-5,1109.4439968,2,2,1
94499,35/11-5,1109.5959968,2,2,1
94500,35/11-5,1109.7479968,2,2,1
94501,35/11-5,1109.8999968,2,2,1
94502,35/11-5,1110.0519968,2,2,1
94503,35/11-5,1110.2039968000001,2,2,1
94504,35/11-5,1110.3559968,2,2,1
94505,35/11-5,1110.5079968,2,2,1
94506,35/11-5,1110.6599968,2,2,1
94507,35/11-5,1110.8119968,2,2,1
94508,35/11-5,1110.9639968000001,2,2,1
94509,35/11-5,1111.1159968,2,2,1
94510,35/11-5,1111.2679968,2,2,1
94511,35/11-5,1111.4199968,2,2,1
94512,35/11-5,1111.5719968,2,2,1
94513,35/11-5,1111.7239968000001,2,2,1
94514,35/11-5,1111.8759968,2,2,1
94515,35/11-5,1112.0279968,2,2,1
94516,35/11-5,1112.1799968,2,2,1
94517,35/11-5,1112.3319968,2,2,1
94518,35/11-5,1112.4839968,2,2,1
94519,35/11-5,1112.6359968,2,2,1
94520,35/11-5,1112.7879968,2,2,1
94521,35/11-5,1112.9399968,2,2,1
94522,35/11-5,1113.0919968,2,2,1
94523,35/11-5,1113.2439968,2,2,1
94524,35/11-5,1113.3959968,2,2,1
94525,35/11-5,1113.5479968,2,2,1
94526,35/11-5,1113.6999968,2,2,1
94527,35/11-5,1113.8519968,2,2,1
94528,35/11-5,1114.0039968,2,2,1
94529,35/11-5,1114.1559968000001,2,2,1
94530,35/11-5,1114.3079968,2,2,1
94531,35/11-5,1114.4599968,2,2,1
94532,35/11-5,1114.6119968,2,2,1
94533,35/11-5,1114.7639968,2,2,1
94534,35/11-5,1114.9159968000001,2,2,1
94535,35/11-5,1115.0679968,2,2,1
94536,35/11-5,1115.2199968,2,2,1
94537,35/11-5,1115.3719968,2,2,1
94538,35/11-5,1115.5239968,2,2,1
94539,35/11-5,1115.6759968000001,2,2,1
94540,35/11-5,1115.8279968,2,2,1
94541,35/11-5,1115.9799968,2,2,1
94542,35/11-5,1116.1319968,2,2,1
94543,35/11-5,1116.2839968,2,2,1
94544,35/11-5,1116.4359968,2,2,1
94545,35/11-5,1116.5879968,2,2,1
94546,35/11-5,1116.7399968,2,2,1
94547,35/11-5,1116.8919968,2,2,1
94548,35/11-5,1117.0439968,2,2,1
94549,35/11-5,1117.1959968,2,2,1
94550,35/11-5,1117.3479968000001,2,2,1
94551,35/11-5,1117.4999968,2,2,1
94552,35/11-5,1117.6519968,2,2,1
94553,35/11-5,1117.8039968,2,2,1
94554,35/11-5,1117.9559968,2,2,1
94555,35/11-5,1118.1079968000001,2,2,1
94556,35/11-5,1118.2599968,2,2,1
94557,35/11-5,1118.4119968,2,2,1
94558,35/11-5,1118.5639968,2,2,1
94559,35/11-5,1118.7159968,2,2,1
94560,35/11-5,1118.8679968000001,2,2,1
94561,35/11-5,1119.0199968,2,2,1
94562,35/11-5,1119.1719968,2,2,1
94563,35/11-5,1119.3239968,2,2,1
94564,35/11-5,1119.4759968,2,2,1
94565,35/11-5,1119.6279968000001,2,2,1
94566,35/11-5,1119.7799968,2,2,1
94567,35/11-5,1119.9319968,2,2,1
94568,35/11-5,1120.0839968,2,2,1
94569,35/11-5,1120.2359968,2,2,1
94570,35/11-5,1120.3879968,2,2,1
94571,35/11-5,1120.5399968,2,2,1
94572,35/11-5,1120.6919968,2,2,1
94573,35/11-5,1120.8439968,2,2,1
94574,35/11-5,1120.9959968,2,2,1
94575,35/11-5,1121.1479968,2,2,1
94576,35/11-5,1121.2999968000001,2,2,1
94577,35/11-5,1121.4519968,2,2,1
94578,35/11-5,1121.6039968,2,2,1
94579,35/11-5,1121.7559968,2,2,1
94580,35/11-5,1121.9079968,2,2,1
94581,35/11-5,1122.0599968000001,2,2,1
94582,35/11-5,1122.2119968,2,2,1
94583,35/11-5,1122.3639968,2,2,1
94584,35/11-5,1122.5159968,2,2,1
94585,35/11-5,1122.6679968,2,2,1
94586,35/11-5,1122.8199968000001,2,2,1
94587,35/11-5,1122.9719968,2,2,1
94588,35/11-5,1123.1239968,2,2,1
94589,35/11-5,1123.2759968,2,2,1
94590,35/11-5,1123.4279968,2,2,1
94591,35/11-5,1123.5799968000001,2,2,1
94592,35/11-5,1123.7319968,2,2,1
94593,35/11-5,1123.8839968,2,2,1
94594,35/11-5,1124.0359968,2,2,1
94595,35/11-5,1124.1879968,2,2,1
94596,35/11-5,1124.3399968,2,2,1
94597,35/11-5,1124.4919968,2,2,1
94598,35/11-5,1124.6439968,2,2,1
94599,35/11-5,1124.7959968,2,2,1
94600,35/11-5,1124.9479968,2,2,1
94601,35/11-5,1125.0999968,2,2,1
94602,35/11-5,1125.2519968000001,2,2,1
94603,35/11-5,1125.4039968,2,2,1
94604,35/11-5,1125.5559968,2,2,1
94605,35/11-5,1125.7079968,2,2,1
94606,35/11-5,1125.8599968,2,2,1
94607,35/11-5,1126.0119968000001,2,2,1
94608,35/11-5,1126.1639968,2,2,1
94609,35/11-5,1126.3159968,2,2,1
94610,35/11-5,1126.4679968,2,2,1
94611,35/11-5,1126.6199968,2,2,1
94612,35/11-5,1126.7719968000001,2,2,1
94613,35/11-5,1126.9239968,2,2,1
94614,35/11-5,1127.0759968,2,2,1
94615,35/11-5,1127.2279968,2,2,1
94616,35/11-5,1127.3799968,2,2,1
94617,35/11-5,1127.5319968000001,2,2,1
94618,35/11-5,1127.6839968,2,2,1
94619,35/11-5,1127.8359968,2,2,1
94620,35/11-5,1127.9879968,2,2,1
94621,35/11-5,1128.1399968,2,2,1
94622,35/11-5,1128.2919968,2,2,1
94623,35/11-5,1128.4439968,2,2,1
94624,35/11-5,1128.5959968,2,2,1
94625,35/11-5,1128.7479968,2,2,1
94626,35/11-5,1128.8999968,2,2,1
94627,35/11-5,1129.0519968,2,2,1
94628,35/11-5,1129.2039968000001,2,2,1
94629,35/11-5,1129.3559968,2,2,1
94630,35/11-5,1129.5079968,2,2,1
94631,35/11-5,1129.6599968,2,2,1
94632,35/11-5,1129.8119968,2,2,1
94633,35/11-5,1129.9639968000001,2,2,1
94634,35/11-5,1130.1159968,4,2,0
94635,35/11-5,1130.2679968,4,2,0
94636,35/11-5,1130.4199968,4,2,0
94637,35/11-5,1130.5719968,4,2,0
94638,35/11-5,1130.7239968000001,4,2,0
94639,35/11-5,1130.8759968,2,2,1
94640,35/11-5,1131.0279968,2,2,1
94641,35/11-5,1131.1799968,2,2,1
94642,35/11-5,1131.3319968,2,2,1
94643,35/11-5,1131.4839968,2,2,1
94644,35/11-5,1131.6359968,2,2,1
94645,35/11-5,1131.7879968,2,2,1
94646,35/11-5,1131.9399968,2,2,1
94647,35/11-5,1132.0919968,2,2,1
94648,35/11-5,1132.2439968,2,2,1
94649,35/11-5,1132.3959968,2,2,1
94650,35/11-5,1132.5479968,2,2,1
94651,35/11-5,1132.6999968,2,2,1
94652,35/11-5,1132.8519968,2,2,1
94653,35/11-5,1133.0039968,2,2,1
94654,35/11-5,1133.1559968000001,2,2,1
94655,35/11-5,1133.3079968,2,2,1
94656,35/11-5,1133.4599968,2,2,1
94657,35/11-5,1133.6119968,2,2,1
94658,35/11-5,1133.7639968,2,2,1
94659,35/11-5,1133.9159968000001,2,2,1
94660,35/11-5,1134.0679968,2,2,1
94661,35/11-5,1134.2199968,2,2,1
94662,35/11-5,1134.3719968,2,2,1
94663,35/11-5,1134.5239968,2,2,1
94664,35/11-5,1134.6759968000001,2,2,1
94665,35/11-5,1134.8279968,2,2,1
94666,35/11-5,1134.9799968,2,2,1
94667,35/11-5,1135.1319968,2,2,1
94668,35/11-5,1135.2839968,2,2,1
94669,35/11-5,1135.4359968,2,2,1
94670,35/11-5,1135.5879968,2,2,1
94671,35/11-5,1135.7399968,2,2,1
94672,35/11-5,1135.8919968,2,2,1
94673,35/11-5,1136.0439968,2,2,1
94674,35/11-5,1136.1959968,2,2,1
94675,35/11-5,1136.3479968000001,2,2,1
94676,35/11-5,1136.4999968,2,2,1
94677,35/11-5,1136.6519968,2,2,1
94678,35/11-5,1136.8039968,2,2,1
94679,35/11-5,1136.9559968,2,2,1
94680,35/11-5,1137.1079968000001,2,2,1
94681,35/11-5,1137.2599968,2,2,1
94682,35/11-5,1137.4119968,2,2,1
94683,35/11-5,1137.5639968,2,2,1
94684,35/11-5,1137.7159968,2,2,1
94685,35/11-5,1137.8679968000001,2,2,1
94686,35/11-5,1138.0199968,2,2,1
94687,35/11-5,1138.1719968,2,2,1
94688,35/11-5,1138.3239968,2,2,1
94689,35/11-5,1138.4759968,2,2,1
94690,35/11-5,1138.6279968000001,2,2,1
94691,35/11-5,1138.7799968,2,2,1
94692,35/11-5,1138.9319968,2,2,1
94693,35/11-5,1139.0839968,2,2,1
94694,35/11-5,1139.2359968,2,2,1
94695,35/11-5,1139.3879968,2,2,1
94696,35/11-5,1139.5399968,2,2,1
94697,35/11-5,1139.6919968,2,2,1
94698,35/11-5,1139.8439968,2,2,1
94699,35/11-5,1139.9959968,2,2,1
94700,35/11-5,1140.1479968,2,2,1
94701,35/11-5,1140.2999968000001,2,2,1
94702,35/11-5,1140.4519968,2,2,1
94703,35/11-5,1140.6039968,2,2,1
94704,35/11-5,1140.7559968,2,2,1
94705,35/11-5,1140.9079968,2,2,1
94706,35/11-5,1141.0599968000001,2,2,1
94707,35/11-5,1141.2119968,2,2,1
94708,35/11-5,1141.3639968,4,2,0
94709,35/11-5,1141.5159968,4,2,0
94710,35/11-5,1141.6679968,4,2,0
94711,35/11-5,1141.8199968000001,4,2,0
94712,35/11-5,1141.9719968,2,2,1
94713,35/11-5,1142.1239968,2,2,1
94714,35/11-5,1142.2759968,2,2,1
94715,35/11-5,1142.4279968,2,2,1
94716,35/11-5,1142.5799968000001,2,2,1
94717,35/11-5,1142.7319968,2,2,1
94718,35/11-5,1142.8839968,2,2,1
94719,35/11-5,1143.0359968,2,2,1
94720,35/11-5,1143.1879968,2,2,1
94721,35/11-5,1143.3399968,2,2,1
94722,35/11-5,1143.4919968,2,2,1
94723,35/11-5,1143.6439968,2,2,1
94724,35/11-5,1143.7959968,2,2,1
94725,35/11-5,1143.9479968,2,2,1
94726,35/11-5,1144.0999968,2,2,1
94727,35/11-5,1144.2519968000001,2,2,1
94728,35/11-5,1144.4039968,2,2,1
94729,35/11-5,1144.5559968,2,2,1
94730,35/11-5,1144.7079968,2,2,1
94731,35/11-5,1144.8599968,2,2,1
94732,35/11-5,1145.0119968000001,2,2,1
94733,35/11-5,1145.1639968,2,2,1
94734,35/11-5,1145.3159968,2,2,1
94735,35/11-5,1145.4679968,2,2,1
94736,35/11-5,1145.6199968,2,2,1
94737,35/11-5,1145.7719968000001,2,2,1
94738,35/11-5,1145.9239968,2,2,1
94739,35/11-5,1146.0759968,2,2,1
94740,35/11-5,1146.2279968,2,2,1
94741,35/11-5,1146.3799968,2,2,1
94742,35/11-5,1146.5319968000001,2,2,1
94743,35/11-5,1146.6839968,2,2,1
94744,35/11-5,1146.8359968,2,2,1
94745,35/11-5,1146.9879968,2,2,1
94746,35/11-5,1147.1399968,2,2,1
94747,35/11-5,1147.2919968,2,2,1
94748,35/11-5,1147.4439968,2,2,1
94749,35/11-5,1147.5959968,2,2,1
94750,35/11-5,1147.7479968,2,2,1
94751,35/11-5,1147.8999968,2,2,1
94752,35/11-5,1148.0519968,2,2,1
94753,35/11-5,1148.2039968000001,2,2,1
94754,35/11-5,1148.3559968,2,2,1
94755,35/11-5,1148.5079968,2,2,1
94756,35/11-5,1148.6599968,2,2,1
94757,35/11-5,1148.8119968,2,2,1
94758,35/11-5,1148.9639968000001,2,2,1
94759,35/11-5,1149.1159968,2,2,1
94760,35/11-5,1149.2679968,2,2,1
94761,35/11-5,1149.4199968,2,2,1
94762,35/11-5,1149.5719968,2,2,1
94763,35/11-5,1149.7239968000001,2,2,1
94764,35/11-5,1149.8759968,2,2,1
94765,35/11-5,1150.0279968,2,2,1
94766,35/11-5,1150.1799968,2,2,1
94767,35/11-5,1150.3319968,2,2,1
94768,35/11-5,1150.4839968,2,2,1
94769,35/11-5,1150.6359968,2,2,1
94770,35/11-5,1150.7879968,2,2,1
94771,35/11-5,1150.9399968,2,2,1
94772,35/11-5,1151.0919968,2,2,1
94773,35/11-5,1151.2439968,2,2,1
94774,35/11-5,1151.3959968,2,2,1
94775,35/11-5,1151.5479968,2,2,1
94776,35/11-5,1151.6999968,2,2,1
94777,35/11-5,1151.8519968,2,2,1
94778,35/11-5,1152.0039968,2,2,1
94779,35/11-5,1152.1559968000001,2,2,1
94780,35/11-5,1152.3079968,2,2,1
94781,35/11-5,1152.4599968,2,2,1
94782,35/11-5,1152.6119968,2,2,1
94783,35/11-5,1152.7639968,2,2,1
94784,35/11-5,1152.9159968000001,2,2,1
94785,35/11-5,1153.0679968,2,2,1
94786,35/11-5,1153.2199968,2,2,1
94787,35/11-5,1153.3719968,2,2,1
94788,35/11-5,1153.5239968,2,2,1
94789,35/11-5,1153.6759968000001,2,2,1
94790,35/11-5,1153.8279968,2,2,1
94791,35/11-5,1153.9799968,2,2,1
94792,35/11-5,1154.1319968,2,2,1
94793,35/11-5,1154.2839968,2,2,1
94794,35/11-5,1154.4359968,2,2,1
94795,35/11-5,1154.5879968,2,2,1
94796,35/11-5,1154.7399968,4,2,0
94797,35/11-5,1154.8919968,4,2,0
94798,35/11-5,1155.0439968,4,2,0
94799,35/11-5,1155.1959968,4,2,0
94800,35/11-5,1155.3479968000001,4,2,0
94801,35/11-5,1155.4999968,2,2,1
94802,35/11-5,1155.6519968,2,2,1
94803,35/11-5,1155.8039968,2,2,1
94804,35/11-5,1155.9559968,2,2,1
94805,35/11-5,1156.1079968000001,2,2,1
94806,35/11-5,1156.2599968,2,2,1
94807,35/11-5,1156.4119968,2,2,1
94808,35/11-5,1156.5639968,2,2,1
94809,35/11-5,1156.7159968,2,2,1
94810,35/11-5,1156.8679968000001,2,2,1
94811,35/11-5,1157.0199968,2,2,1
94812,35/11-5,1157.1719968,2,2,1
94813,35/11-5,1157.3239968,2,2,1
94814,35/11-5,1157.4759968,2,2,1
94815,35/11-5,1157.6279968000001,2,2,1
94816,35/11-5,1157.7799968,2,2,1
94817,35/11-5,1157.9319968,2,2,1
94818,35/11-5,1158.0839968,2,2,1
94819,35/11-5,1158.2359968,2,2,1
94820,35/11-5,1158.3879968,2,2,1
94821,35/11-5,1158.5399968,2,2,1
94822,35/11-5,1158.6919968,2,2,1
94823,35/11-5,1158.8439968,2,2,1
94824,35/11-5,1158.9959968,2,2,1
94825,35/11-5,1159.1479968,2,2,1
94826,35/11-5,1159.2999968000001,2,2,1
94827,35/11-5,1159.4519968,2,2,1
94828,35/11-5,1159.6039968,2,2,1
94829,35/11-5,1159.7559968,2,2,1
94830,35/11-5,1159.9079968,2,2,1
94831,35/11-5,1160.0599968000001,2,2,1
94832,35/11-5,1160.2119968,2,2,1
94833,35/11-5,1160.3639968,2,2,1
94834,35/11-5,1160.5159968,2,2,1
94835,35/11-5,1160.6679968,2,2,1
94836,35/11-5,1160.8199968000001,2,2,1
94837,35/11-5,1160.9719968,2,2,1
94838,35/11-5,1161.1239968,2,2,1
94839,35/11-5,1161.2759968,2,2,1
94840,35/11-5,1161.4279968,2,2,1
94841,35/11-5,1161.5799968000001,2,2,1
94842,35/11-5,1161.7319968,2,2,1
94843,35/11-5,1161.8839968,2,2,1
94844,35/11-5,1162.0359968,2,2,1
94845,35/11-5,1162.1879968,2,2,1
94846,35/11-5,1162.3399968,2,2,1
94847,35/11-5,1162.4919968,2,2,1
94848,35/11-5,1162.6439968,2,2,1
94849,35/11-5,1162.7959968,2,2,1
94850,35/11-5,1162.9479968,2,2,1
94851,35/11-5,1163.0999968,2,2,1
94852,35/11-5,1163.2519968000001,2,2,1
94853,35/11-5,1163.4039968,2,2,1
94854,35/11-5,1163.5559968,2,2,1
94855,35/11-5,1163.7079968,2,2,1
94856,35/11-5,1163.8599968,2,2,1
94857,35/11-5,1164.0119968000001,2,2,1
94858,35/11-5,1164.1639968,2,2,1
94859,35/11-5,1164.3159968,2,2,1
94860,35/11-5,1164.4679968,2,2,1
94861,35/11-5,1164.6199968,2,2,1
94862,35/11-5,1164.7719968000001,2,2,1
94863,35/11-5,1164.9239968,2,2,1
94864,35/11-5,1165.0759968,2,2,1
94865,35/11-5,1165.2279968,2,2,1
94866,35/11-5,1165.3799968,2,2,1
94867,35/11-5,1165.5319968000001,2,2,1
94868,35/11-5,1165.6839968,2,2,1
94869,35/11-5,1165.8359968,2,2,1
94870,35/11-5,1165.9879968,2,2,1
94871,35/11-5,1166.1399968,2,2,1
94872,35/11-5,1166.2919968,2,2,1
94873,35/11-5,1166.4439968,2,2,1
94874,35/11-5,1166.5959968,2,2,1
94875,35/11-5,1166.7479968,2,2,1
94876,35/11-5,1166.8999968,2,2,1
94877,35/11-5,1167.0519968,2,2,1
94878,35/11-5,1167.2039968000001,2,2,1
94879,35/11-5,1167.3559968,2,2,1
94880,35/11-5,1167.5079968,2,2,1
94881,35/11-5,1167.6599968,2,2,1
94882,35/11-5,1167.8119968,2,2,1
94883,35/11-5,1167.9639968000001,2,2,1
94884,35/11-5,1168.1159968,2,2,1
94885,35/11-5,1168.2679968,2,2,1
94886,35/11-5,1168.4199968,2,2,1
94887,35/11-5,1168.5719968,2,2,1
94888,35/11-5,1168.7239968000001,2,2,1
94889,35/11-5,1168.8759968,2,2,1
94890,35/11-5,1169.0279968,2,2,1
94891,35/11-5,1169.1799968,2,2,1
94892,35/11-5,1169.3319968,2,2,1
94893,35/11-5,1169.4839968,2,2,1
94894,35/11-5,1169.6359968,2,2,1
94895,35/11-5,1169.7879968,2,2,1
94896,35/11-5,1169.9399968,2,2,1
94897,35/11-5,1170.0919968,2,2,1
94898,35/11-5,1170.2439968,2,2,1
94899,35/11-5,1170.3959968,2,2,1
94900,35/11-5,1170.5479968,2,2,1
94901,35/11-5,1170.6999968,2,2,1
94902,35/11-5,1170.8519968,2,2,1
94903,35/11-5,1171.0039968,2,2,1
94904,35/11-5,1171.1559968000001,2,2,1
94905,35/11-5,1171.3079968,2,2,1
94906,35/11-5,1171.4599968,2,2,1
94907,35/11-5,1171.6119968,2,2,1
94908,35/11-5,1171.7639968,2,2,1
94909,35/11-5,1171.9159968000001,2,2,1
94910,35/11-5,1172.0679968,2,2,1
94911,35/11-5,1172.2199968,2,2,1
94912,35/11-5,1172.3719968,2,2,1
94913,35/11-5,1172.5239968,2,2,1
94914,35/11-5,1172.6759968000001,2,2,1
94915,35/11-5,1172.8279968,2,2,1
94916,35/11-5,1172.9799968,2,2,1
94917,35/11-5,1173.1319968,2,2,1
94918,35/11-5,1173.2839968,2,2,1
94919,35/11-5,1173.4359968,2,2,1
94920,35/11-5,1173.5879968,2,2,1
94921,35/11-5,1173.7399968,2,2,1
94922,35/11-5,1173.8919968,2,2,1
94923,35/11-5,1174.0439968,2,2,1
94924,35/11-5,1174.1959968,2,2,1
94925,35/11-5,1174.3479968000001,2,2,1
94926,35/11-5,1174.4999968,2,2,1
94927,35/11-5,1174.6519968,2,2,1
94928,35/11-5,1174.8039968,2,2,1
94929,35/11-5,1174.9559968,2,2,1
94930,35/11-5,1175.1079968000001,2,2,1
94931,35/11-5,1175.2599968,2,2,1
94932,35/11-5,1175.4119968,2,2,1
94933,35/11-5,1175.5639968,2,2,1
94934,35/11-5,1175.7159968,2,2,1
94935,35/11-5,1175.8679968000001,2,2,1
94936,35/11-5,1176.0199968,2,2,1
94937,35/11-5,1176.1719968,2,2,1
94938,35/11-5,1176.3239968,2,2,1
94939,35/11-5,1176.4759968,2,2,1
94940,35/11-5,1176.6279968000001,2,2,1
94941,35/11-5,1176.7799968,2,2,1
94942,35/11-5,1176.9319968,2,2,1
94943,35/11-5,1177.0839968,2,2,1
94944,35/11-5,1177.2359968,2,2,1
94945,35/11-5,1177.3879968,5,2,0
94946,35/11-5,1177.5399968,5,2,0
94947,35/11-5,1177.6919968,5,2,0
94948,35/11-5,1177.8439968,5,2,0
94949,35/11-5,1177.9959968,5,2,0
94950,35/11-5,1178.1479968,2,2,1
94951,35/11-5,1178.2999968000001,2,2,1
94952,35/11-5,1178.4519968,2,2,1
94953,35/11-5,1178.6039968,2,2,1
94954,35/11-5,1178.7559968,2,2,1
94955,35/11-5,1178.9079968,2,2,1
94956,35/11-5,1179.0599968000001,2,2,1
94957,35/11-5,1179.2119968,5,2,0
94958,35/11-5,1179.3639968,5,2,0
94959,35/11-5,1179.5159968,5,2,0
94960,35/11-5,1179.6679968,5,2,0
94961,35/11-5,1179.8199968000001,5,2,0
94962,35/11-5,1179.9719968,2,2,1
94963,35/11-5,1180.1239968,2,2,1
94964,35/11-5,1180.2759968,2,2,1
94965,35/11-5,1180.4279968,2,2,1
94966,35/11-5,1180.5799968000001,2,2,1
94967,35/11-5,1180.7319968,2,2,1
94968,35/11-5,1180.8839968,2,2,1
94969,35/11-5,1181.0359968,2,2,1
94970,35/11-5,1181.1879968,2,2,1
94971,35/11-5,1181.3399968,2,2,1
94972,35/11-5,1181.4919968,2,2,1
94973,35/11-5,1181.6439968,2,2,1
94974,35/11-5,1181.7959968,2,2,1
94975,35/11-5,1181.9479968,2,2,1
94976,35/11-5,1182.0999968,2,2,1
94977,35/11-5,1182.2519968000001,2,2,1
94978,35/11-5,1182.4039968,2,2,1
94979,35/11-5,1182.5559968,2,2,1
94980,35/11-5,1182.7079968,2,2,1
94981,35/11-5,1182.8599968,2,2,1
94982,35/11-5,1183.0119968000001,2,2,1
94983,35/11-5,1183.1639968,2,2,1
94984,35/11-5,1183.3159968,2,2,1
94985,35/11-5,1183.4679968,2,2,1
94986,35/11-5,1183.6199968,2,2,1
94987,35/11-5,1183.7719968000001,2,2,1
94988,35/11-5,1183.9239968,2,2,1
94989,35/11-5,1184.0759968,2,2,1
94990,35/11-5,1184.2279968,2,2,1
94991,35/11-5,1184.3799968,2,2,1
94992,35/11-5,1184.5319968000001,2,2,1
94993,35/11-5,1184.6839968,2,2,1
94994,35/11-5,1184.8359968,2,2,1
94995,35/11-5,1184.9879968,2,2,1
94996,35/11-5,1185.1399968,2,2,1
94997,35/11-5,1185.2919968,2,2,1
94998,35/11-5,1185.4439968,2,2,1
94999,35/11-5,1185.5959968,2,2,1
95000,35/11-5,1185.7479968,2,2,1
95001,35/11-5,1185.8999968,2,2,1
95002,35/11-5,1186.0519968,2,2,1
95003,35/11-5,1186.2039968000001,2,2,1
95004,35/11-5,1186.3559968,2,2,1
95005,35/11-5,1186.5079968,2,2,1
95006,35/11-5,1186.6599968,2,2,1
95007,35/11-5,1186.8119968,2,2,1
95008,35/11-5,1186.9639968000001,2,2,1
95009,35/11-5,1187.1159968,2,2,1
95010,35/11-5,1187.2679968,2,2,1
95011,35/11-5,1187.4199968,2,2,1
95012,35/11-5,1187.5719968,2,2,1
95013,35/11-5,1187.7239968000001,2,2,1
95014,35/11-5,1187.8759968,2,2,1
95015,35/11-5,1188.0279968,2,2,1
95016,35/11-5,1188.1799968,2,2,1
95017,35/11-5,1188.3319968,2,2,1
95018,35/11-5,1188.4839968,2,2,1
95019,35/11-5,1188.6359968,2,2,1
95020,35/11-5,1188.7879968,2,2,1
95021,35/11-5,1188.9399968,2,2,1
95022,35/11-5,1189.0919968,2,2,1
95023,35/11-5,1189.2439968,2,2,1
95024,35/11-5,1189.3959968,2,2,1
95025,35/11-5,1189.5479968,2,2,1
95026,35/11-5,1189.6999968,2,2,1
95027,35/11-5,1189.8519968,2,2,1
95028,35/11-5,1190.0039968,2,2,1
95029,35/11-5,1190.1559968000001,2,2,1
95030,35/11-5,1190.3079968,5,2,0
95031,35/11-5,1190.4599968,5,2,0
95032,35/11-5,1190.6119968,5,2,0
95033,35/11-5,1190.7639968,2,2,1
95034,35/11-5,1190.9159968000001,2,2,1
95035,35/11-5,1191.0679968,2,2,1
95036,35/11-5,1191.2199968,2,2,1
95037,35/11-5,1191.3719968,2,2,1
95038,35/11-5,1191.5239968,2,2,1
95039,35/11-5,1191.6759968000001,2,2,1
95040,35/11-5,1191.8279968,2,2,1
95041,35/11-5,1191.9799968,2,2,1
95042,35/11-5,1192.1319968,2,2,1
95043,35/11-5,1192.2839968,2,2,1
95044,35/11-5,1192.4359968,2,2,1
95045,35/11-5,1192.5879968,2,2,1
95046,35/11-5,1192.7399968,2,2,1
95047,35/11-5,1192.8919968,2,2,1
95048,35/11-5,1193.0439968,2,2,1
95049,35/11-5,1193.1959968,2,2,1
95050,35/11-5,1193.3479968000001,2,2,1
95051,35/11-5,1193.4999968,2,2,1
95052,35/11-5,1193.6519968,2,2,1
95053,35/11-5,1193.8039968,2,2,1
95054,35/11-5,1193.9559968,2,2,1
95055,35/11-5,1194.1079968000001,2,2,1
95056,35/11-5,1194.2599968,2,2,1
95057,35/11-5,1194.4119968,2,2,1
95058,35/11-5,1194.5639968,2,2,1
95059,35/11-5,1194.7159968,2,2,1
95060,35/11-5,1194.8679968000001,2,2,1
95061,35/11-5,1195.0199968,2,2,1
95062,35/11-5,1195.1719968,2,2,1
95063,35/11-5,1195.3239968,2,2,1
95064,35/11-5,1195.4759968,2,2,1
95065,35/11-5,1195.6279968000001,2,2,1
95066,35/11-5,1195.7799968,2,2,1
95067,35/11-5,1195.9319968,2,2,1
95068,35/11-5,1196.0839968,2,2,1
95069,35/11-5,1196.2359968,2,2,1
95070,35/11-5,1196.3879968,2,2,1
95071,35/11-5,1196.5399968,2,2,1
95072,35/11-5,1196.6919968,2,2,1
95073,35/11-5,1196.8439968,2,2,1
95074,35/11-5,1196.9959968,2,2,1
95075,35/11-5,1197.1479968,2,2,1
95076,35/11-5,1197.2999968000001,2,2,1
95077,35/11-5,1197.4519968,2,2,1
95078,35/11-5,1197.6039968,2,2,1
95079,35/11-5,1197.7559968,2,2,1
95080,35/11-5,1197.9079968,2,2,1
95081,35/11-5,1198.0599968000001,2,2,1
95082,35/11-5,1198.2119968,2,2,1
95083,35/11-5,1198.3639968,2,2,1
95084,35/11-5,1198.5159968,2,2,1
95085,35/11-5,1198.6679968,2,2,1
95086,35/11-5,1198.8199968000001,2,2,1
95087,35/11-5,1198.9719968,2,2,1
95088,35/11-5,1199.1239968,2,2,1
95089,35/11-5,1199.2759968,2,2,1
95090,35/11-5,1199.4279968,2,2,1
95091,35/11-5,1199.5799968000001,2,2,1
95092,35/11-5,1199.7319968,2,2,1
95093,35/11-5,1199.8839968,2,2,1
95094,35/11-5,1200.0359968,2,2,1
95095,35/11-5,1200.1879968,2,2,1
95096,35/11-5,1200.3399968,2,2,1
95097,35/11-5,1200.4919968,2,2,1
95098,35/11-5,1200.6439968,2,2,1
95099,35/11-5,1200.7959968,2,2,1
95100,35/11-5,1200.9479968,2,2,1
95101,35/11-5,1201.0999968,2,2,1
95102,35/11-5,1201.2519968000001,2,2,1
95103,35/11-5,1201.4039968,2,2,1
95104,35/11-5,1201.5559968,2,2,1
95105,35/11-5,1201.7079968,2,2,1
95106,35/11-5,1201.8599968,2,2,1
95107,35/11-5,1202.0119968000001,2,2,1
95108,35/11-5,1202.1639968,2,2,1
95109,35/11-5,1202.3159968,2,2,1
95110,35/11-5,1202.4679968,2,2,1
95111,35/11-5,1202.6199968,2,2,1
95112,35/11-5,1202.7719968000001,2,2,1
95113,35/11-5,1202.9239968,2,2,1
95114,35/11-5,1203.0759968,2,2,1
95115,35/11-5,1203.2279968,2,2,1
95116,35/11-5,1203.3799968,2,2,1
95117,35/11-5,1203.5319968000001,2,2,1
95118,35/11-5,1203.6839968,2,2,1
95119,35/11-5,1203.8359968,2,2,1
95120,35/11-5,1203.9879968,2,2,1
95121,35/11-5,1204.1399968,2,2,1
95122,35/11-5,1204.2919968,2,2,1
95123,35/11-5,1204.4439968,2,2,1
95124,35/11-5,1204.5959968,2,2,1
95125,35/11-5,1204.7479968,2,2,1
95126,35/11-5,1204.8999968,2,2,1
95127,35/11-5,1205.0519968,2,2,1
95128,35/11-5,1205.2039968000001,2,2,1
95129,35/11-5,1205.3559968,2,2,1
95130,35/11-5,1205.5079968,2,2,1
95131,35/11-5,1205.6599968,2,2,1
95132,35/11-5,1205.8119968,2,2,1
95133,35/11-5,1205.9639968000001,2,2,1
95134,35/11-5,1206.1159968,2,2,1
95135,35/11-5,1206.2679968,2,2,1
95136,35/11-5,1206.4199968,2,2,1
95137,35/11-5,1206.5719968,2,2,1
95138,35/11-5,1206.7239968000001,2,2,1
95139,35/11-5,1206.8759968,2,2,1
95140,35/11-5,1207.0279968,2,2,1
95141,35/11-5,1207.1799968,2,2,1
95142,35/11-5,1207.3319968,2,2,1
95143,35/11-5,1207.4839968,2,2,1
95144,35/11-5,1207.6359968,2,2,1
95145,35/11-5,1207.7879968,2,2,1
95146,35/11-5,1207.9399968,2,2,1
95147,35/11-5,1208.0919968,2,2,1
95148,35/11-5,1208.2439968,2,2,1
95149,35/11-5,1208.3959968,2,2,1
95150,35/11-5,1208.5479968,2,2,1
95151,35/11-5,1208.6999968,2,2,1
95152,35/11-5,1208.8519968,2,2,1
95153,35/11-5,1209.0039968,2,2,1
95154,35/11-5,1209.1559968000001,2,2,1
95155,35/11-5,1209.3079968,2,2,1
95156,35/11-5,1209.4599968,2,2,1
95157,35/11-5,1209.6119968,2,2,1
95158,35/11-5,1209.7639968,2,2,1
95159,35/11-5,1209.9159968000001,2,2,1
95160,35/11-5,1210.0679968,2,2,1
95161,35/11-5,1210.2199968,2,2,1
95162,35/11-5,1210.3719968,2,2,1
95163,35/11-5,1210.5239968,2,2,1
95164,35/11-5,1210.6759968000001,2,2,1
95165,35/11-5,1210.8279968,2,2,1
95166,35/11-5,1210.9799968,2,2,1
95167,35/11-5,1211.1319968,2,2,1
95168,35/11-5,1211.2839968,2,2,1
95169,35/11-5,1211.4359968,2,2,1
95170,35/11-5,1211.5879968,2,2,1
95171,35/11-5,1211.7399968,2,2,1
95172,35/11-5,1211.8919968,2,2,1
95173,35/11-5,1212.0439968,2,2,1
95174,35/11-5,1212.1959968,2,2,1
95175,35/11-5,1212.3479968000001,2,2,1
95176,35/11-5,1212.4999968,2,2,1
95177,35/11-5,1212.6519968,2,2,1
95178,35/11-5,1212.8039968,2,2,1
95179,35/11-5,1212.9559968,2,2,1
95180,35/11-5,1213.1079968000001,2,2,1
95181,35/11-5,1213.2599968,2,2,1
95182,35/11-5,1213.4119968,2,2,1
95183,35/11-5,1213.5639968,2,2,1
95184,35/11-5,1213.7159968,2,2,1
95185,35/11-5,1213.8679968000001,2,2,1
95186,35/11-5,1214.0199968,2,2,1
95187,35/11-5,1214.1719968,2,2,1
95188,35/11-5,1214.3239968,2,2,1
95189,35/11-5,1214.4759968,2,2,1
95190,35/11-5,1214.6279968000001,2,2,1
95191,35/11-5,1214.7799968,2,2,1
95192,35/11-5,1214.9319968,2,2,1
95193,35/11-5,1215.0839968,2,2,1
95194,35/11-5,1215.2359968,2,2,1
95195,35/11-5,1215.3879968,2,2,1
95196,35/11-5,1215.5399968,2,2,1
95197,35/11-5,1215.6919968,2,2,1
95198,35/11-5,1215.8439968,2,2,1
95199,35/11-5,1215.9959968,2,2,1
95200,35/11-5,1216.1479968,2,2,1
95201,35/11-5,1216.2999968000001,2,2,1
95202,35/11-5,1216.4519968,2,2,1
95203,35/11-5,1216.6039968,2,2,1
95204,35/11-5,1216.7559968,2,2,1
95205,35/11-5,1216.9079968,2,2,1
95206,35/11-5,1217.0599968000001,2,2,1
95207,35/11-5,1217.2119968,2,2,1
95208,35/11-5,1217.3639968,2,2,1
95209,35/11-5,1217.5159968,2,2,1
95210,35/11-5,1217.6679968,2,2,1
95211,35/11-5,1217.8199968000001,2,2,1
95212,35/11-5,1217.9719968,2,2,1
95213,35/11-5,1218.1239968,2,2,1
95214,35/11-5,1218.2759968,2,2,1
95215,35/11-5,1218.4279968,5,2,0
95216,35/11-5,1218.5799968000001,5,2,0
95217,35/11-5,1218.7319968,5,2,0
95218,35/11-5,1218.8839968,5,2,0
95219,35/11-5,1219.0359968,5,2,0
95220,35/11-5,1219.1879968,2,2,1
95221,35/11-5,1219.3399968,2,2,1
95222,35/11-5,1219.4919968,2,2,1
95223,35/11-5,1219.6439968,2,2,1
95224,35/11-5,1219.7959968,2,2,1
95225,35/11-5,1219.9479968,2,2,1
95226,35/11-5,1220.0999968,2,2,1
95227,35/11-5,1220.2519968000001,2,2,1
95228,35/11-5,1220.4039968,2,2,1
95229,35/11-5,1220.5559968,2,2,1
95230,35/11-5,1220.7079968,2,2,1
95231,35/11-5,1220.8599968,2,2,1
95232,35/11-5,1221.0119968000001,2,2,1
95233,35/11-5,1221.1639968,2,2,1
95234,35/11-5,1221.3159968,2,2,1
95235,35/11-5,1221.4679968,2,2,1
95236,35/11-5,1221.6199968,2,2,1
95237,35/11-5,1221.7719968000001,2,2,1
95238,35/11-5,1221.9239968,2,2,1
95239,35/11-5,1222.0759968,2,2,1
95240,35/11-5,1222.2279968,2,2,1
95241,35/11-5,1222.3799968,2,2,1
95242,35/11-5,1222.5319968000001,2,2,1
95243,35/11-5,1222.6839968,2,2,1
95244,35/11-5,1222.8359968,2,2,1
95245,35/11-5,1222.9879968,2,2,1
95246,35/11-5,1223.1399968,2,2,1
95247,35/11-5,1223.2919968,2,2,1
95248,35/11-5,1223.4439968,2,2,1
95249,35/11-5,1223.5959968,2,2,1
95250,35/11-5,1223.7479968,2,2,1
95251,35/11-5,1223.8999968,2,2,1
95252,35/11-5,1224.0519968,2,2,1
95253,35/11-5,1224.2039968000001,2,2,1
95254,35/11-5,1224.3559968,2,2,1
95255,35/11-5,1224.5079968,2,2,1
95256,35/11-5,1224.6599968,2,2,1
95257,35/11-5,1224.8119968,2,2,1
95258,35/11-5,1224.9639968000001,2,2,1
95259,35/11-5,1225.1159968,2,2,1
95260,35/11-5,1225.2679968,2,2,1
95261,35/11-5,1225.4199968,2,2,1
95262,35/11-5,1225.5719968,2,2,1
95263,35/11-5,1225.7239968000001,2,2,1
95264,35/11-5,1225.8759968,2,2,1
95265,35/11-5,1226.0279968,2,2,1
95266,35/11-5,1226.1799968,2,2,1
95267,35/11-5,1226.3319968,2,2,1
95268,35/11-5,1226.4839968,2,2,1
95269,35/11-5,1226.6359968,2,2,1
95270,35/11-5,1226.7879968,2,2,1
95271,35/11-5,1226.9399968,2,2,1
95272,35/11-5,1227.0919968,2,2,1
95273,35/11-5,1227.2439968,2,2,1
95274,35/11-5,1227.3959968,2,2,1
95275,35/11-5,1227.5479968,2,2,1
95276,35/11-5,1227.6999968,2,2,1
95277,35/11-5,1227.8519968,2,2,1
95278,35/11-5,1228.0039968,2,2,1
95279,35/11-5,1228.1559968000001,2,2,1
95280,35/11-5,1228.3079968,2,2,1
95281,35/11-5,1228.4599968,2,2,1
95282,35/11-5,1228.6119968,2,2,1
95283,35/11-5,1228.7639968,2,2,1
95284,35/11-5,1228.9159968000001,2,2,1
95285,35/11-5,1229.0679968,2,2,1
95286,35/11-5,1229.2199968,2,2,1
95287,35/11-5,1229.3719968,2,2,1
95288,35/11-5,1229.5239968,2,2,1
95289,35/11-5,1229.6759968000001,2,2,1
95290,35/11-5,1229.8279968,2,2,1
95291,35/11-5,1229.9799968,2,2,1
95292,35/11-5,1230.1319968,2,2,1
95293,35/11-5,1230.2839968,2,2,1
95294,35/11-5,1230.4359968,2,2,1
95295,35/11-5,1230.5879968,2,2,1
95296,35/11-5,1230.7399968,2,2,1
95297,35/11-5,1230.8919968,2,2,1
95298,35/11-5,1231.0439968,2,2,1
95299,35/11-5,1231.1959968,2,2,1
95300,35/11-5,1231.3479968000001,2,2,1
95301,35/11-5,1231.4999968,2,2,1
95302,35/11-5,1231.6519968,2,2,1
95303,35/11-5,1231.8039968,2,2,1
95304,35/11-5,1231.9559968,2,2,1
95305,35/11-5,1232.1079968000001,2,2,1
95306,35/11-5,1232.2599968,2,2,1
95307,35/11-5,1232.4119968,2,2,1
95308,35/11-5,1232.5639968,2,2,1
95309,35/11-5,1232.7159968,2,2,1
95310,35/11-5,1232.8679968000001,2,2,1
95311,35/11-5,1233.0199968,2,2,1
95312,35/11-5,1233.1719968,2,2,1
95313,35/11-5,1233.3239968,2,2,1
95314,35/11-5,1233.4759968,2,2,1
95315,35/11-5,1233.6279968000001,2,2,1
95316,35/11-5,1233.7799968,2,2,1
95317,35/11-5,1233.9319968,2,2,1
95318,35/11-5,1234.0839968,2,2,1
95319,35/11-5,1234.2359968,2,2,1
95320,35/11-5,1234.3879968,2,2,1
95321,35/11-5,1234.5399968,2,2,1
95322,35/11-5,1234.6919968,2,2,1
95323,35/11-5,1234.8439968,2,2,1
95324,35/11-5,1234.9959968,2,2,1
95325,35/11-5,1235.1479968,2,2,1
95326,35/11-5,1235.2999968000001,2,2,1
95327,35/11-5,1235.4519968,2,2,1
95328,35/11-5,1235.6039968,2,2,1
95329,35/11-5,1235.7559968,2,2,1
95330,35/11-5,1235.9079968,2,2,1
95331,35/11-5,1236.0599968000001,2,2,1
95332,35/11-5,1236.2119968,2,2,1
95333,35/11-5,1236.3639968,2,2,1
95334,35/11-5,1236.5159968,2,2,1
95335,35/11-5,1236.6679968,2,2,1
95336,35/11-5,1236.8199968000001,2,2,1
95337,35/11-5,1236.9719968,2,2,1
95338,35/11-5,1237.1239968,2,2,1
95339,35/11-5,1237.2759968,2,2,1
95340,35/11-5,1237.4279968,2,2,1
95341,35/11-5,1237.5799968000001,2,2,1
95342,35/11-5,1237.7319968,2,2,1
95343,35/11-5,1237.8839968,2,2,1
95344,35/11-5,1238.0359968,2,2,1
95345,35/11-5,1238.1879968,2,2,1
95346,35/11-5,1238.3399968,2,2,1
95347,35/11-5,1238.4919968,2,2,1
95348,35/11-5,1238.6439968,2,2,1
95349,35/11-5,1238.7959968,2,2,1
95350,35/11-5,1238.9479968,2,2,1
95351,35/11-5,1239.0999968,2,2,1
95352,35/11-5,1239.2519968000001,2,2,1
95353,35/11-5,1239.4039968,2,2,1
95354,35/11-5,1239.5559968,2,2,1
95355,35/11-5,1239.7079968,2,2,1
95356,35/11-5,1239.8599968,2,2,1
95357,35/11-5,1240.0119968000001,2,2,1
95358,35/11-5,1240.1639968,2,2,1
95359,35/11-5,1240.3159968,2,2,1
95360,35/11-5,1240.4679968,2,2,1
95361,35/11-5,1240.6199968,2,2,1
95362,35/11-5,1240.7719968000001,2,2,1
95363,35/11-5,1240.9239968,2,2,1
95364,35/11-5,1241.0759968,2,2,1
95365,35/11-5,1241.2279968,2,2,1
95366,35/11-5,1241.3799968,2,2,1
95367,35/11-5,1241.5319968000001,2,2,1
95368,35/11-5,1241.6839968,2,2,1
95369,35/11-5,1241.8359968,2,2,1
95370,35/11-5,1241.9879968,2,2,1
95371,35/11-5,1242.1399968,2,2,1
95372,35/11-5,1242.2919968,2,2,1
95373,35/11-5,1242.4439968,2,2,1
95374,35/11-5,1242.5959968,2,2,1
95375,35/11-5,1242.7479968,2,2,1
95376,35/11-5,1242.8999968,2,2,1
95377,35/11-5,1243.0519968,2,2,1
95378,35/11-5,1243.2039968000001,2,2,1
95379,35/11-5,1243.3559968,2,2,1
95380,35/11-5,1243.5079968,2,2,1
95381,35/11-5,1243.6599968,2,2,1
95382,35/11-5,1243.8119968,2,2,1
95383,35/11-5,1243.9639968000001,2,2,1
95384,35/11-5,1244.1159968,2,2,1
95385,35/11-5,1244.2679968,2,2,1
95386,35/11-5,1244.4199968,2,2,1
95387,35/11-5,1244.5719968,2,2,1
95388,35/11-5,1244.7239968000001,2,2,1
95389,35/11-5,1244.8759968,2,2,1
95390,35/11-5,1245.0279968,2,2,1
95391,35/11-5,1245.1799968,2,2,1
95392,35/11-5,1245.3319968,2,2,1
95393,35/11-5,1245.4839968,2,2,1
95394,35/11-5,1245.6359968,2,2,1
95395,35/11-5,1245.7879968,2,2,1
95396,35/11-5,1245.9399968,2,2,1
95397,35/11-5,1246.0919968,2,2,1
95398,35/11-5,1246.2439968,2,2,1
95399,35/11-5,1246.3959968,2,2,1
95400,35/11-5,1246.5479968,2,2,1
95401,35/11-5,1246.6999968,2,2,1
95402,35/11-5,1246.8519968,2,2,1
95403,35/11-5,1247.0039968,2,2,1
95404,35/11-5,1247.1559968000001,2,2,1
95405,35/11-5,1247.3079968,2,2,1
95406,35/11-5,1247.4599968,2,2,1
95407,35/11-5,1247.6119968,2,2,1
95408,35/11-5,1247.7639968,2,2,1
95409,35/11-5,1247.9159968000001,2,2,1
95410,35/11-5,1248.0679968,2,2,1
95411,35/11-5,1248.2199968,2,2,1
95412,35/11-5,1248.3719968,2,2,1
95413,35/11-5,1248.5239968,2,2,1
95414,35/11-5,1248.6759968000001,2,2,1
95415,35/11-5,1248.8279968,2,2,1
95416,35/11-5,1248.9799968,2,2,1
95417,35/11-5,1249.1319968,2,2,1
95418,35/11-5,1249.2839968,2,2,1
95419,35/11-5,1249.4359968,2,2,1
95420,35/11-5,1249.5879968,2,2,1
95421,35/11-5,1249.7399968,2,2,1
95422,35/11-5,1249.8919968,2,2,1
95423,35/11-5,1250.0439968,2,2,1
95424,35/11-5,1250.1959968,2,2,1
95425,35/11-5,1250.3479968000001,2,2,1
95426,35/11-5,1250.4999968,2,2,1
95427,35/11-5,1250.6519968,2,2,1
95428,35/11-5,1250.8039968,2,2,1
95429,35/11-5,1250.9559968,2,2,1
95430,35/11-5,1251.1079968000001,2,2,1
95431,35/11-5,1251.2599968,2,2,1
95432,35/11-5,1251.4119968,2,2,1
95433,35/11-5,1251.5639968,2,2,1
95434,35/11-5,1251.7159968,2,2,1
95435,35/11-5,1251.8679968000001,2,2,1
95436,35/11-5,1252.0199968,2,2,1
95437,35/11-5,1252.1719968,2,2,1
95438,35/11-5,1252.3239968,2,2,1
95439,35/11-5,1252.4759968,2,2,1
95440,35/11-5,1252.6279968000001,2,2,1
95441,35/11-5,1252.7799968,2,2,1
95442,35/11-5,1252.9319968,2,2,1
95443,35/11-5,1253.0839968,2,2,1
95444,35/11-5,1253.2359968,2,2,1
95445,35/11-5,1253.3879968,2,2,1
95446,35/11-5,1253.5399968,2,2,1
95447,35/11-5,1253.6919968,2,2,1
95448,35/11-5,1253.8439968,2,2,1
95449,35/11-5,1253.9959968,2,2,1
95450,35/11-5,1254.1479968,5,2,0
95451,35/11-5,1254.2999968000001,5,2,0
95452,35/11-5,1254.4519968,5,2,0
95453,35/11-5,1254.6039968,5,2,0
95454,35/11-5,1254.7559968,5,2,0
95455,35/11-5,1254.9079968,5,2,0
95456,35/11-5,1255.0599968000001,2,2,1
95457,35/11-5,1255.2119968,2,2,1
95458,35/11-5,1255.3639968,2,2,1
95459,35/11-5,1255.5159968,2,2,1
95460,35/11-5,1255.6679968,2,2,1
95461,35/11-5,1255.8199968000001,2,2,1
95462,35/11-5,1255.9719968,2,2,1
95463,35/11-5,1256.1239968,2,2,1
95464,35/11-5,1256.2759968,2,2,1
95465,35/11-5,1256.4279968,2,2,1
95466,35/11-5,1256.5799968000001,2,2,1
95467,35/11-5,1256.7319968,2,2,1
95468,35/11-5,1256.8839968,2,2,1
95469,35/11-5,1257.0359968,2,2,1
95470,35/11-5,1257.1879968,2,2,1
95471,35/11-5,1257.3399968,2,2,1
95472,35/11-5,1257.4919968,2,2,1
95473,35/11-5,1257.6439968,2,2,1
95474,35/11-5,1257.7959968,2,2,1
95475,35/11-5,1257.9479968,2,2,1
95476,35/11-5,1258.0999968,2,2,1
95477,35/11-5,1258.2519968000001,2,2,1
95478,35/11-5,1258.4039968,2,2,1
95479,35/11-5,1258.5559968,2,2,1
95480,35/11-5,1258.7079968,2,2,1
95481,35/11-5,1258.8599968,2,2,1
95482,35/11-5,1259.0119968000001,2,2,1
95483,35/11-5,1259.1639968,2,2,1
95484,35/11-5,1259.3159968,2,2,1
95485,35/11-5,1259.4679968,2,2,1
95486,35/11-5,1259.6199968,2,2,1
95487,35/11-5,1259.7719968000001,2,2,1
95488,35/11-5,1259.9239968,2,2,1
95489,35/11-5,1260.0759968,2,2,1
95490,35/11-5,1260.2279968,2,2,1
95491,35/11-5,1260.3799968,2,2,1
95492,35/11-5,1260.5319968000001,2,2,1
95493,35/11-5,1260.6839968,2,2,1
95494,35/11-5,1260.8359968,2,2,1
95495,35/11-5,1260.9879968,2,2,1
95496,35/11-5,1261.1399968,2,2,1
95497,35/11-5,1261.2919968,2,2,1
95498,35/11-5,1261.4439968,2,2,1
95499,35/11-5,1261.5959968,2,2,1
95500,35/11-5,1261.7479968,2,2,1
95501,35/11-5,1261.8999968,2,2,1
95502,35/11-5,1262.0519968,2,2,1
95503,35/11-5,1262.2039968000001,2,2,1
95504,35/11-5,1262.3559968,2,2,1
95505,35/11-5,1262.5079968,2,2,1
95506,35/11-5,1262.6599968,2,2,1
95507,35/11-5,1262.8119968,2,2,1
95508,35/11-5,1262.9639968000001,2,2,1
95509,35/11-5,1263.1159968,2,2,1
95510,35/11-5,1263.2679968,2,2,1
95511,35/11-5,1263.4199968,2,2,1
95512,35/11-5,1263.5719968,2,2,1
95513,35/11-5,1263.7239968000001,2,2,1
95514,35/11-5,1263.8759968,2,2,1
95515,35/11-5,1264.0279968,2,2,1
95516,35/11-5,1264.1799968,2,2,1
95517,35/11-5,1264.3319968,2,2,1
95518,35/11-5,1264.4839968,2,2,1
95519,35/11-5,1264.6359968,2,2,1
95520,35/11-5,1264.7879968,2,2,1
95521,35/11-5,1264.9399968,2,2,1
95522,35/11-5,1265.0919968,2,2,1
95523,35/11-5,1265.2439968,2,2,1
95524,35/11-5,1265.3959968,2,2,1
95525,35/11-5,1265.5479968,2,2,1
95526,35/11-5,1265.6999968,2,2,1
95527,35/11-5,1265.8519968,2,2,1
95528,35/11-5,1266.0039968,2,2,1
95529,35/11-5,1266.1559968000001,2,2,1
95530,35/11-5,1266.3079968,2,2,1
95531,35/11-5,1266.4599968,2,2,1
95532,35/11-5,1266.6119968,2,2,1
95533,35/11-5,1266.7639968,2,2,1
95534,35/11-5,1266.9159968000001,2,2,1
95535,35/11-5,1267.0679968,2,2,1
95536,35/11-5,1267.2199968,2,2,1
95537,35/11-5,1267.3719968,2,2,1
95538,35/11-5,1267.5239968,2,2,1
95539,35/11-5,1267.6759968000001,2,2,1
95540,35/11-5,1267.8279968,2,2,1
95541,35/11-5,1267.9799968,2,2,1
95542,35/11-5,1268.1319968,2,2,1
95543,35/11-5,1268.2839968,2,2,1
95544,35/11-5,1268.4359968,2,2,1
95545,35/11-5,1268.5879968,2,2,1
95546,35/11-5,1268.7399968,2,2,1
95547,35/11-5,1268.8919968,2,2,1
95548,35/11-5,1269.0439968,2,2,1
95549,35/11-5,1269.1959968,2,2,1
95550,35/11-5,1269.3479968000001,2,2,1
95551,35/11-5,1269.4999968,2,2,1
95552,35/11-5,1269.6519968,2,2,1
95553,35/11-5,1269.8039968,2,2,1
95554,35/11-5,1269.9559968,2,2,1
95555,35/11-5,1270.1079968000001,2,2,1
95556,35/11-5,1270.2599968,2,2,1
95557,35/11-5,1270.4119968,2,2,1
95558,35/11-5,1270.5639968,2,2,1
95559,35/11-5,1270.7159968,2,2,1
95560,35/11-5,1270.8679968000001,2,2,1
95561,35/11-5,1271.0199968,2,2,1
95562,35/11-5,1271.1719968,2,2,1
95563,35/11-5,1271.3239968,2,2,1
95564,35/11-5,1271.4759968,2,2,1
95565,35/11-5,1271.6279968000001,2,2,1
95566,35/11-5,1271.7799968,5,2,0
95567,35/11-5,1271.9319968,5,2,0
95568,35/11-5,1272.0839968,5,2,0
95569,35/11-5,1272.2359968,5,2,0
95570,35/11-5,1272.3879968,2,2,1
95571,35/11-5,1272.5399968,2,2,1
95572,35/11-5,1272.6919968,2,2,1
95573,35/11-5,1272.8439968,2,2,1
95574,35/11-5,1272.9959968,2,2,1
95575,35/11-5,1273.1479968,2,2,1
95576,35/11-5,1273.2999968000001,2,2,1
95577,35/11-5,1273.4519968,2,2,1
95578,35/11-5,1273.6039968,2,2,1
95579,35/11-5,1273.7559968,2,2,1
95580,35/11-5,1273.9079968,2,2,1
95581,35/11-5,1274.0599968000001,2,2,1
95582,35/11-5,1274.2119968,2,2,1
95583,35/11-5,1274.3639968,2,2,1
95584,35/11-5,1274.5159968,2,2,1
95585,35/11-5,1274.6679968,2,2,1
95586,35/11-5,1274.8199968000001,2,2,1
95587,35/11-5,1274.9719968,2,2,1
95588,35/11-5,1275.1239968,2,2,1
95589,35/11-5,1275.2759968,2,2,1
95590,35/11-5,1275.4279968,2,2,1
95591,35/11-5,1275.5799968000001,2,2,1
95592,35/11-5,1275.7319968,2,2,1
95593,35/11-5,1275.8839968,2,2,1
95594,35/11-5,1276.0359968,2,2,1
95595,35/11-5,1276.1879968,2,2,1
95596,35/11-5,1276.3399968,2,2,1
95597,35/11-5,1276.4919968,2,2,1
95598,35/11-5,1276.6439968,2,2,1
95599,35/11-5,1276.7959968,2,2,1
95600,35/11-5,1276.9479968,2,2,1
95601,35/11-5,1277.0999968,2,2,1
95602,35/11-5,1277.2519968000001,2,2,1
95603,35/11-5,1277.4039968,2,2,1
95604,35/11-5,1277.5559968,2,2,1
95605,35/11-5,1277.7079968,2,2,1
95606,35/11-5,1277.8599968,2,2,1
95607,35/11-5,1278.0119968000001,2,2,1
95608,35/11-5,1278.1639968,2,2,1
95609,35/11-5,1278.3159968,2,2,1
95610,35/11-5,1278.4679968,2,2,1
95611,35/11-5,1278.6199968,2,2,1
95612,35/11-5,1278.7719968000001,2,2,1
95613,35/11-5,1278.9239968,2,2,1
95614,35/11-5,1279.0759968,2,2,1
95615,35/11-5,1279.2279968,2,2,1
95616,35/11-5,1279.3799968,2,2,1
95617,35/11-5,1279.5319968000001,2,2,1
95618,35/11-5,1279.6839968,2,2,1
95619,35/11-5,1279.8359968,2,2,1
95620,35/11-5,1279.9879968,2,2,1
95621,35/11-5,1280.1399968,2,2,1
95622,35/11-5,1280.2919968,2,2,1
95623,35/11-5,1280.4439968,2,2,1
95624,35/11-5,1280.5959968,2,2,1
95625,35/11-5,1280.7479968,2,2,1
95626,35/11-5,1280.8999968,2,2,1
95627,35/11-5,1281.0519968,2,2,1
95628,35/11-5,1281.2039968000001,2,2,1
95629,35/11-5,1281.3559968,2,2,1
95630,35/11-5,1281.5079968,2,2,1
95631,35/11-5,1281.6599968,2,2,1
95632,35/11-5,1281.8119968,2,2,1
95633,35/11-5,1281.9639968000001,2,2,1
95634,35/11-5,1282.1159968,2,2,1
95635,35/11-5,1282.2679968,2,2,1
95636,35/11-5,1282.4199968,2,2,1
95637,35/11-5,1282.5719968,2,2,1
95638,35/11-5,1282.7239968000001,2,2,1
95639,35/11-5,1282.8759968,2,2,1
95640,35/11-5,1283.0279968,2,2,1
95641,35/11-5,1283.1799968,2,2,1
95642,35/11-5,1283.3319968,2,2,1
95643,35/11-5,1283.4839968,2,2,1
95644,35/11-5,1283.6359968,2,2,1
95645,35/11-5,1283.7879968,2,2,1
95646,35/11-5,1283.9399968,2,2,1
95647,35/11-5,1284.0919968,2,2,1
95648,35/11-5,1284.2439968,2,2,1
95649,35/11-5,1284.3959968,2,2,1
95650,35/11-5,1284.5479968,2,2,1
95651,35/11-5,1284.6999968,2,2,1
95652,35/11-5,1284.8519968,2,2,1
95653,35/11-5,1285.0039968,5,2,0
95654,35/11-5,1285.1559968000001,5,2,0
95655,35/11-5,1285.3079968,5,2,0
95656,35/11-5,1285.4599968,5,2,0
95657,35/11-5,1285.6119968,5,2,0
95658,35/11-5,1285.7639968,5,2,0
95659,35/11-5,1285.9159968000001,2,2,1
95660,35/11-5,1286.0679968,2,2,1
95661,35/11-5,1286.2199968,2,2,1
95662,35/11-5,1286.3719968,2,2,1
95663,35/11-5,1286.5239968,2,2,1
95664,35/11-5,1286.6759968000001,2,2,1
95665,35/11-5,1286.8279968,2,2,1
95666,35/11-5,1286.9799968,2,2,1
95667,35/11-5,1287.1319968,2,2,1
95668,35/11-5,1287.2839968,2,2,1
95669,35/11-5,1287.4359968,2,2,1
95670,35/11-5,1287.5879968,2,2,1
95671,35/11-5,1287.7399968,2,2,1
95672,35/11-5,1287.8919968,2,2,1
95673,35/11-5,1288.0439968,2,2,1
95674,35/11-5,1288.1959968,2,2,1
95675,35/11-5,1288.3479968000001,2,2,1
95676,35/11-5,1288.4999968,2,2,1
95677,35/11-5,1288.6519968,2,2,1
95678,35/11-5,1288.8039968,2,2,1
95679,35/11-5,1288.9559968,2,2,1
95680,35/11-5,1289.1079968000001,2,2,1
95681,35/11-5,1289.2599968,2,2,1
95682,35/11-5,1289.4119968,2,2,1
95683,35/11-5,1289.5639968,2,2,1
95684,35/11-5,1289.7159968,2,2,1
95685,35/11-5,1289.8679968000001,2,2,1
95686,35/11-5,1290.0199968,2,2,1
95687,35/11-5,1290.1719968,2,2,1
95688,35/11-5,1290.3239968,2,2,1
95689,35/11-5,1290.4759968,2,2,1
95690,35/11-5,1290.6279968000001,2,2,1
95691,35/11-5,1290.7799968,2,2,1
95692,35/11-5,1290.9319968,2,2,1
95693,35/11-5,1291.0839968,2,2,1
95694,35/11-5,1291.2359968,2,2,1
95695,35/11-5,1291.3879968,2,2,1
95696,35/11-5,1291.5399968,2,2,1
95697,35/11-5,1291.6919968,2,2,1
95698,35/11-5,1291.8439968,2,2,1
95699,35/11-5,1291.9959968,2,2,1
95700,35/11-5,1292.1479968,2,2,1
95701,35/11-5,1292.2999968000001,2,2,1
95702,35/11-5,1292.4519968,2,2,1
95703,35/11-5,1292.6039968,2,2,1
95704,35/11-5,1292.7559968,2,2,1
95705,35/11-5,1292.9079968,2,2,1
95706,35/11-5,1293.0599968000001,2,2,1
95707,35/11-5,1293.2119968,2,2,1
95708,35/11-5,1293.3639968,2,2,1
95709,35/11-5,1293.5159968,2,2,1
95710,35/11-5,1293.6679968,2,2,1
95711,35/11-5,1293.8199968000001,2,2,1
95712,35/11-5,1293.9719968,2,2,1
95713,35/11-5,1294.1239968,2,2,1
95714,35/11-5,1294.2759968,2,2,1
95715,35/11-5,1294.4279968,2,2,1
95716,35/11-5,1294.5799968000001,2,2,1
95717,35/11-5,1294.7319968,2,2,1
95718,35/11-5,1294.8839968,2,2,1
95719,35/11-5,1295.0359968,2,2,1
95720,35/11-5,1295.1879968,2,2,1
95721,35/11-5,1295.3399968,2,2,1
95722,35/11-5,1295.4919968,2,2,1
95723,35/11-5,1295.6439968,2,2,1
95724,35/11-5,1295.7959968,2,2,1
95725,35/11-5,1295.9479968,2,2,1
95726,35/11-5,1296.0999968,2,2,1
95727,35/11-5,1296.2519968000001,2,2,1
95728,35/11-5,1296.4039968,2,2,1
95729,35/11-5,1296.5559968,2,2,1
95730,35/11-5,1296.7079968,2,2,1
95731,35/11-5,1296.8599968,2,2,1
95732,35/11-5,1297.0119968000001,2,2,1
95733,35/11-5,1297.1639968,2,2,1
95734,35/11-5,1297.3159968,2,2,1
95735,35/11-5,1297.4679968,2,2,1
95736,35/11-5,1297.6199968,2,2,1
95737,35/11-5,1297.7719968000001,2,2,1
95738,35/11-5,1297.9239968,2,2,1
95739,35/11-5,1298.0759968,2,2,1
95740,35/11-5,1298.2279968,2,2,1
95741,35/11-5,1298.3799968,2,2,1
95742,35/11-5,1298.5319968000001,2,2,1
95743,35/11-5,1298.6839968,2,2,1
95744,35/11-5,1298.8359968,2,2,1
95745,35/11-5,1298.9879968,2,2,1
95746,35/11-5,1299.1399968,2,2,1
95747,35/11-5,1299.2919968,2,2,1
95748,35/11-5,1299.4439968,2,2,1
95749,35/11-5,1299.5959968,2,2,1
95750,35/11-5,1299.7479968,2,2,1
95751,35/11-5,1299.8999968,2,2,1
95752,35/11-5,1300.0519968,2,2,1
95753,35/11-5,1300.2039968000001,2,2,1
95754,35/11-5,1300.3559968,2,2,1
95755,35/11-5,1300.5079968,2,2,1
95756,35/11-5,1300.6599968,2,2,1
95757,35/11-5,1300.8119968,2,2,1
95758,35/11-5,1300.9639968000001,2,2,1
95759,35/11-5,1301.1159968,2,2,1
95760,35/11-5,1301.2679968,2,2,1
95761,35/11-5,1301.4199968,5,2,0
95762,35/11-5,1301.5719968,5,2,0
95763,35/11-5,1301.7239968000001,5,2,0
95764,35/11-5,1301.8759968,5,2,0
95765,35/11-5,1302.0279968,2,2,1
95766,35/11-5,1302.1799968,2,2,1
95767,35/11-5,1302.3319968,2,2,1
95768,35/11-5,1302.4839968,5,2,0
95769,35/11-5,1302.6359968,5,2,0
95770,35/11-5,1302.7879968,2,2,1
95771,35/11-5,1302.9399968,2,2,1
95772,35/11-5,1303.0919968,2,2,1
95773,35/11-5,1303.2439968,2,2,1
95774,35/11-5,1303.3959968,2,2,1
95775,35/11-5,1303.5479968,2,2,1
95776,35/11-5,1303.6999968,2,2,1
95777,35/11-5,1303.8519968,2,2,1
95778,35/11-5,1304.0039968,2,2,1
95779,35/11-5,1304.1559968000001,2,2,1
95780,35/11-5,1304.3079968,2,2,1
95781,35/11-5,1304.4599968,2,2,1
95782,35/11-5,1304.6119968,2,2,1
95783,35/11-5,1304.7639968,2,2,1
95784,35/11-5,1304.9159968000001,2,2,1
95785,35/11-5,1305.0679968,2,2,1
95786,35/11-5,1305.2199968,2,2,1
95787,35/11-5,1305.3719968,2,2,1
95788,35/11-5,1305.5239968,2,2,1
95789,35/11-5,1305.6759968000001,2,2,1
95790,35/11-5,1305.8279968,2,2,1
95791,35/11-5,1305.9799968,2,2,1
95792,35/11-5,1306.1319968,2,2,1
95793,35/11-5,1306.2839968,2,2,1
95794,35/11-5,1306.4359968,2,2,1
95795,35/11-5,1306.5879968,2,2,1
95796,35/11-5,1306.7399968,2,2,1
95797,35/11-5,1306.8919968,2,2,1
95798,35/11-5,1307.0439968,2,2,1
95799,35/11-5,1307.1959968,2,2,1
95800,35/11-5,1307.3479968000001,2,2,1
95801,35/11-5,1307.4999968,2,2,1
95802,35/11-5,1307.6519968,2,2,1
95803,35/11-5,1307.8039968,2,2,1
95804,35/11-5,1307.9559968,2,2,1
95805,35/11-5,1308.1079968000001,2,2,1
95806,35/11-5,1308.2599968,2,2,1
95807,35/11-5,1308.4119968,2,2,1
95808,35/11-5,1308.5639968,2,2,1
95809,35/11-5,1308.7159968,2,2,1
95810,35/11-5,1308.8679968000001,2,2,1
95811,35/11-5,1309.0199968,2,2,1
95812,35/11-5,1309.1719968,2,2,1
95813,35/11-5,1309.3239968,2,2,1
95814,35/11-5,1309.4759968,2,2,1
95815,35/11-5,1309.6279968000001,2,2,1
95816,35/11-5,1309.7799968,2,2,1
95817,35/11-5,1309.9319968,2,2,1
95818,35/11-5,1310.0839968,2,2,1
95819,35/11-5,1310.2359968,2,2,1
95820,35/11-5,1310.3879968,2,2,1
95821,35/11-5,1310.5399968,2,2,1
95822,35/11-5,1310.6919968,2,2,1
95823,35/11-5,1310.8439968,2,2,1
95824,35/11-5,1310.9959968,2,2,1
95825,35/11-5,1311.1479968,2,2,1
95826,35/11-5,1311.2999968000001,2,2,1
95827,35/11-5,1311.4519968,2,2,1
95828,35/11-5,1311.6039968,2,2,1
95829,35/11-5,1311.7559968,2,2,1
95830,35/11-5,1311.9079968,2,2,1
95831,35/11-5,1312.0599968000001,2,2,1
95832,35/11-5,1312.2119968,2,2,1
95833,35/11-5,1312.3639968,2,2,1
95834,35/11-5,1312.5159968,2,2,1
95835,35/11-5,1312.6679968,2,2,1
95836,35/11-5,1312.8199968000001,2,2,1
95837,35/11-5,1312.9719968,2,2,1
95838,35/11-5,1313.1239968,2,2,1
95839,35/11-5,1313.2759968,2,2,1
95840,35/11-5,1313.4279968,2,2,1
95841,35/11-5,1313.5799968000001,5,2,0
95842,35/11-5,1313.7319968,5,2,0
95843,35/11-5,1313.8839968,5,2,0
95844,35/11-5,1314.0359968,2,2,1
95845,35/11-5,1314.1879968,2,2,1
95846,35/11-5,1314.3399968,2,2,1
95847,35/11-5,1314.4919968,2,2,1
95848,35/11-5,1314.6439968,2,2,1
95849,35/11-5,1314.7959968,2,2,1
95850,35/11-5,1314.9479968,2,2,1
95851,35/11-5,1315.0999968,2,2,1
95852,35/11-5,1315.2519968000001,2,2,1
95853,35/11-5,1315.4039968,2,2,1
95854,35/11-5,1315.5559968,2,2,1
95855,35/11-5,1315.7079968,2,2,1
95856,35/11-5,1315.8599968,2,2,1
95857,35/11-5,1316.0119968000001,2,2,1
95858,35/11-5,1316.1639968,2,2,1
95859,35/11-5,1316.3159968,2,2,1
95860,35/11-5,1316.4679968,2,2,1
95861,35/11-5,1316.6199968,2,2,1
95862,35/11-5,1316.7719968000001,2,2,1
95863,35/11-5,1316.9239968,2,2,1
95864,35/11-5,1317.0759968,2,2,1
95865,35/11-5,1317.2279968,2,2,1
95866,35/11-5,1317.3799968,2,2,1
95867,35/11-5,1317.5319968000001,2,2,1
95868,35/11-5,1317.6839968,2,2,1
95869,35/11-5,1317.8359968,2,2,1
95870,35/11-5,1317.9879968,2,2,1
95871,35/11-5,1318.1399968,2,2,1
95872,35/11-5,1318.2919968,2,2,1
95873,35/11-5,1318.4439968,2,2,1
95874,35/11-5,1318.5959968,2,2,1
95875,35/11-5,1318.7479968,2,2,1
95876,35/11-5,1318.8999968,2,2,1
95877,35/11-5,1319.0519968,2,2,1
95878,35/11-5,1319.2039968000001,2,2,1
95879,35/11-5,1319.3559968,2,2,1
95880,35/11-5,1319.5079968,2,2,1
95881,35/11-5,1319.6599968,2,2,1
95882,35/11-5,1319.8119968,2,2,1
95883,35/11-5,1319.9639968000001,2,2,1
95884,35/11-5,1320.1159968,2,2,1
95885,35/11-5,1320.2679968,2,2,1
95886,35/11-5,1320.4199968,2,2,1
95887,35/11-5,1320.5719968,2,2,1
95888,35/11-5,1320.7239968000001,2,2,1
95889,35/11-5,1320.8759968,2,2,1
95890,35/11-5,1321.0279968,2,2,1
95891,35/11-5,1321.1799968,2,2,1
95892,35/11-5,1321.3319968,2,2,1
95893,35/11-5,1321.4839968,2,2,1
95894,35/11-5,1321.6359968,2,2,1
95895,35/11-5,1321.7879968,2,2,1
95896,35/11-5,1321.9399968,2,2,1
95897,35/11-5,1322.0919968,2,2,1
95898,35/11-5,1322.2439968,2,2,1
95899,35/11-5,1322.3959968,2,2,1
95900,35/11-5,1322.5479968,2,2,1
95901,35/11-5,1322.6999968,2,2,1
95902,35/11-5,1322.8519968,2,2,1
95903,35/11-5,1323.0039968,2,2,1
95904,35/11-5,1323.1559968000001,2,2,1
95905,35/11-5,1323.3079968,2,2,1
95906,35/11-5,1323.4599968,2,2,1
95907,35/11-5,1323.6119968,2,2,1
95908,35/11-5,1323.7639968,2,2,1
95909,35/11-5,1323.9159968000001,2,2,1
95910,35/11-5,1324.0679968,2,2,1
95911,35/11-5,1324.2199968,2,2,1
95912,35/11-5,1324.3719968,2,2,1
95913,35/11-5,1324.5239968,2,2,1
95914,35/11-5,1324.6759968000001,2,2,1
95915,35/11-5,1324.8279968,2,2,1
95916,35/11-5,1324.9799968,2,2,1
95917,35/11-5,1325.1319968,2,2,1
95918,35/11-5,1325.2839968,2,2,1
95919,35/11-5,1325.4359968,2,2,1
95920,35/11-5,1325.5879968,2,2,1
95921,35/11-5,1325.7399968,2,2,1
95922,35/11-5,1325.8919968,2,2,1
95923,35/11-5,1326.0439968,2,2,1
95924,35/11-5,1326.1959968,2,2,1
95925,35/11-5,1326.3479968000001,2,2,1
95926,35/11-5,1326.4999968,2,2,1
95927,35/11-5,1326.6519968,2,2,1
95928,35/11-5,1326.8039968,2,2,1
95929,35/11-5,1326.9559968,2,2,1
95930,35/11-5,1327.1079968000001,2,2,1
95931,35/11-5,1327.2599968,2,2,1
95932,35/11-5,1327.4119968,2,2,1
95933,35/11-5,1327.5639968,2,2,1
95934,35/11-5,1327.7159968,2,2,1
95935,35/11-5,1327.8679968000001,2,2,1
95936,35/11-5,1328.0199968,2,2,1
95937,35/11-5,1328.1719968,2,2,1
95938,35/11-5,1328.3239968,2,2,1
95939,35/11-5,1328.4759968,2,2,1
95940,35/11-5,1328.6279968000001,2,2,1
95941,35/11-5,1328.7799968,2,2,1
95942,35/11-5,1328.9319968,2,2,1
95943,35/11-5,1329.0839968,2,2,1
95944,35/11-5,1329.2359968,2,2,1
95945,35/11-5,1329.3879968,2,2,1
95946,35/11-5,1329.5399968,2,2,1
95947,35/11-5,1329.6919968,2,2,1
95948,35/11-5,1329.8439968,2,2,1
95949,35/11-5,1329.9959968,2,2,1
95950,35/11-5,1330.1479968,2,2,1
95951,35/11-5,1330.2999968000001,2,2,1
95952,35/11-5,1330.4519968,2,2,1
95953,35/11-5,1330.6039968,2,2,1
95954,35/11-5,1330.7559968,2,2,1
95955,35/11-5,1330.9079968,2,2,1
95956,35/11-5,1331.0599968000001,2,2,1
95957,35/11-5,1331.2119968,2,2,1
95958,35/11-5,1331.3639968,2,2,1
95959,35/11-5,1331.5159968,2,2,1
95960,35/11-5,1331.6679968,2,2,1
95961,35/11-5,1331.8199968000001,2,2,1
95962,35/11-5,1331.9719968,2,2,1
95963,35/11-5,1332.1239968,2,2,1
95964,35/11-5,1332.2759968,2,2,1
95965,35/11-5,1332.4279968,2,2,1
95966,35/11-5,1332.5799968000001,2,2,1
95967,35/11-5,1332.7319968,2,2,1
95968,35/11-5,1332.8839968,2,2,1
95969,35/11-5,1333.0359968,2,2,1
95970,35/11-5,1333.1879968,2,2,1
95971,35/11-5,1333.3399968,2,2,1
95972,35/11-5,1333.4919968,2,2,1
95973,35/11-5,1333.6439968,2,2,1
95974,35/11-5,1333.7959968,2,2,1
95975,35/11-5,1333.9479968,2,2,1
95976,35/11-5,1334.0999968,2,2,1
95977,35/11-5,1334.2519968000001,2,2,1
95978,35/11-5,1334.4039968,2,2,1
95979,35/11-5,1334.5559968,2,2,1
95980,35/11-5,1334.7079968,2,2,1
95981,35/11-5,1334.8599968,2,2,1
95982,35/11-5,1335.0119968000001,2,2,1
95983,35/11-5,1335.1639968,2,2,1
95984,35/11-5,1335.3159968,2,2,1
95985,35/11-5,1335.4679968,2,2,1
95986,35/11-5,1335.6199968,2,2,1
95987,35/11-5,1335.7719968000001,2,2,1
95988,35/11-5,1335.9239968,2,2,1
95989,35/11-5,1336.0759968,2,2,1
95990,35/11-5,1336.2279968,2,2,1
95991,35/11-5,1336.3799968,2,2,1
95992,35/11-5,1336.5319968000001,2,2,1
95993,35/11-5,1336.6839968,2,2,1
95994,35/11-5,1336.8359968,2,2,1
95995,35/11-5,1336.9879968,2,2,1
95996,35/11-5,1337.1399968,2,2,1
95997,35/11-5,1337.2919968,2,2,1
95998,35/11-5,1337.4439968,2,2,1
95999,35/11-5,1337.5959968,2,2,1
96000,35/11-5,1337.7479968,2,2,1
96001,35/11-5,1337.8999968,2,2,1
96002,35/11-5,1338.0519968,2,2,1
96003,35/11-5,1338.2039968000001,2,2,1
96004,35/11-5,1338.3559968,2,2,1
96005,35/11-5,1338.5079968,2,2,1
96006,35/11-5,1338.6599968,2,2,1
96007,35/11-5,1338.8119968,2,2,1
96008,35/11-5,1338.9639968000001,2,2,1
96009,35/11-5,1339.1159968,2,2,1
96010,35/11-5,1339.2679968,2,2,1
96011,35/11-5,1339.4199968,2,2,1
96012,35/11-5,1339.5719968,2,2,1
96013,35/11-5,1339.7239968000001,2,2,1
96014,35/11-5,1339.8759968,2,2,1
96015,35/11-5,1340.0279968,2,2,1
96016,35/11-5,1340.1799968,2,2,1
96017,35/11-5,1340.3319968,2,2,1
96018,35/11-5,1340.4839968,2,2,1
96019,35/11-5,1340.6359968,2,2,1
96020,35/11-5,1340.7879968,2,2,1
96021,35/11-5,1340.9399968,2,2,1
96022,35/11-5,1341.0919968,2,2,1
96023,35/11-5,1341.2439968,2,2,1
96024,35/11-5,1341.3959968,2,2,1
96025,35/11-5,1341.5479968,2,2,1
96026,35/11-5,1341.6999968,2,2,1
96027,35/11-5,1341.8519968,2,2,1
96028,35/11-5,1342.0039968,2,2,1
96029,35/11-5,1342.1559968000001,2,2,1
96030,35/11-5,1342.3079968,2,2,1
96031,35/11-5,1342.4599968,2,2,1
96032,35/11-5,1342.6119968,2,2,1
96033,35/11-5,1342.7639968,2,2,1
96034,35/11-5,1342.9159968000001,2,2,1
96035,35/11-5,1343.0679968,2,2,1
96036,35/11-5,1343.2199968,2,2,1
96037,35/11-5,1343.3719968,2,2,1
96038,35/11-5,1343.5239968,2,2,1
96039,35/11-5,1343.6759968000001,2,2,1
96040,35/11-5,1343.8279968,2,2,1
96041,35/11-5,1343.9799968,2,2,1
96042,35/11-5,1344.1319968,2,2,1
96043,35/11-5,1344.2839968,2,2,1
96044,35/11-5,1344.4359968,2,2,1
96045,35/11-5,1344.5879968,2,2,1
96046,35/11-5,1344.7399968,2,2,1
96047,35/11-5,1344.8919968,2,2,1
96048,35/11-5,1345.0439968,2,2,1
96049,35/11-5,1345.1959968,2,2,1
96050,35/11-5,1345.3479968000001,2,2,1
96051,35/11-5,1345.4999968,2,2,1
96052,35/11-5,1345.6519968,2,2,1
96053,35/11-5,1345.8039968,2,2,1
96054,35/11-5,1345.9559968,2,2,1
96055,35/11-5,1346.1079968000001,2,2,1
96056,35/11-5,1346.2599968,2,2,1
96057,35/11-5,1346.4119968,2,2,1
96058,35/11-5,1346.5639968,2,2,1
96059,35/11-5,1346.7159968,2,2,1
96060,35/11-5,1346.8679968000001,2,2,1
96061,35/11-5,1347.0199968,2,2,1
96062,35/11-5,1347.1719968,2,2,1
96063,35/11-5,1347.3239968,2,2,1
96064,35/11-5,1347.4759968,2,2,1
96065,35/11-5,1347.6279968000001,2,2,1
96066,35/11-5,1347.7799968,2,2,1
96067,35/11-5,1347.9319968,2,2,1
96068,35/11-5,1348.0839968,2,2,1
96069,35/11-5,1348.2359968,2,2,1
96070,35/11-5,1348.3879968,2,2,1
96071,35/11-5,1348.5399968,2,2,1
96072,35/11-5,1348.6919968,2,2,1
96073,35/11-5,1348.8439968,2,2,1
96074,35/11-5,1348.9959968,2,2,1
96075,35/11-5,1349.1479968,2,2,1
96076,35/11-5,1349.2999968000001,2,2,1
96077,35/11-5,1349.4519968,2,2,1
96078,35/11-5,1349.6039968,2,2,1
96079,35/11-5,1349.7559968,2,2,1
96080,35/11-5,1349.9079968,2,2,1
96081,35/11-5,1350.0599968000001,2,2,1
96082,35/11-5,1350.2119968,2,2,1
96083,35/11-5,1350.3639968,2,2,1
96084,35/11-5,1350.5159968,2,2,1
96085,35/11-5,1350.6679968,2,2,1
96086,35/11-5,1350.8199968000001,2,2,1
96087,35/11-5,1350.9719968,2,2,1
96088,35/11-5,1351.1239968,2,2,1
96089,35/11-5,1351.2759968,2,2,1
96090,35/11-5,1351.4279968,2,2,1
96091,35/11-5,1351.5799968000001,2,2,1
96092,35/11-5,1351.7319968,2,2,1
96093,35/11-5,1351.8839968,2,2,1
96094,35/11-5,1352.0359968,2,2,1
96095,35/11-5,1352.1879968,2,2,1
96096,35/11-5,1352.3399968,2,2,1
96097,35/11-5,1352.4919968,2,2,1
96098,35/11-5,1352.6439968,2,2,1
96099,35/11-5,1352.7959968,2,2,1
96100,35/11-5,1352.9479968,2,2,1
96101,35/11-5,1353.0999968,2,2,1
96102,35/11-5,1353.2519968000001,2,2,1
96103,35/11-5,1353.4039968,2,2,1
96104,35/11-5,1353.5559968,2,2,1
96105,35/11-5,1353.7079968,2,2,1
96106,35/11-5,1353.8599968,2,2,1
96107,35/11-5,1354.0119968000001,2,2,1
96108,35/11-5,1354.1639968,2,2,1
96109,35/11-5,1354.3159968,2,2,1
96110,35/11-5,1354.4679968,2,2,1
96111,35/11-5,1354.6199968,2,2,1
96112,35/11-5,1354.7719968000001,2,2,1
96113,35/11-5,1354.9239968,2,2,1
96114,35/11-5,1355.0759968,2,2,1
96115,35/11-5,1355.2279968,2,2,1
96116,35/11-5,1355.3799968,2,2,1
96117,35/11-5,1355.5319968000001,2,2,1
96118,35/11-5,1355.6839968,2,2,1
96119,35/11-5,1355.8359968,2,2,1
96120,35/11-5,1355.9879968,2,2,1
96121,35/11-5,1356.1399968,2,2,1
96122,35/11-5,1356.2919968,2,2,1
96123,35/11-5,1356.4439968,2,2,1
96124,35/11-5,1356.5959968,2,2,1
96125,35/11-5,1356.7479968,2,2,1
96126,35/11-5,1356.8999968,2,2,1
96127,35/11-5,1357.0519968,2,2,1
96128,35/11-5,1357.2039968000001,2,2,1
96129,35/11-5,1357.3559968,2,2,1
96130,35/11-5,1357.5079968,2,2,1
96131,35/11-5,1357.6599968,2,2,1
96132,35/11-5,1357.8119968,2,2,1
96133,35/11-5,1357.9639968000001,2,2,1
96134,35/11-5,1358.1159968,2,2,1
96135,35/11-5,1358.2679968,2,2,1
96136,35/11-5,1358.4199968,2,2,1
96137,35/11-5,1358.5719968,2,2,1
96138,35/11-5,1358.7239968000001,2,2,1
96139,35/11-5,1358.8759968,2,2,1
96140,35/11-5,1359.0279968,2,2,1
96141,35/11-5,1359.1799968,2,2,1
96142,35/11-5,1359.3319968,2,2,1
96143,35/11-5,1359.4839968,2,2,1
96144,35/11-5,1359.6359968,2,2,1
96145,35/11-5,1359.7879968,2,2,1
96146,35/11-5,1359.9399968,2,2,1
96147,35/11-5,1360.0919968,2,2,1
96148,35/11-5,1360.2439968,2,2,1
96149,35/11-5,1360.3959968,2,2,1
96150,35/11-5,1360.5479968,2,2,1
96151,35/11-5,1360.6999968,2,2,1
96152,35/11-5,1360.8519968,2,2,1
96153,35/11-5,1361.0039968,2,2,1
96154,35/11-5,1361.1559968000001,2,2,1
96155,35/11-5,1361.3079968,2,2,1
96156,35/11-5,1361.4599968,2,2,1
96157,35/11-5,1361.6119968,2,2,1
96158,35/11-5,1361.7639968,2,2,1
96159,35/11-5,1361.9159968000001,2,2,1
96160,35/11-5,1362.0679968,2,2,1
96161,35/11-5,1362.2199968,2,2,1
96162,35/11-5,1362.3719968,2,2,1
96163,35/11-5,1362.5239968,2,2,1
96164,35/11-5,1362.6759968000001,2,2,1
96165,35/11-5,1362.8279968,2,2,1
96166,35/11-5,1362.9799968,2,2,1
96167,35/11-5,1363.1319968,2,2,1
96168,35/11-5,1363.2839968,2,2,1
96169,35/11-5,1363.4359968,2,2,1
96170,35/11-5,1363.5879968,2,2,1
96171,35/11-5,1363.7399968,2,2,1
96172,35/11-5,1363.8919968,2,2,1
96173,35/11-5,1364.0439968,2,2,1
96174,35/11-5,1364.1959968,2,2,1
96175,35/11-5,1364.3479968000001,2,2,1
96176,35/11-5,1364.4999968,2,2,1
96177,35/11-5,1364.6519968,2,2,1
96178,35/11-5,1364.8039968,2,2,1
96179,35/11-5,1364.9559968,2,2,1
96180,35/11-5,1365.1079968000001,2,2,1
96181,35/11-5,1365.2599968,2,2,1
96182,35/11-5,1365.4119968,2,2,1
96183,35/11-5,1365.5639968,2,2,1
96184,35/11-5,1365.7159968,2,2,1
96185,35/11-5,1365.8679968000001,2,2,1
96186,35/11-5,1366.0199968,2,2,1
96187,35/11-5,1366.1719968,2,2,1
96188,35/11-5,1366.3239968,2,2,1
96189,35/11-5,1366.4759968,2,2,1
96190,35/11-5,1366.6279968000001,2,2,1
96191,35/11-5,1366.7799968,2,2,1
96192,35/11-5,1366.9319968,2,2,1
96193,35/11-5,1367.0839968,2,2,1
96194,35/11-5,1367.2359968,2,2,1
96195,35/11-5,1367.3879968,2,2,1
96196,35/11-5,1367.5399968,2,2,1
96197,35/11-5,1367.6919968,2,2,1
96198,35/11-5,1367.8439968,2,2,1
96199,35/11-5,1367.9959968,2,2,1
96200,35/11-5,1368.1479968,2,2,1
96201,35/11-5,1368.2999968000001,2,2,1
96202,35/11-5,1368.4519968,2,2,1
96203,35/11-5,1368.6039968,2,2,1
96204,35/11-5,1368.7559968,2,2,1
96205,35/11-5,1368.9079968,2,2,1
96206,35/11-5,1369.0599968000001,2,2,1
96207,35/11-5,1369.2119968,2,2,1
96208,35/11-5,1369.3639968,2,2,1
96209,35/11-5,1369.5159968,2,2,1
96210,35/11-5,1369.6679968,2,2,1
96211,35/11-5,1369.8199968000001,2,2,1
96212,35/11-5,1369.9719968,2,2,1
96213,35/11-5,1370.1239968,2,2,1
96214,35/11-5,1370.2759968,2,2,1
96215,35/11-5,1370.4279968,2,2,1
96216,35/11-5,1370.5799968000001,2,2,1
96217,35/11-5,1370.7319968,2,2,1
96218,35/11-5,1370.8839968,2,2,1
96219,35/11-5,1371.0359968,2,2,1
96220,35/11-5,1371.1879968,2,2,1
96221,35/11-5,1371.3399968,2,2,1
96222,35/11-5,1371.4919968,2,2,1
96223,35/11-5,1371.6439968,2,2,1
96224,35/11-5,1371.7959968,2,2,1
96225,35/11-5,1371.9479968,2,2,1
96226,35/11-5,1372.0999968,2,2,1
96227,35/11-5,1372.2519968000001,2,2,1
96228,35/11-5,1372.4039968,2,2,1
96229,35/11-5,1372.5559968,2,2,1
96230,35/11-5,1372.7079968,2,2,1
96231,35/11-5,1372.8599968,2,2,1
96232,35/11-5,1373.0119968000001,2,2,1
96233,35/11-5,1373.1639968,2,2,1
96234,35/11-5,1373.3159968,2,2,1
96235,35/11-5,1373.4679968,2,2,1
96236,35/11-5,1373.6199968,2,2,1
96237,35/11-5,1373.7719968000001,2,2,1
96238,35/11-5,1373.9239968,2,2,1
96239,35/11-5,1374.0759968,2,2,1
96240,35/11-5,1374.2279968,2,2,1
96241,35/11-5,1374.3799968,2,2,1
96242,35/11-5,1374.5319968000001,2,2,1
96243,35/11-5,1374.6839968,2,2,1
96244,35/11-5,1374.8359968,2,2,1
96245,35/11-5,1374.9879968,2,2,1
96246,35/11-5,1375.1399968,2,2,1
96247,35/11-5,1375.2919968,2,2,1
96248,35/11-5,1375.4439968,2,2,1
96249,35/11-5,1375.5959968,2,2,1
96250,35/11-5,1375.7479968,2,2,1
96251,35/11-5,1375.8999968,2,2,1
96252,35/11-5,1376.0519968,2,2,1
96253,35/11-5,1376.2039968000001,2,2,1
96254,35/11-5,1376.3559968,2,2,1
96255,35/11-5,1376.5079968,2,2,1
96256,35/11-5,1376.6599968,2,2,1
96257,35/11-5,1376.8119968,2,2,1
96258,35/11-5,1376.9639968000001,2,2,1
96259,35/11-5,1377.1159968,2,2,1
96260,35/11-5,1377.2679968,2,2,1
96261,35/11-5,1377.4199968,2,2,1
96262,35/11-5,1377.5719968,2,2,1
96263,35/11-5,1377.7239968000001,2,2,1
96264,35/11-5,1377.8759968,2,2,1
96265,35/11-5,1378.0279968,2,2,1
96266,35/11-5,1378.1799968,2,2,1
96267,35/11-5,1378.3319968,2,2,1
96268,35/11-5,1378.4839968,2,2,1
96269,35/11-5,1378.6359968,2,2,1
96270,35/11-5,1378.7879968,2,2,1
96271,35/11-5,1378.9399968,2,2,1
96272,35/11-5,1379.0919968,2,2,1
96273,35/11-5,1379.2439968,2,2,1
96274,35/11-5,1379.3959968,2,2,1
96275,35/11-5,1379.5479968,2,2,1
96276,35/11-5,1379.6999968,2,2,1
96277,35/11-5,1379.8519968,2,2,1
96278,35/11-5,1380.0039968,2,2,1
96279,35/11-5,1380.1559968000001,2,2,1
96280,35/11-5,1380.3079968,2,2,1
96281,35/11-5,1380.4599968,2,2,1
96282,35/11-5,1380.6119968,2,2,1
96283,35/11-5,1380.7639968,2,2,1
96284,35/11-5,1380.9159968000001,2,2,1
96285,35/11-5,1381.0679968,2,2,1
96286,35/11-5,1381.2199968,2,2,1
96287,35/11-5,1381.3719968,2,2,1
96288,35/11-5,1381.5239968,2,2,1
96289,35/11-5,1381.6759968000001,2,2,1
96290,35/11-5,1381.8279968,2,2,1
96291,35/11-5,1381.9799968,2,2,1
96292,35/11-5,1382.1319968,2,2,1
96293,35/11-5,1382.2839968,2,2,1
96294,35/11-5,1382.4359968,2,2,1
96295,35/11-5,1382.5879968,2,2,1
96296,35/11-5,1382.7399968,2,2,1
96297,35/11-5,1382.8919968,2,2,1
96298,35/11-5,1383.0439968,2,2,1
96299,35/11-5,1383.1959968,2,2,1
96300,35/11-5,1383.3479968000001,2,2,1
96301,35/11-5,1383.4999968,2,2,1
96302,35/11-5,1383.6519968,2,2,1
96303,35/11-5,1383.8039968,2,2,1
96304,35/11-5,1383.9559968,2,2,1
96305,35/11-5,1384.1079968000001,2,2,1
96306,35/11-5,1384.2599968,2,2,1
96307,35/11-5,1384.4119968,2,2,1
96308,35/11-5,1384.5639968,2,2,1
96309,35/11-5,1384.7159968,2,2,1
96310,35/11-5,1384.8679968000001,2,2,1
96311,35/11-5,1385.0199968,2,2,1
96312,35/11-5,1385.1719968,2,2,1
96313,35/11-5,1385.3239968,2,2,1
96314,35/11-5,1385.4759968,2,2,1
96315,35/11-5,1385.6279968000001,2,2,1
96316,35/11-5,1385.7799968,2,2,1
96317,35/11-5,1385.9319968,2,2,1
96318,35/11-5,1386.0839968,2,2,1
96319,35/11-5,1386.2359968,2,2,1
96320,35/11-5,1386.3879968,2,2,1
96321,35/11-5,1386.5399968,2,2,1
96322,35/11-5,1386.6919968,2,2,1
96323,35/11-5,1386.8439968,2,2,1
96324,35/11-5,1386.9959968,2,2,1
96325,35/11-5,1387.1479968,2,2,1
96326,35/11-5,1387.2999968000001,2,2,1
96327,35/11-5,1387.4519968,2,2,1
96328,35/11-5,1387.6039968,2,2,1
96329,35/11-5,1387.7559968,2,2,1
96330,35/11-5,1387.9079968,2,2,1
96331,35/11-5,1388.0599968000001,2,2,1
96332,35/11-5,1388.2119968,2,2,1
96333,35/11-5,1388.3639968,2,2,1
96334,35/11-5,1388.5159968,2,2,1
96335,35/11-5,1388.6679968,2,2,1
96336,35/11-5,1388.8199968000001,2,2,1
96337,35/11-5,1388.9719968,2,2,1
96338,35/11-5,1389.1239968,2,2,1
96339,35/11-5,1389.2759968,2,2,1
96340,35/11-5,1389.4279968,2,2,1
96341,35/11-5,1389.5799968000001,2,2,1
96342,35/11-5,1389.7319968,2,2,1
96343,35/11-5,1389.8839968,2,2,1
96344,35/11-5,1390.0359968,2,2,1
96345,35/11-5,1390.1879968,2,2,1
96346,35/11-5,1390.3399968,2,2,1
96347,35/11-5,1390.4919968,2,2,1
96348,35/11-5,1390.6439968,2,2,1
96349,35/11-5,1390.7959968,2,2,1
96350,35/11-5,1390.9479968,2,2,1
96351,35/11-5,1391.0999968,2,2,1
96352,35/11-5,1391.2519968000001,2,2,1
96353,35/11-5,1391.4039968,2,2,1
96354,35/11-5,1391.5559968,2,2,1
96355,35/11-5,1391.7079968,2,2,1
96356,35/11-5,1391.8599968,2,2,1
96357,35/11-5,1392.0119968000001,2,2,1
96358,35/11-5,1392.1639968,2,2,1
96359,35/11-5,1392.3159968,2,2,1
96360,35/11-5,1392.4679968,2,2,1
96361,35/11-5,1392.6199968,2,2,1
96362,35/11-5,1392.7719968000001,2,2,1
96363,35/11-5,1392.9239968,2,2,1
96364,35/11-5,1393.0759968,2,2,1
96365,35/11-5,1393.2279968,2,2,1
96366,35/11-5,1393.3799968,2,2,1
96367,35/11-5,1393.5319968000001,2,2,1
96368,35/11-5,1393.6839968,2,2,1
96369,35/11-5,1393.8359968,2,2,1
96370,35/11-5,1393.9879968,2,2,1
96371,35/11-5,1394.1399968,2,2,1
96372,35/11-5,1394.2919968,2,2,1
96373,35/11-5,1394.4439968,2,2,1
96374,35/11-5,1394.5959968,2,2,1
96375,35/11-5,1394.7479968,2,2,1
96376,35/11-5,1394.8999968,2,2,1
96377,35/11-5,1395.0519968,2,2,1
96378,35/11-5,1395.2039968000001,2,2,1
96379,35/11-5,1395.3559968,2,2,1
96380,35/11-5,1395.5079968,2,2,1
96381,35/11-5,1395.6599968,2,2,1
96382,35/11-5,1395.8119968,2,2,1
96383,35/11-5,1395.9639968000001,2,2,1
96384,35/11-5,1396.1159968,2,2,1
96385,35/11-5,1396.2679968,2,2,1
96386,35/11-5,1396.4199968,2,2,1
96387,35/11-5,1396.5719968,2,2,1
96388,35/11-5,1396.7239968000001,2,2,1
96389,35/11-5,1396.8759968,2,2,1
96390,35/11-5,1397.0279968,2,2,1
96391,35/11-5,1397.1799968,2,2,1
96392,35/11-5,1397.3319968,2,2,1
96393,35/11-5,1397.4839968,2,2,1
96394,35/11-5,1397.6359968,2,2,1
96395,35/11-5,1397.7879968,2,2,1
96396,35/11-5,1397.9399968,2,2,1
96397,35/11-5,1398.0919968,2,2,1
96398,35/11-5,1398.2439968,2,2,1
96399,35/11-5,1398.3959968,2,2,1
96400,35/11-5,1398.5479968,2,2,1
96401,35/11-5,1398.6999968,2,2,1
96402,35/11-5,1398.8519968,2,2,1
96403,35/11-5,1399.0039968,2,2,1
96404,35/11-5,1399.1559968000001,2,2,1
96405,35/11-5,1399.3079968,2,2,1
96406,35/11-5,1399.4599968,2,2,1
96407,35/11-5,1399.6119968,2,2,1
96408,35/11-5,1399.7639968,2,2,1
96409,35/11-5,1399.9159968000001,2,2,1
96410,35/11-5,1400.0679968,2,2,1
96411,35/11-5,1400.2199968,2,2,1
96412,35/11-5,1400.3719968,2,2,1
96413,35/11-5,1400.5239968,2,2,1
96414,35/11-5,1400.6759968000001,2,2,1
96415,35/11-5,1400.8279968,2,2,1
96416,35/11-5,1400.9799968,2,2,1
96417,35/11-5,1401.1319968,2,2,1
96418,35/11-5,1401.2839968,2,2,1
96419,35/11-5,1401.4359968,2,2,1
96420,35/11-5,1401.5879968,2,2,1
96421,35/11-5,1401.7399968,2,2,1
96422,35/11-5,1401.8919968,2,2,1
96423,35/11-5,1402.0439968,2,2,1
96424,35/11-5,1402.1959968,2,2,1
96425,35/11-5,1402.3479968000001,2,2,1
96426,35/11-5,1402.4999968,2,2,1
96427,35/11-5,1402.6519968,2,2,1
96428,35/11-5,1402.8039968,2,2,1
96429,35/11-5,1402.9559968,2,2,1
96430,35/11-5,1403.1079968000001,2,2,1
96431,35/11-5,1403.2599968,2,2,1
96432,35/11-5,1403.4119968,2,2,1
96433,35/11-5,1403.5639968,2,2,1
96434,35/11-5,1403.7159968,2,2,1
96435,35/11-5,1403.8679968000001,2,2,1
96436,35/11-5,1404.0199968,2,2,1
96437,35/11-5,1404.1719968,2,2,1
96438,35/11-5,1404.3239968,2,2,1
96439,35/11-5,1404.4759968,2,2,1
96440,35/11-5,1404.6279968000001,2,2,1
96441,35/11-5,1404.7799968,2,2,1
96442,35/11-5,1404.9319968,2,2,1
96443,35/11-5,1405.0839968,2,2,1
96444,35/11-5,1405.2359968,2,2,1
96445,35/11-5,1405.3879968,2,2,1
96446,35/11-5,1405.5399968,2,2,1
96447,35/11-5,1405.6919968,2,2,1
96448,35/11-5,1405.8439968,2,2,1
96449,35/11-5,1405.9959968,2,2,1
96450,35/11-5,1406.1479968,2,2,1
96451,35/11-5,1406.2999968000001,2,2,1
96452,35/11-5,1406.4519968,2,2,1
96453,35/11-5,1406.6039968,2,2,1
96454,35/11-5,1406.7559968,2,2,1
96455,35/11-5,1406.9079968,2,2,1
96456,35/11-5,1407.0599968000001,2,2,1
96457,35/11-5,1407.2119968,2,2,1
96458,35/11-5,1407.3639968,2,2,1
96459,35/11-5,1407.5159968,2,2,1
96460,35/11-5,1407.6679968,2,2,1
96461,35/11-5,1407.8199968000001,2,2,1
96462,35/11-5,1407.9719968,2,2,1
96463,35/11-5,1408.1239968,2,2,1
96464,35/11-5,1408.2759968,2,2,1
96465,35/11-5,1408.4279968,2,2,1
96466,35/11-5,1408.5799968000001,2,2,1
96467,35/11-5,1408.7319968,2,2,1
96468,35/11-5,1408.8839968,2,2,1
96469,35/11-5,1409.0359968,2,2,1
96470,35/11-5,1409.1879968,2,2,1
96471,35/11-5,1409.3399968,2,2,1
96472,35/11-5,1409.4919968,2,2,1
96473,35/11-5,1409.6439968,2,2,1
96474,35/11-5,1409.7959968,2,2,1
96475,35/11-5,1409.9479968,2,2,1
96476,35/11-5,1410.0999968,2,2,1
96477,35/11-5,1410.2519968000001,2,2,1
96478,35/11-5,1410.4039968,2,2,1
96479,35/11-5,1410.5559968,2,2,1
96480,35/11-5,1410.7079968,2,2,1
96481,35/11-5,1410.8599968,2,2,1
96482,35/11-5,1411.0119968000001,2,2,1
96483,35/11-5,1411.1639968,2,2,1
96484,35/11-5,1411.3159968,2,2,1
96485,35/11-5,1411.4679968,2,2,1
96486,35/11-5,1411.6199968,2,2,1
96487,35/11-5,1411.7719968000001,2,2,1
96488,35/11-5,1411.9239968,2,2,1
96489,35/11-5,1412.0759968,2,2,1
96490,35/11-5,1412.2279968,2,2,1
96491,35/11-5,1412.3799968,2,2,1
96492,35/11-5,1412.5319968000001,2,2,1
96493,35/11-5,1412.6839968,2,2,1
96494,35/11-5,1412.8359968,2,2,1
96495,35/11-5,1412.9879968,2,2,1
96496,35/11-5,1413.1399968,2,2,1
96497,35/11-5,1413.2919968,2,2,1
96498,35/11-5,1413.4439968,2,2,1
96499,35/11-5,1413.5959968,2,2,1
96500,35/11-5,1413.7479968,2,2,1
96501,35/11-5,1413.8999968,2,2,1
96502,35/11-5,1414.0519968,2,2,1
96503,35/11-5,1414.2039968000001,2,2,1
96504,35/11-5,1414.3559968,2,2,1
96505,35/11-5,1414.5079968,2,2,1
96506,35/11-5,1414.6599968,2,2,1
96507,35/11-5,1414.8119968,2,2,1
96508,35/11-5,1414.9639968000001,2,2,1
96509,35/11-5,1415.1159968,2,2,1
96510,35/11-5,1415.2679968,2,2,1
96511,35/11-5,1415.4199968,2,2,1
96512,35/11-5,1415.5719968,2,2,1
96513,35/11-5,1415.7239968000001,2,2,1
96514,35/11-5,1415.8759968,2,2,1
96515,35/11-5,1416.0279968,2,2,1
96516,35/11-5,1416.1799968,2,2,1
96517,35/11-5,1416.3319968,2,2,1
96518,35/11-5,1416.4839968,2,2,1
96519,35/11-5,1416.6359968,2,2,1
96520,35/11-5,1416.7879968,2,2,1
96521,35/11-5,1416.9399968,2,2,1
96522,35/11-5,1417.0919968,2,2,1
96523,35/11-5,1417.2439968,2,2,1
96524,35/11-5,1417.3959968,2,2,1
96525,35/11-5,1417.5479968,2,2,1
96526,35/11-5,1417.6999968,2,2,1
96527,35/11-5,1417.8519968,2,2,1
96528,35/11-5,1418.0039968,2,2,1
96529,35/11-5,1418.1559968000001,2,2,1
96530,35/11-5,1418.3079968,2,2,1
96531,35/11-5,1418.4599968,2,2,1
96532,35/11-5,1418.6119968,2,2,1
96533,35/11-5,1418.7639968,2,2,1
96534,35/11-5,1418.9159968000001,2,2,1
96535,35/11-5,1419.0679968,2,2,1
96536,35/11-5,1419.2199968,2,2,1
96537,35/11-5,1419.3719968,2,2,1
96538,35/11-5,1419.5239968,2,2,1
96539,35/11-5,1419.6759968000001,2,2,1
96540,35/11-5,1419.8279968,2,2,1
96541,35/11-5,1419.9799968,2,2,1
96542,35/11-5,1420.1319968,2,2,1
96543,35/11-5,1420.2839968,2,2,1
96544,35/11-5,1420.4359968,2,2,1
96545,35/11-5,1420.5879968,2,2,1
96546,35/11-5,1420.7399968,2,2,1
96547,35/11-5,1420.8919968,2,2,1
96548,35/11-5,1421.0439968,2,2,1
96549,35/11-5,1421.1959968,2,2,1
96550,35/11-5,1421.3479968000001,2,2,1
96551,35/11-5,1421.4999968,2,2,1
96552,35/11-5,1421.6519968,2,2,1
96553,35/11-5,1421.8039968,2,2,1
96554,35/11-5,1421.9559968,2,2,1
96555,35/11-5,1422.1079968000001,2,2,1
96556,35/11-5,1422.2599968,2,2,1
96557,35/11-5,1422.4119968,2,2,1
96558,35/11-5,1422.5639968,2,2,1
96559,35/11-5,1422.7159968,2,2,1
96560,35/11-5,1422.8679968000001,2,2,1
96561,35/11-5,1423.0199968,2,2,1
96562,35/11-5,1423.1719968,2,2,1
96563,35/11-5,1423.3239968,2,2,1
96564,35/11-5,1423.4759968,2,2,1
96565,35/11-5,1423.6279968000001,2,2,1
96566,35/11-5,1423.7799968,2,2,1
96567,35/11-5,1423.9319968,2,2,1
96568,35/11-5,1424.0839968,2,2,1
96569,35/11-5,1424.2359968,2,2,1
96570,35/11-5,1424.3879968,2,2,1
96571,35/11-5,1424.5399968,2,2,1
96572,35/11-5,1424.6919968,2,2,1
96573,35/11-5,1424.8439968,2,2,1
96574,35/11-5,1424.9959968,2,2,1
96575,35/11-5,1425.1479968,2,2,1
96576,35/11-5,1425.2999968000001,2,2,1
96577,35/11-5,1425.4519968,2,2,1
96578,35/11-5,1425.6039968,2,2,1
96579,35/11-5,1425.7559968,2,2,1
96580,35/11-5,1425.9079968,2,2,1
96581,35/11-5,1426.0599968000001,2,2,1
96582,35/11-5,1426.2119968,2,2,1
96583,35/11-5,1426.3639968,2,2,1
96584,35/11-5,1426.5159968,2,2,1
96585,35/11-5,1426.6679968,2,2,1
96586,35/11-5,1426.8199968000001,2,2,1
96587,35/11-5,1426.9719968,2,2,1
96588,35/11-5,1427.1239968,2,2,1
96589,35/11-5,1427.2759968,2,2,1
96590,35/11-5,1427.4279968,2,2,1
96591,35/11-5,1427.5799968000001,2,2,1
96592,35/11-5,1427.7319968,2,2,1
96593,35/11-5,1427.8839968,2,2,1
96594,35/11-5,1428.0359968,2,2,1
96595,35/11-5,1428.1879968,2,2,1
96596,35/11-5,1428.3399968,2,2,1
96597,35/11-5,1428.4919968,2,2,1
96598,35/11-5,1428.6439968,2,2,1
96599,35/11-5,1428.7959968,2,2,1
96600,35/11-5,1428.9479968,2,2,1
96601,35/11-5,1429.0999968,2,2,1
96602,35/11-5,1429.2519968000001,2,2,1
96603,35/11-5,1429.4039968,2,2,1
96604,35/11-5,1429.5559968,2,2,1
96605,35/11-5,1429.7079968,2,2,1
96606,35/11-5,1429.8599968,2,2,1
96607,35/11-5,1430.0119968000001,2,2,1
96608,35/11-5,1430.1639968,2,2,1
96609,35/11-5,1430.3159968,2,2,1
96610,35/11-5,1430.4679968,2,2,1
96611,35/11-5,1430.6199968,2,2,1
96612,35/11-5,1430.7719968000001,2,2,1
96613,35/11-5,1430.9239968,2,2,1
96614,35/11-5,1431.0759968,2,2,1
96615,35/11-5,1431.2279968,2,2,1
96616,35/11-5,1431.3799968,2,2,1
96617,35/11-5,1431.5319968000001,2,2,1
96618,35/11-5,1431.6839968,2,2,1
96619,35/11-5,1431.8359968,2,2,1
96620,35/11-5,1431.9879968,2,2,1
96621,35/11-5,1432.1399968,2,2,1
96622,35/11-5,1432.2919968,2,2,1
96623,35/11-5,1432.4439968,2,2,1
96624,35/11-5,1432.5959968,2,2,1
96625,35/11-5,1432.7479968,2,2,1
96626,35/11-5,1432.8999968,2,2,1
96627,35/11-5,1433.0519968,2,2,1
96628,35/11-5,1433.2039968000001,2,2,1
96629,35/11-5,1433.3559968,2,2,1
96630,35/11-5,1433.5079968,2,2,1
96631,35/11-5,1433.6599968,2,2,1
96632,35/11-5,1433.8119968,2,2,1
96633,35/11-5,1433.9639968000001,2,2,1
96634,35/11-5,1434.1159968,2,2,1
96635,35/11-5,1434.2679968,2,2,1
96636,35/11-5,1434.4199968,2,2,1
96637,35/11-5,1434.5719968,2,2,1
96638,35/11-5,1434.7239968000001,2,2,1
96639,35/11-5,1434.8759968,2,2,1
96640,35/11-5,1435.0279968,2,2,1
96641,35/11-5,1435.1799968,2,2,1
96642,35/11-5,1435.3319968,2,2,1
96643,35/11-5,1435.4839968,2,2,1
96644,35/11-5,1435.6359968,2,2,1
96645,35/11-5,1435.7879968,2,2,1
96646,35/11-5,1435.9399968,2,2,1
96647,35/11-5,1436.0919968,2,2,1
96648,35/11-5,1436.2439968,2,2,1
96649,35/11-5,1436.3959968,2,2,1
96650,35/11-5,1436.5479968,2,2,1
96651,35/11-5,1436.6999968,2,2,1
96652,35/11-5,1436.8519968,2,2,1
96653,35/11-5,1437.0039968,2,2,1
96654,35/11-5,1437.1559968000001,2,2,1
96655,35/11-5,1437.3079968,2,2,1
96656,35/11-5,1437.4599968,2,2,1
96657,35/11-5,1437.6119968,2,2,1
96658,35/11-5,1437.7639968,2,2,1
96659,35/11-5,1437.9159968000001,2,2,1
96660,35/11-5,1438.0679968,2,2,1
96661,35/11-5,1438.2199968,2,2,1
96662,35/11-5,1438.3719968,2,2,1
96663,35/11-5,1438.5239968,2,2,1
96664,35/11-5,1438.6759968000001,2,2,1
96665,35/11-5,1438.8279968,2,2,1
96666,35/11-5,1438.9799968,2,2,1
96667,35/11-5,1439.1319968,2,2,1
96668,35/11-5,1439.2839968,2,2,1
96669,35/11-5,1439.4359968,2,2,1
96670,35/11-5,1439.5879968,2,2,1
96671,35/11-5,1439.7399968,2,2,1
96672,35/11-5,1439.8919968,2,2,1
96673,35/11-5,1440.0439968,2,2,1
96674,35/11-5,1440.1959968,2,2,1
96675,35/11-5,1440.3479968000001,2,2,1
96676,35/11-5,1440.4999968,2,2,1
96677,35/11-5,1440.6519968,2,2,1
96678,35/11-5,1440.8039968,2,2,1
96679,35/11-5,1440.9559968,2,2,1
96680,35/11-5,1441.1079968000001,2,2,1
96681,35/11-5,1441.2599968,2,2,1
96682,35/11-5,1441.4119968,2,2,1
96683,35/11-5,1441.5639968,2,2,1
96684,35/11-5,1441.7159968,2,2,1
96685,35/11-5,1441.8679968000001,2,2,1
96686,35/11-5,1442.0199968,2,2,1
96687,35/11-5,1442.1719968,2,2,1
96688,35/11-5,1442.3239968,2,2,1
96689,35/11-5,1442.4759968,2,2,1
96690,35/11-5,1442.6279968000001,2,2,1
96691,35/11-5,1442.7799968,2,2,1
96692,35/11-5,1442.9319968,2,2,1
96693,35/11-5,1443.0839968,2,2,1
96694,35/11-5,1443.2359968,2,2,1
96695,35/11-5,1443.3879968,2,2,1
96696,35/11-5,1443.5399968,2,2,1
96697,35/11-5,1443.6919968,2,2,1
96698,35/11-5,1443.8439968,2,2,1
96699,35/11-5,1443.9959968,2,2,1
96700,35/11-5,1444.1479968,2,2,1
96701,35/11-5,1444.2999968000001,2,2,1
96702,35/11-5,1444.4519968,2,2,1
96703,35/11-5,1444.6039968,2,2,1
96704,35/11-5,1444.7559968,2,2,1
96705,35/11-5,1444.9079968,2,2,1
96706,35/11-5,1445.0599968000001,2,2,1
96707,35/11-5,1445.2119968,2,2,1
96708,35/11-5,1445.3639968,2,2,1
96709,35/11-5,1445.5159968,2,2,1
96710,35/11-5,1445.6679968,2,2,1
96711,35/11-5,1445.8199968000001,2,2,1
96712,35/11-5,1445.9719968,2,2,1
96713,35/11-5,1446.1239968,2,2,1
96714,35/11-5,1446.2759968,2,2,1
96715,35/11-5,1446.4279968,2,2,1
96716,35/11-5,1446.5799968000001,2,2,1
96717,35/11-5,1446.7319968,2,2,1
96718,35/11-5,1446.8839968,2,2,1
96719,35/11-5,1447.0359968,2,2,1
96720,35/11-5,1447.1879968,2,2,1
96721,35/11-5,1447.3399968,2,2,1
96722,35/11-5,1447.4919968,2,2,1
96723,35/11-5,1447.6439968,2,2,1
96724,35/11-5,1447.7959968,2,2,1
96725,35/11-5,1447.9479968,2,2,1
96726,35/11-5,1448.0999968,2,2,1
96727,35/11-5,1448.2519968000001,2,2,1
96728,35/11-5,1448.4039968,2,2,1
96729,35/11-5,1448.5559968,2,2,1
96730,35/11-5,1448.7079968,2,2,1
96731,35/11-5,1448.8599968,2,2,1
96732,35/11-5,1449.0119968000001,2,2,1
96733,35/11-5,1449.1639968,2,2,1
96734,35/11-5,1449.3159968,2,2,1
96735,35/11-5,1449.4679968,2,2,1
96736,35/11-5,1449.6199968,2,2,1
96737,35/11-5,1449.7719968000001,2,2,1
96738,35/11-5,1449.9239968,2,2,1
96739,35/11-5,1450.0759968,2,2,1
96740,35/11-5,1450.2279968,2,2,1
96741,35/11-5,1450.3799968,2,2,1
96742,35/11-5,1450.5319968000001,2,2,1
96743,35/11-5,1450.6839968,2,2,1
96744,35/11-5,1450.8359968,2,2,1
96745,35/11-5,1450.9879968,2,2,1
96746,35/11-5,1451.1399968,2,2,1
96747,35/11-5,1451.2919968,2,2,1
96748,35/11-5,1451.4439968,2,2,1
96749,35/11-5,1451.5959968,2,2,1
96750,35/11-5,1451.7479968,2,2,1
96751,35/11-5,1451.8999968,2,2,1
96752,35/11-5,1452.0519968,2,2,1
96753,35/11-5,1452.2039968000001,2,2,1
96754,35/11-5,1452.3559968,2,2,1
96755,35/11-5,1452.5079968,2,2,1
96756,35/11-5,1452.6599968,2,2,1
96757,35/11-5,1452.8119968,2,2,1
96758,35/11-5,1452.9639968000001,2,2,1
96759,35/11-5,1453.1159968,2,2,1
96760,35/11-5,1453.2679968,2,2,1
96761,35/11-5,1453.4199968,2,2,1
96762,35/11-5,1453.5719968,2,2,1
96763,35/11-5,1453.7239968000001,2,2,1
96764,35/11-5,1453.8759968,2,2,1
96765,35/11-5,1454.0279968,2,2,1
96766,35/11-5,1454.1799968,2,2,1
96767,35/11-5,1454.3319968,2,2,1
96768,35/11-5,1454.4839968,2,2,1
96769,35/11-5,1454.6359968,2,2,1
96770,35/11-5,1454.7879968,2,2,1
96771,35/11-5,1454.9399968,2,2,1
96772,35/11-5,1455.0919968,2,2,1
96773,35/11-5,1455.2439968,2,2,1
96774,35/11-5,1455.3959968,2,2,1
96775,35/11-5,1455.5479968,5,2,0
96776,35/11-5,1455.6999968,5,2,0
96777,35/11-5,1455.8519968,5,2,0
96778,35/11-5,1456.0039968,5,2,0
96779,35/11-5,1456.1559968000001,2,2,1
96780,35/11-5,1456.3079968,2,2,1
96781,35/11-5,1456.4599968,2,2,1
96782,35/11-5,1456.6119968,2,2,1
96783,35/11-5,1456.7639968,2,2,1
96784,35/11-5,1456.9159968000001,2,2,1
96785,35/11-5,1457.0679968,2,2,1
96786,35/11-5,1457.2199968,2,2,1
96787,35/11-5,1457.3719968,2,2,1
96788,35/11-5,1457.5239968,2,2,1
96789,35/11-5,1457.6759968000001,2,2,1
96790,35/11-5,1457.8279968,2,2,1
96791,35/11-5,1457.9799968,2,2,1
96792,35/11-5,1458.1319968,2,2,1
96793,35/11-5,1458.2839968,2,2,1
96794,35/11-5,1458.4359968,2,2,1
96795,35/11-5,1458.5879968,2,2,1
96796,35/11-5,1458.7399968,2,2,1
96797,35/11-5,1458.8919968,2,2,1
96798,35/11-5,1459.0439968,2,2,1
96799,35/11-5,1459.1959968,2,2,1
96800,35/11-5,1459.3479968000001,2,2,1
96801,35/11-5,1459.4999968,2,2,1
96802,35/11-5,1459.6519968,2,2,1
96803,35/11-5,1459.8039968,2,2,1
96804,35/11-5,1459.9559968,2,2,1
96805,35/11-5,1460.1079968000001,2,2,1
96806,35/11-5,1460.2599968,2,2,1
96807,35/11-5,1460.4119968,2,2,1
96808,35/11-5,1460.5639968,2,2,1
96809,35/11-5,1460.7159968,2,2,1
96810,35/11-5,1460.8679968000001,2,2,1
96811,35/11-5,1461.0199968,2,2,1
96812,35/11-5,1461.1719968,2,2,1
96813,35/11-5,1461.3239968,2,2,1
96814,35/11-5,1461.4759968,2,2,1
96815,35/11-5,1461.6279968000001,2,2,1
96816,35/11-5,1461.7799968,2,2,1
96817,35/11-5,1461.9319968,2,2,1
96818,35/11-5,1462.0839968,2,2,1
96819,35/11-5,1462.2359968,2,2,1
96820,35/11-5,1462.3879968,2,2,1
96821,35/11-5,1462.5399968,2,2,1
96822,35/11-5,1462.6919968,2,2,1
96823,35/11-5,1462.8439968,2,2,1
96824,35/11-5,1462.9959968,2,2,1
96825,35/11-5,1463.1479968,2,2,1
96826,35/11-5,1463.2999968000001,2,2,1
96827,35/11-5,1463.4519968,2,2,1
96828,35/11-5,1463.6039968,2,2,1
96829,35/11-5,1463.7559968,2,2,1
96830,35/11-5,1463.9079968,2,2,1
96831,35/11-5,1464.0599968000001,2,2,1
96832,35/11-5,1464.2119968,2,2,1
96833,35/11-5,1464.3639968,2,2,1
96834,35/11-5,1464.5159968,2,2,1
96835,35/11-5,1464.6679968,2,2,1
96836,35/11-5,1464.8199968000001,2,2,1
96837,35/11-5,1464.9719968,2,2,1
96838,35/11-5,1465.1239968,2,2,1
96839,35/11-5,1465.2759968,2,2,1
96840,35/11-5,1465.4279968,2,2,1
96841,35/11-5,1465.5799968000001,2,2,1
96842,35/11-5,1465.7319968,5,2,0
96843,35/11-5,1465.8839968,5,2,0
96844,35/11-5,1466.0359968,5,2,0
96845,35/11-5,1466.1879968,2,2,1
96846,35/11-5,1466.3399968,2,2,1
96847,35/11-5,1466.4919968,2,2,1
96848,35/11-5,1466.6439968,2,2,1
96849,35/11-5,1466.7959968,2,2,1
96850,35/11-5,1466.9479968,2,2,1
96851,35/11-5,1467.0999968,2,2,1
96852,35/11-5,1467.2519968000001,2,2,1
96853,35/11-5,1467.4039968,2,2,1
96854,35/11-5,1467.5559968,2,2,1
96855,35/11-5,1467.7079968,2,2,1
96856,35/11-5,1467.8599968,2,2,1
96857,35/11-5,1468.0119968000001,2,2,1
96858,35/11-5,1468.1639968,2,2,1
96859,35/11-5,1468.3159968,2,2,1
96860,35/11-5,1468.4679968,2,2,1
96861,35/11-5,1468.6199968,2,2,1
96862,35/11-5,1468.7719968000001,2,2,1
96863,35/11-5,1468.9239968,2,2,1
96864,35/11-5,1469.0759968,2,2,1
96865,35/11-5,1469.2279968,2,2,1
96866,35/11-5,1469.3799968,2,2,1
96867,35/11-5,1469.5319968000001,2,2,1
96868,35/11-5,1469.6839968,2,2,1
96869,35/11-5,1469.8359968,2,2,1
96870,35/11-5,1469.9879968,2,2,1
96871,35/11-5,1470.1399968,2,2,1
96872,35/11-5,1470.2919968,2,2,1
96873,35/11-5,1470.4439968,2,2,1
96874,35/11-5,1470.5959968,2,2,1
96875,35/11-5,1470.7479968,2,2,1
96876,35/11-5,1470.8999968,2,2,1
96877,35/11-5,1471.0519968,2,2,1
96878,35/11-5,1471.2039968000001,2,2,1
96879,35/11-5,1471.3559968,2,2,1
96880,35/11-5,1471.5079968,2,2,1
96881,35/11-5,1471.6599968,2,2,1
96882,35/11-5,1471.8119968,2,2,1
96883,35/11-5,1471.9639968000001,2,2,1
96884,35/11-5,1472.1159968,2,2,1
96885,35/11-5,1472.2679968,2,2,1
96886,35/11-5,1472.4199968,2,2,1
96887,35/11-5,1472.5719968,2,2,1
96888,35/11-5,1472.7239968000001,2,2,1
96889,35/11-5,1472.8759968,2,2,1
96890,35/11-5,1473.0279968,2,2,1
96891,35/11-5,1473.1799968,2,2,1
96892,35/11-5,1473.3319968,2,2,1
96893,35/11-5,1473.4839968,2,2,1
96894,35/11-5,1473.6359968,2,2,1
96895,35/11-5,1473.7879968,2,2,1
96896,35/11-5,1473.9399968,2,2,1
96897,35/11-5,1474.0919968,2,2,1
96898,35/11-5,1474.2439968,2,2,1
96899,35/11-5,1474.3959968,2,2,1
96900,35/11-5,1474.5479968,2,2,1
96901,35/11-5,1474.6999968,2,2,1
96902,35/11-5,1474.8519968,2,2,1
96903,35/11-5,1475.0039968,2,2,1
96904,35/11-5,1475.1559968000001,2,2,1
96905,35/11-5,1475.3079968,2,2,1
96906,35/11-5,1475.4599968,2,2,1
96907,35/11-5,1475.6119968,2,2,1
96908,35/11-5,1475.7639968,2,2,1
96909,35/11-5,1475.9159968000001,2,2,1
96910,35/11-5,1476.0679968,2,2,1
96911,35/11-5,1476.2199968,2,2,1
96912,35/11-5,1476.3719968,2,2,1
96913,35/11-5,1476.5239968,2,2,1
96914,35/11-5,1476.6759968000001,2,2,1
96915,35/11-5,1476.8279968,2,2,1
96916,35/11-5,1476.9799968,2,2,1
96917,35/11-5,1477.1319968,2,2,1
96918,35/11-5,1477.2839968,2,2,1
96919,35/11-5,1477.4359968,2,2,1
96920,35/11-5,1477.5879968,2,2,1
96921,35/11-5,1477.7399968,2,2,1
96922,35/11-5,1477.8919968,2,2,1
96923,35/11-5,1478.0439968,2,2,1
96924,35/11-5,1478.1959968,2,2,1
96925,35/11-5,1478.3479968000001,2,2,1
96926,35/11-5,1478.4999968,2,2,1
96927,35/11-5,1478.6519968,2,2,1
96928,35/11-5,1478.8039968,2,2,1
96929,35/11-5,1478.9559968,2,2,1
96930,35/11-5,1479.1079968000001,2,2,1
96931,35/11-5,1479.2599968,2,2,1
96932,35/11-5,1479.4119968,2,2,1
96933,35/11-5,1479.5639968,2,2,1
96934,35/11-5,1479.7159968,2,2,1
96935,35/11-5,1479.8679968000001,2,2,1
96936,35/11-5,1480.0199968,2,2,1
96937,35/11-5,1480.1719968,2,2,1
96938,35/11-5,1480.3239968,2,2,1
96939,35/11-5,1480.4759968,2,2,1
96940,35/11-5,1480.6279968000001,2,2,1
96941,35/11-5,1480.7799968,2,2,1
96942,35/11-5,1480.9319968,2,2,1
96943,35/11-5,1481.0839968,2,2,1
96944,35/11-5,1481.2359968,2,2,1
96945,35/11-5,1481.3879968,2,2,1
96946,35/11-5,1481.5399968,2,2,1
96947,35/11-5,1481.6919968,2,2,1
96948,35/11-5,1481.8439968,2,2,1
96949,35/11-5,1481.9959968,2,2,1
96950,35/11-5,1482.1479968,2,2,1
96951,35/11-5,1482.2999968000001,2,2,1
96952,35/11-5,1482.4519968,2,2,1
96953,35/11-5,1482.6039968,2,2,1
96954,35/11-5,1482.7559968,2,2,1
96955,35/11-5,1482.9079968,2,2,1
96956,35/11-5,1483.0599968000001,2,2,1
96957,35/11-5,1483.2119968,2,2,1
96958,35/11-5,1483.3639968,2,2,1
96959,35/11-5,1483.5159968,2,2,1
96960,35/11-5,1483.6679968,2,2,1
96961,35/11-5,1483.8199968000001,2,2,1
96962,35/11-5,1483.9719968,2,2,1
96963,35/11-5,1484.1239968,2,2,1
96964,35/11-5,1484.2759968,2,2,1
96965,35/11-5,1484.4279968,2,2,1
96966,35/11-5,1484.5799968000001,2,2,1
96967,35/11-5,1484.7319968,2,2,1
96968,35/11-5,1484.8839968,2,2,1
96969,35/11-5,1485.0359968,2,2,1
96970,35/11-5,1485.1879968,2,2,1
96971,35/11-5,1485.3399968,2,2,1
96972,35/11-5,1485.4919968,2,2,1
96973,35/11-5,1485.6439968,2,2,1
96974,35/11-5,1485.7959968,2,2,1
96975,35/11-5,1485.9479968,2,2,1
96976,35/11-5,1486.0999968,2,2,1
96977,35/11-5,1486.2519968000001,2,2,1
96978,35/11-5,1486.4039968,2,2,1
96979,35/11-5,1486.5559968,2,2,1
96980,35/11-5,1486.7079968,2,2,1
96981,35/11-5,1486.8599968,2,2,1
96982,35/11-5,1487.0119968000001,2,2,1
96983,35/11-5,1487.1639968,2,2,1
96984,35/11-5,1487.3159968,2,2,1
96985,35/11-5,1487.4679968,2,2,1
96986,35/11-5,1487.6199968,2,2,1
96987,35/11-5,1487.7719968000001,2,2,1
96988,35/11-5,1487.9239968,2,2,1
96989,35/11-5,1488.0759968,2,2,1
96990,35/11-5,1488.2279968,2,2,1
96991,35/11-5,1488.3799968,2,2,1
96992,35/11-5,1488.5319968000001,2,2,1
96993,35/11-5,1488.6839968,2,2,1
96994,35/11-5,1488.8359968,2,2,1
96995,35/11-5,1488.9879968,2,2,1
96996,35/11-5,1489.1399968,2,2,1
96997,35/11-5,1489.2919968,2,2,1
96998,35/11-5,1489.4439968,2,2,1
96999,35/11-5,1489.5959968,2,2,1
97000,35/11-5,1489.7479968,2,2,1
97001,35/11-5,1489.8999968,2,2,1
97002,35/11-5,1490.0519968,2,2,1
97003,35/11-5,1490.2039968000001,2,2,1
97004,35/11-5,1490.3559968,2,2,1
97005,35/11-5,1490.5079968,2,2,1
97006,35/11-5,1490.6599968,2,2,1
97007,35/11-5,1490.8119968,2,2,1
97008,35/11-5,1490.9639968000001,2,2,1
97009,35/11-5,1491.1159968,2,2,1
97010,35/11-5,1491.2679968,2,2,1
97011,35/11-5,1491.4199968,2,2,1
97012,35/11-5,1491.5719968,2,2,1
97013,35/11-5,1491.7239968000001,2,2,1
97014,35/11-5,1491.8759968,2,2,1
97015,35/11-5,1492.0279968,2,2,1
97016,35/11-5,1492.1799968,2,2,1
97017,35/11-5,1492.3319968,2,2,1
97018,35/11-5,1492.4839968,2,2,1
97019,35/11-5,1492.6359968,2,2,1
97020,35/11-5,1492.7879968,2,2,1
97021,35/11-5,1492.9399968,2,2,1
97022,35/11-5,1493.0919968,2,2,1
97023,35/11-5,1493.2439968,2,2,1
97024,35/11-5,1493.3959968,2,2,1
97025,35/11-5,1493.5479968,2,2,1
97026,35/11-5,1493.6999968,2,2,1
97027,35/11-5,1493.8519968,2,2,1
97028,35/11-5,1494.0039968,2,2,1
97029,35/11-5,1494.1559968000001,2,2,1
97030,35/11-5,1494.3079968,2,2,1
97031,35/11-5,1494.4599968,2,2,1
97032,35/11-5,1494.6119968,2,2,1
97033,35/11-5,1494.7639968,2,2,1
97034,35/11-5,1494.9159968000001,2,2,1
97035,35/11-5,1495.0679968,2,2,1
97036,35/11-5,1495.2199968,2,2,1
97037,35/11-5,1495.3719968,2,2,1
97038,35/11-5,1495.5239968,2,2,1
97039,35/11-5,1495.6759968000001,2,2,1
97040,35/11-5,1495.8279968,2,2,1
97041,35/11-5,1495.9799968,2,2,1
97042,35/11-5,1496.1319968,2,2,1
97043,35/11-5,1496.2839968,2,2,1
97044,35/11-5,1496.4359968,2,2,1
97045,35/11-5,1496.5879968,2,2,1
97046,35/11-5,1496.7399968,2,2,1
97047,35/11-5,1496.8919968,2,2,1
97048,35/11-5,1497.0439968,2,2,1
97049,35/11-5,1497.1959968,2,2,1
97050,35/11-5,1497.3479968000001,2,2,1
97051,35/11-5,1497.4999968,2,2,1
97052,35/11-5,1497.6519968,2,2,1
97053,35/11-5,1497.8039968,2,2,1
97054,35/11-5,1497.9559968,2,2,1
97055,35/11-5,1498.1079968000001,2,2,1
97056,35/11-5,1498.2599968,2,2,1
97057,35/11-5,1498.4119968,2,2,1
97058,35/11-5,1498.5639968,2,2,1
97059,35/11-5,1498.7159968,2,2,1
97060,35/11-5,1498.8679968000001,2,2,1
97061,35/11-5,1499.0199968,2,2,1
97062,35/11-5,1499.1719968,2,2,1
97063,35/11-5,1499.3239968,2,2,1
97064,35/11-5,1499.4759968,2,2,1
97065,35/11-5,1499.6279968000001,2,2,1
97066,35/11-5,1499.7799968,2,2,1
97067,35/11-5,1499.9319968,2,2,1
97068,35/11-5,1500.0839968,2,2,1
97069,35/11-5,1500.2359968,2,2,1
97070,35/11-5,1500.3879968,2,2,1
97071,35/11-5,1500.5399968,2,2,1
97072,35/11-5,1500.6919968,2,2,1
97073,35/11-5,1500.8439968,2,2,1
97074,35/11-5,1500.9959968,2,2,1
97075,35/11-5,1501.1479968,2,2,1
97076,35/11-5,1501.2999968000001,2,2,1
97077,35/11-5,1501.4519968,2,2,1
97078,35/11-5,1501.6039968,2,2,1
97079,35/11-5,1501.7559968,2,2,1
97080,35/11-5,1501.9079968,2,2,1
97081,35/11-5,1502.0599968000001,2,2,1
97082,35/11-5,1502.2119968,2,2,1
97083,35/11-5,1502.3639968,2,2,1
97084,35/11-5,1502.5159968,2,2,1
97085,35/11-5,1502.6679968,2,2,1
97086,35/11-5,1502.8199968000001,2,2,1
97087,35/11-5,1502.9719968,2,2,1
97088,35/11-5,1503.1239968,2,2,1
97089,35/11-5,1503.2759968,2,2,1
97090,35/11-5,1503.4279968,2,2,1
97091,35/11-5,1503.5799968000001,2,2,1
97092,35/11-5,1503.7319968,2,2,1
97093,35/11-5,1503.8839968,2,2,1
97094,35/11-5,1504.0359968,2,2,1
97095,35/11-5,1504.1879968,2,2,1
97096,35/11-5,1504.3399968,2,2,1
97097,35/11-5,1504.4919968,2,2,1
97098,35/11-5,1504.6439968,2,2,1
97099,35/11-5,1504.7959968,2,2,1
97100,35/11-5,1504.9479968,2,2,1
97101,35/11-5,1505.0999968,2,2,1
97102,35/11-5,1505.2519968000001,2,2,1
97103,35/11-5,1505.4039968,2,2,1
97104,35/11-5,1505.5559968,2,2,1
97105,35/11-5,1505.7079968,2,2,1
97106,35/11-5,1505.8599968,2,2,1
97107,35/11-5,1506.0119968000001,2,2,1
97108,35/11-5,1506.1639968,2,2,1
97109,35/11-5,1506.3159968,2,2,1
97110,35/11-5,1506.4679968,2,2,1
97111,35/11-5,1506.6199968,2,2,1
97112,35/11-5,1506.7719968000001,2,2,1
97113,35/11-5,1506.9239968,2,2,1
97114,35/11-5,1507.0759968,2,2,1
97115,35/11-5,1507.2279968,2,2,1
97116,35/11-5,1507.3799968,2,2,1
97117,35/11-5,1507.5319968000001,2,2,1
97118,35/11-5,1507.6839968,2,2,1
97119,35/11-5,1507.8359968,2,2,1
97120,35/11-5,1507.9879968,2,2,1
97121,35/11-5,1508.1399968,2,2,1
97122,35/11-5,1508.2919968,2,2,1
97123,35/11-5,1508.4439968,2,2,1
97124,35/11-5,1508.5959968,2,2,1
97125,35/11-5,1508.7479968,2,2,1
97126,35/11-5,1508.8999968,2,2,1
97127,35/11-5,1509.0519968,2,2,1
97128,35/11-5,1509.2039968000001,2,2,1
97129,35/11-5,1509.3559968,2,2,1
97130,35/11-5,1509.5079968,2,2,1
97131,35/11-5,1509.6599968,2,2,1
97132,35/11-5,1509.8119968,2,2,1
97133,35/11-5,1509.9639968000001,2,2,1
97134,35/11-5,1510.1159968,2,2,1
97135,35/11-5,1510.2679968,2,2,1
97136,35/11-5,1510.4199968,2,2,1
97137,35/11-5,1510.5719968,2,2,1
97138,35/11-5,1510.7239968000001,2,2,1
97139,35/11-5,1510.8759968,2,2,1
97140,35/11-5,1511.0279968,2,2,1
97141,35/11-5,1511.1799968,2,2,1
97142,35/11-5,1511.3319968,2,2,1
97143,35/11-5,1511.4839968,2,2,1
97144,35/11-5,1511.6359968,2,2,1
97145,35/11-5,1511.7879968,2,2,1
97146,35/11-5,1511.9399968,2,2,1
97147,35/11-5,1512.0919968,2,2,1
97148,35/11-5,1512.2439968,2,2,1
97149,35/11-5,1512.3959968,2,2,1
97150,35/11-5,1512.5479968,2,2,1
97151,35/11-5,1512.6999968,2,2,1
97152,35/11-5,1512.8519968,2,2,1
97153,35/11-5,1513.0039968,2,2,1
97154,35/11-5,1513.1559968000001,2,2,1
97155,35/11-5,1513.3079968,2,2,1
97156,35/11-5,1513.4599968,2,2,1
97157,35/11-5,1513.6119968,2,2,1
97158,35/11-5,1513.7639968,2,2,1
97159,35/11-5,1513.9159968000001,2,2,1
97160,35/11-5,1514.0679968,2,2,1
97161,35/11-5,1514.2199968,2,2,1
97162,35/11-5,1514.3719968,2,2,1
97163,35/11-5,1514.5239968,2,2,1
97164,35/11-5,1514.6759968000001,2,2,1
97165,35/11-5,1514.8279968,2,2,1
97166,35/11-5,1514.9799968,2,2,1
97167,35/11-5,1515.1319968,2,2,1
97168,35/11-5,1515.2839968,2,2,1
97169,35/11-5,1515.4359968,2,2,1
97170,35/11-5,1515.5879968,2,2,1
97171,35/11-5,1515.7399968,2,2,1
97172,35/11-5,1515.8919968,2,2,1
97173,35/11-5,1516.0439968,2,2,1
97174,35/11-5,1516.1959968,2,2,1
97175,35/11-5,1516.3479968000001,2,2,1
97176,35/11-5,1516.4999968,2,2,1
97177,35/11-5,1516.6519968,2,2,1
97178,35/11-5,1516.8039968,2,2,1
97179,35/11-5,1516.9559968,2,2,1
97180,35/11-5,1517.1079968000001,2,2,1
97181,35/11-5,1517.2599968,2,2,1
97182,35/11-5,1517.4119968,2,2,1
97183,35/11-5,1517.5639968,2,2,1
97184,35/11-5,1517.7159968,2,2,1
97185,35/11-5,1517.8679968000001,2,2,1
97186,35/11-5,1518.0199968,2,2,1
97187,35/11-5,1518.1719968,2,2,1
97188,35/11-5,1518.3239968,2,2,1
97189,35/11-5,1518.4759968,2,2,1
97190,35/11-5,1518.6279968000001,2,2,1
97191,35/11-5,1518.7799968,2,2,1
97192,35/11-5,1518.9319968,2,2,1
97193,35/11-5,1519.0839968,2,2,1
97194,35/11-5,1519.2359968,2,2,1
97195,35/11-5,1519.3879968,2,2,1
97196,35/11-5,1519.5399968,2,2,1
97197,35/11-5,1519.6919968,2,2,1
97198,35/11-5,1519.8439968,2,2,1
97199,35/11-5,1519.9959968,2,2,1
97200,35/11-5,1520.1479968,2,2,1
97201,35/11-5,1520.2999968000001,2,2,1
97202,35/11-5,1520.4519968,2,2,1
97203,35/11-5,1520.6039968,2,2,1
97204,35/11-5,1520.7559968,2,2,1
97205,35/11-5,1520.9079968,2,2,1
97206,35/11-5,1521.0599968000001,2,2,1
97207,35/11-5,1521.2119968,2,2,1
97208,35/11-5,1521.3639968,2,2,1
97209,35/11-5,1521.5159968,2,2,1
97210,35/11-5,1521.6679968,2,2,1
97211,35/11-5,1521.8199968000001,2,2,1
97212,35/11-5,1521.9719968,2,2,1
97213,35/11-5,1522.1239968,2,2,1
97214,35/11-5,1522.2759968,2,2,1
97215,35/11-5,1522.4279968,2,2,1
97216,35/11-5,1522.5799968000001,2,2,1
97217,35/11-5,1522.7319968,2,2,1
97218,35/11-5,1522.8839968,2,2,1
97219,35/11-5,1523.0359968,2,2,1
97220,35/11-5,1523.1879968,2,2,1
97221,35/11-5,1523.3399968,2,2,1
97222,35/11-5,1523.4919968,2,2,1
97223,35/11-5,1523.6439968,2,2,1
97224,35/11-5,1523.7959968,2,2,1
97225,35/11-5,1523.9479968,2,2,1
97226,35/11-5,1524.0999968,2,2,1
97227,35/11-5,1524.2519968000001,2,2,1
97228,35/11-5,1524.4039968,2,2,1
97229,35/11-5,1524.5559968,2,2,1
97230,35/11-5,1524.7079968,2,2,1
97231,35/11-5,1524.8599968,2,2,1
97232,35/11-5,1525.0119968000001,2,2,1
97233,35/11-5,1525.1639968,2,2,1
97234,35/11-5,1525.3159968,2,2,1
97235,35/11-5,1525.4679968,2,2,1
97236,35/11-5,1525.6199968,2,2,1
97237,35/11-5,1525.7719968000001,2,2,1
97238,35/11-5,1525.9239968,2,2,1
97239,35/11-5,1526.0759968,2,2,1
97240,35/11-5,1526.2279968,2,2,1
97241,35/11-5,1526.3799968,2,2,1
97242,35/11-5,1526.5319968000001,2,2,1
97243,35/11-5,1526.6839968,2,2,1
97244,35/11-5,1526.8359968,2,2,1
97245,35/11-5,1526.9879968,2,2,1
97246,35/11-5,1527.1399968,2,2,1
97247,35/11-5,1527.2919968,2,2,1
97248,35/11-5,1527.4439968,2,2,1
97249,35/11-5,1527.5959968,2,2,1
97250,35/11-5,1527.7479968,2,2,1
97251,35/11-5,1527.8999968,2,2,1
97252,35/11-5,1528.0519968,2,2,1
97253,35/11-5,1528.2039968000001,2,2,1
97254,35/11-5,1528.3559968,2,2,1
97255,35/11-5,1528.5079968,2,2,1
97256,35/11-5,1528.6599968,2,2,1
97257,35/11-5,1528.8119968,2,2,1
97258,35/11-5,1528.9639968000001,2,2,1
97259,35/11-5,1529.1159968,2,2,1
97260,35/11-5,1529.2679968,2,2,1
97261,35/11-5,1529.4199968,2,2,1
97262,35/11-5,1529.5719968,2,2,1
97263,35/11-5,1529.7239968000001,2,2,1
97264,35/11-5,1529.8759968,2,2,1
97265,35/11-5,1530.0279968,2,2,1
97266,35/11-5,1530.1799968,2,2,1
97267,35/11-5,1530.3319968,2,2,1
97268,35/11-5,1530.4839968,2,2,1
97269,35/11-5,1530.6359968,2,2,1
97270,35/11-5,1530.7879968,2,2,1
97271,35/11-5,1530.9399968,2,2,1
97272,35/11-5,1531.0919968,2,2,1
97273,35/11-5,1531.2439968,2,2,1
97274,35/11-5,1531.3959968,2,2,1
97275,35/11-5,1531.5479968,2,2,1
97276,35/11-5,1531.6999968,2,2,1
97277,35/11-5,1531.8519968,2,2,1
97278,35/11-5,1532.0039968,2,2,1
97279,35/11-5,1532.1559968000001,2,2,1
97280,35/11-5,1532.3079968,2,2,1
97281,35/11-5,1532.4599968,2,2,1
97282,35/11-5,1532.6119968,2,2,1
97283,35/11-5,1532.7639968,2,2,1
97284,35/11-5,1532.9159968000001,2,2,1
97285,35/11-5,1533.0679968,2,2,1
97286,35/11-5,1533.2199968,2,2,1
97287,35/11-5,1533.3719968,2,2,1
97288,35/11-5,1533.5239968,2,2,1
97289,35/11-5,1533.6759968000001,2,2,1
97290,35/11-5,1533.8279968,2,2,1
97291,35/11-5,1533.9799968,2,2,1
97292,35/11-5,1534.1319968,2,2,1
97293,35/11-5,1534.2839968,2,2,1
97294,35/11-5,1534.4359968,2,2,1
97295,35/11-5,1534.5879968,2,2,1
97296,35/11-5,1534.7399968,2,2,1
97297,35/11-5,1534.8919968,2,2,1
97298,35/11-5,1535.0439968,2,2,1
97299,35/11-5,1535.1959968,2,2,1
97300,35/11-5,1535.3479968000001,2,2,1
97301,35/11-5,1535.4999968,2,2,1
97302,35/11-5,1535.6519968,2,2,1
97303,35/11-5,1535.8039968,2,2,1
97304,35/11-5,1535.9559968,2,2,1
97305,35/11-5,1536.1079968000001,2,2,1
97306,35/11-5,1536.2599968,2,2,1
97307,35/11-5,1536.4119968,2,2,1
97308,35/11-5,1536.5639968,2,2,1
97309,35/11-5,1536.7159968,2,2,1
97310,35/11-5,1536.8679968000001,2,2,1
97311,35/11-5,1537.0199968,2,2,1
97312,35/11-5,1537.1719968,2,2,1
97313,35/11-5,1537.3239968,2,2,1
97314,35/11-5,1537.4759968,2,2,1
97315,35/11-5,1537.6279968000001,2,2,1
97316,35/11-5,1537.7799968,2,2,1
97317,35/11-5,1537.9319968,2,2,1
97318,35/11-5,1538.0839968,2,2,1
97319,35/11-5,1538.2359968,2,2,1
97320,35/11-5,1538.3879968,2,2,1
97321,35/11-5,1538.5399968,2,2,1
97322,35/11-5,1538.6919968,2,2,1
97323,35/11-5,1538.8439968,2,2,1
97324,35/11-5,1538.9959968,2,2,1
97325,35/11-5,1539.1479968,2,2,1
97326,35/11-5,1539.2999968000001,2,2,1
97327,35/11-5,1539.4519968,2,2,1
97328,35/11-5,1539.6039968,2,2,1
97329,35/11-5,1539.7559968,2,2,1
97330,35/11-5,1539.9079968,2,2,1
97331,35/11-5,1540.0599968000001,2,2,1
97332,35/11-5,1540.2119968,2,2,1
97333,35/11-5,1540.3639968,2,2,1
97334,35/11-5,1540.5159968,2,2,1
97335,35/11-5,1540.6679968,2,2,1
97336,35/11-5,1540.8199968000001,2,2,1
97337,35/11-5,1540.9719968,2,2,1
97338,35/11-5,1541.1239968,2,2,1
97339,35/11-5,1541.2759968,2,2,1
97340,35/11-5,1541.4279968,2,2,1
97341,35/11-5,1541.5799968000001,2,2,1
97342,35/11-5,1541.7319968,2,2,1
97343,35/11-5,1541.8839968,2,2,1
97344,35/11-5,1542.0359968,2,2,1
97345,35/11-5,1542.1879968,2,2,1
97346,35/11-5,1542.3399968,2,2,1
97347,35/11-5,1542.4919968,2,2,1
97348,35/11-5,1542.6439968,2,2,1
97349,35/11-5,1542.7959968,2,2,1
97350,35/11-5,1542.9479968,2,2,1
97351,35/11-5,1543.0999968,2,2,1
97352,35/11-5,1543.2519968000001,2,2,1
97353,35/11-5,1543.4039968,2,2,1
97354,35/11-5,1543.5559968,2,2,1
97355,35/11-5,1543.7079968,2,2,1
97356,35/11-5,1543.8599968,2,2,1
97357,35/11-5,1544.0119968000001,2,2,1
97358,35/11-5,1544.1639968,2,2,1
97359,35/11-5,1544.3159968,2,2,1
97360,35/11-5,1544.4679968,2,2,1
97361,35/11-5,1544.6199968,2,2,1
97362,35/11-5,1544.7719968000001,2,2,1
97363,35/11-5,1544.9239968,2,2,1
97364,35/11-5,1545.0759968,2,2,1
97365,35/11-5,1545.2279968,2,2,1
97366,35/11-5,1545.3799968,2,2,1
97367,35/11-5,1545.5319968000001,2,2,1
97368,35/11-5,1545.6839968,2,2,1
97369,35/11-5,1545.8359968,2,2,1
97370,35/11-5,1545.9879968,2,2,1
97371,35/11-5,1546.1399968,2,2,1
97372,35/11-5,1546.2919968,2,2,1
97373,35/11-5,1546.4439968,2,2,1
97374,35/11-5,1546.5959968,2,2,1
97375,35/11-5,1546.7479968,2,2,1
97376,35/11-5,1546.8999968,2,2,1
97377,35/11-5,1547.0519968,2,2,1
97378,35/11-5,1547.2039968000001,2,2,1
97379,35/11-5,1547.3559968,2,2,1
97380,35/11-5,1547.5079968,2,2,1
97381,35/11-5,1547.6599968,2,2,1
97382,35/11-5,1547.8119968,2,2,1
97383,35/11-5,1547.9639968000001,2,2,1
97384,35/11-5,1548.1159968,2,2,1
97385,35/11-5,1548.2679968,2,2,1
97386,35/11-5,1548.4199968,2,2,1
97387,35/11-5,1548.5719968,2,2,1
97388,35/11-5,1548.7239968000001,2,2,1
97389,35/11-5,1548.8759968,2,2,1
97390,35/11-5,1549.0279968,2,2,1
97391,35/11-5,1549.1799968,2,2,1
97392,35/11-5,1549.3319968,2,2,1
97393,35/11-5,1549.4839968,2,2,1
97394,35/11-5,1549.6359968,2,2,1
97395,35/11-5,1549.7879968,2,2,1
97396,35/11-5,1549.9399968,2,2,1
97397,35/11-5,1550.0919968,2,2,1
97398,35/11-5,1550.2439968,2,2,1
97399,35/11-5,1550.3959968,2,2,1
97400,35/11-5,1550.5479968,2,2,1
97401,35/11-5,1550.6999968,2,2,1
97402,35/11-5,1550.8519968,2,2,1
97403,35/11-5,1551.0039968,2,2,1
97404,35/11-5,1551.1559968000001,2,2,1
97405,35/11-5,1551.3079968,2,2,1
97406,35/11-5,1551.4599968,2,2,1
97407,35/11-5,1551.6119968,2,2,1
97408,35/11-5,1551.7639968,2,2,1
97409,35/11-5,1551.9159968000001,2,2,1
97410,35/11-5,1552.0679968,2,2,1
97411,35/11-5,1552.2199968,2,2,1
97412,35/11-5,1552.3719968,2,2,1
97413,35/11-5,1552.5239968,2,2,1
97414,35/11-5,1552.6759968000001,2,2,1
97415,35/11-5,1552.8279968,5,2,0
97416,35/11-5,1552.9799968,5,2,0
97417,35/11-5,1553.1319968,5,2,0
97418,35/11-5,1553.2839968,5,2,0
97419,35/11-5,1553.4359968,5,2,0
97420,35/11-5,1553.5879968,2,2,1
97421,35/11-5,1553.7399968,2,2,1
97422,35/11-5,1553.8919968,2,2,1
97423,35/11-5,1554.0439968,2,2,1
97424,35/11-5,1554.1959968,2,2,1
97425,35/11-5,1554.3479968000001,2,2,1
97426,35/11-5,1554.4999968,2,2,1
97427,35/11-5,1554.6519968,2,2,1
97428,35/11-5,1554.8039968,2,2,1
97429,35/11-5,1554.9559968,2,2,1
97430,35/11-5,1555.1079968000001,2,2,1
97431,35/11-5,1555.2599968,2,2,1
97432,35/11-5,1555.4119968,2,2,1
97433,35/11-5,1555.5639968,2,2,1
97434,35/11-5,1555.7159968,2,2,1
97435,35/11-5,1555.8679968000001,2,2,1
97436,35/11-5,1556.0199968,2,2,1
97437,35/11-5,1556.1719968,2,2,1
97438,35/11-5,1556.3239968,2,2,1
97439,35/11-5,1556.4759968,2,2,1
97440,35/11-5,1556.6279968000001,2,2,1
97441,35/11-5,1556.7799968,2,2,1
97442,35/11-5,1556.9319968,2,2,1
97443,35/11-5,1557.0839968,2,2,1
97444,35/11-5,1557.2359968,2,2,1
97445,35/11-5,1557.3879968,2,2,1
97446,35/11-5,1557.5399968,2,2,1
97447,35/11-5,1557.6919968,2,2,1
97448,35/11-5,1557.8439968,2,2,1
97449,35/11-5,1557.9959968,2,2,1
97450,35/11-5,1558.1479968,2,2,1
97451,35/11-5,1558.2999968000001,2,2,1
97452,35/11-5,1558.4519968,4,2,0
97453,35/11-5,1558.6039968,4,5,0
97454,35/11-5,1558.7559968,4,2,0
97455,35/11-5,1558.9079968,4,2,0
97456,35/11-5,1559.0599968000001,2,2,1
97457,35/11-5,1559.2119968,2,2,1
97458,35/11-5,1559.3639968,2,2,1
97459,35/11-5,1559.5159968,2,2,1
97460,35/11-5,1559.6679968,2,2,1
97461,35/11-5,1559.8199968000001,2,2,1
97462,35/11-5,1559.9719968,2,2,1
97463,35/11-5,1560.1239968,2,2,1
97464,35/11-5,1560.2759968,2,2,1
97465,35/11-5,1560.4279968,2,2,1
97466,35/11-5,1560.5799968000001,2,2,1
97467,35/11-5,1560.7319968,2,2,1
97468,35/11-5,1560.8839968,2,2,1
97469,35/11-5,1561.0359968,2,2,1
97470,35/11-5,1561.1879968,2,2,1
97471,35/11-5,1561.3399968,2,2,1
97472,35/11-5,1561.4919968,2,2,1
97473,35/11-5,1561.6439968,2,2,1
97474,35/11-5,1561.7959968,2,2,1
97475,35/11-5,1561.9479968,2,2,1
97476,35/11-5,1562.0999968,2,2,1
97477,35/11-5,1562.2519968000001,2,2,1
97478,35/11-5,1562.4039968,2,2,1
97479,35/11-5,1562.5559968,2,2,1
97480,35/11-5,1562.7079968,2,2,1
97481,35/11-5,1562.8599968,2,2,1
97482,35/11-5,1563.0119968000001,2,2,1
97483,35/11-5,1563.1639968,2,2,1
97484,35/11-5,1563.3159968,2,2,1
97485,35/11-5,1563.4679968,2,2,1
97486,35/11-5,1563.6199968,2,2,1
97487,35/11-5,1563.7719968000001,2,2,1
97488,35/11-5,1563.9239968,2,2,1
97489,35/11-5,1564.0759968,2,2,1
97490,35/11-5,1564.2279968,2,2,1
97491,35/11-5,1564.3799968,2,2,1
97492,35/11-5,1564.5319968000001,2,2,1
97493,35/11-5,1564.6839968,2,2,1
97494,35/11-5,1564.8359968,2,2,1
97495,35/11-5,1564.9879968,2,2,1
97496,35/11-5,1565.1399968,2,2,1
97497,35/11-5,1565.2919968,2,2,1
97498,35/11-5,1565.4439968,2,2,1
97499,35/11-5,1565.5959968,2,2,1
97500,35/11-5,1565.7479968,2,2,1
97501,35/11-5,1565.8999968,2,2,1
97502,35/11-5,1566.0519968,2,2,1
97503,35/11-5,1566.2039968000001,2,2,1
97504,35/11-5,1566.3559968,2,2,1
97505,35/11-5,1566.5079968,2,2,1
97506,35/11-5,1566.6599968,2,2,1
97507,35/11-5,1566.8119968,2,2,1
97508,35/11-5,1566.9639968000001,2,2,1
97509,35/11-5,1567.1159968,2,2,1
97510,35/11-5,1567.2679968,2,2,1
97511,35/11-5,1567.4199968,2,2,1
97512,35/11-5,1567.5719968,2,2,1
97513,35/11-5,1567.7239968000001,2,2,1
97514,35/11-5,1567.8759968,2,2,1
97515,35/11-5,1568.0279968,2,2,1
97516,35/11-5,1568.1799968,2,2,1
97517,35/11-5,1568.3319968,2,2,1
97518,35/11-5,1568.4839968,2,2,1
97519,35/11-5,1568.6359968,2,2,1
97520,35/11-5,1568.7879968,2,2,1
97521,35/11-5,1568.9399968,2,2,1
97522,35/11-5,1569.0919968,2,2,1
97523,35/11-5,1569.2439968,2,2,1
97524,35/11-5,1569.3959968,2,2,1
97525,35/11-5,1569.5479968,2,2,1
97526,35/11-5,1569.6999968,2,2,1
97527,35/11-5,1569.8519968,2,2,1
97528,35/11-5,1570.0039968,2,2,1
97529,35/11-5,1570.1559968000001,2,2,1
97530,35/11-5,1570.3079968,2,2,1
97531,35/11-5,1570.4599968,2,2,1
97532,35/11-5,1570.6119968,2,2,1
97533,35/11-5,1570.7639968,2,2,1
97534,35/11-5,1570.9159968000001,2,2,1
97535,35/11-5,1571.0679968,2,2,1
97536,35/11-5,1571.2199968,2,2,1
97537,35/11-5,1571.3719968,2,2,1
97538,35/11-5,1571.5239968,2,2,1
97539,35/11-5,1571.6759968000001,2,2,1
97540,35/11-5,1571.8279968,2,2,1
97541,35/11-5,1571.9799968,2,2,1
97542,35/11-5,1572.1319968,2,2,1
97543,35/11-5,1572.2839968,2,2,1
97544,35/11-5,1572.4359968,2,2,1
97545,35/11-5,1572.5879968,5,2,0
97546,35/11-5,1572.7399968,5,2,0
97547,35/11-5,1572.8919968,5,2,0
97548,35/11-5,1573.0439968,5,2,0
97549,35/11-5,1573.1959968,2,2,1
97550,35/11-5,1573.3479968000001,2,2,1
97551,35/11-5,1573.4999968,2,2,1
97552,35/11-5,1573.6519968,2,2,1
97553,35/11-5,1573.8039968,2,2,1
97554,35/11-5,1573.9559968,2,2,1
97555,35/11-5,1574.1079968000001,2,2,1
97556,35/11-5,1574.2599968,2,2,1
97557,35/11-5,1574.4119968,2,2,1
97558,35/11-5,1574.5639968,2,2,1
97559,35/11-5,1574.7159968,2,2,1
97560,35/11-5,1574.8679968000001,2,2,1
97561,35/11-5,1575.0199968,2,2,1
97562,35/11-5,1575.1719968,2,2,1
97563,35/11-5,1575.3239968,2,2,1
97564,35/11-5,1575.4759968,2,2,1
97565,35/11-5,1575.6279968000001,2,2,1
97566,35/11-5,1575.7799968,2,2,1
97567,35/11-5,1575.9319968,2,2,1
97568,35/11-5,1576.0839968,2,2,1
97569,35/11-5,1576.2359968,2,2,1
97570,35/11-5,1576.3879968,2,2,1
97571,35/11-5,1576.5399968,2,2,1
97572,35/11-5,1576.6919968,2,2,1
97573,35/11-5,1576.8439968,2,2,1
97574,35/11-5,1576.9959968,2,2,1
97575,35/11-5,1577.1479968,2,2,1
97576,35/11-5,1577.2999968000001,2,2,1
97577,35/11-5,1577.4519968,2,2,1
97578,35/11-5,1577.6039968,2,2,1
97579,35/11-5,1577.7559968,2,2,1
97580,35/11-5,1577.9079968,2,2,1
97581,35/11-5,1578.0599968000001,2,2,1
97582,35/11-5,1578.2119968,2,2,1
97583,35/11-5,1578.3639968,2,2,1
97584,35/11-5,1578.5159968,2,2,1
97585,35/11-5,1578.6679968,2,2,1
97586,35/11-5,1578.8199968000001,2,2,1
97587,35/11-5,1578.9719968,2,2,1
97588,35/11-5,1579.1239968,2,2,1
97589,35/11-5,1579.2759968,2,2,1
97590,35/11-5,1579.4279968,2,2,1
97591,35/11-5,1579.5799968000001,2,2,1
97592,35/11-5,1579.7319968,2,2,1
97593,35/11-5,1579.8839968,2,2,1
97594,35/11-5,1580.0359968,2,2,1
97595,35/11-5,1580.1879968,2,2,1
97596,35/11-5,1580.3399968,2,2,1
97597,35/11-5,1580.4919968,2,2,1
97598,35/11-5,1580.6439968,2,2,1
97599,35/11-5,1580.7959968,2,2,1
97600,35/11-5,1580.9479968,2,2,1
97601,35/11-5,1581.0999968,2,2,1
97602,35/11-5,1581.2519968000001,2,2,1
97603,35/11-5,1581.4039968,2,2,1
97604,35/11-5,1581.5559968,2,2,1
97605,35/11-5,1581.7079968,2,2,1
97606,35/11-5,1581.8599968,2,2,1
97607,35/11-5,1582.0119968000001,2,2,1
97608,35/11-5,1582.1639968,2,2,1
97609,35/11-5,1582.3159968,2,2,1
97610,35/11-5,1582.4679968,2,2,1
97611,35/11-5,1582.6199968,2,2,1
97612,35/11-5,1582.7719968000001,2,2,1
97613,35/11-5,1582.9239968,2,2,1
97614,35/11-5,1583.0759968,2,2,1
97615,35/11-5,1583.2279968,2,2,1
97616,35/11-5,1583.3799968,2,2,1
97617,35/11-5,1583.5319968000001,2,2,1
97618,35/11-5,1583.6839968,2,2,1
97619,35/11-5,1583.8359968,2,2,1
97620,35/11-5,1583.9879968,2,2,1
97621,35/11-5,1584.1399968,2,2,1
97622,35/11-5,1584.2919968,2,2,1
97623,35/11-5,1584.4439968,2,2,1
97624,35/11-5,1584.5959968,2,2,1
97625,35/11-5,1584.7479968,2,2,1
97626,35/11-5,1584.8999968,2,2,1
97627,35/11-5,1585.0519968,2,2,1
97628,35/11-5,1585.2039968000001,2,2,1
97629,35/11-5,1585.3559968,2,2,1
97630,35/11-5,1585.5079968,2,2,1
97631,35/11-5,1585.6599968,2,2,1
97632,35/11-5,1585.8119968,2,2,1
97633,35/11-5,1585.9639968000001,2,2,1
97634,35/11-5,1586.1159968,2,2,1
97635,35/11-5,1586.2679968,2,2,1
97636,35/11-5,1586.4199968,2,2,1
97637,35/11-5,1586.5719968,2,2,1
97638,35/11-5,1586.7239968000001,2,2,1
97639,35/11-5,1586.8759968,2,2,1
97640,35/11-5,1587.0279968,2,2,1
97641,35/11-5,1587.1799968,2,2,1
97642,35/11-5,1587.3319968,2,2,1
97643,35/11-5,1587.4839968,2,2,1
97644,35/11-5,1587.6359968,2,2,1
97645,35/11-5,1587.7879968,2,2,1
97646,35/11-5,1587.9399968,2,2,1
97647,35/11-5,1588.0919968,2,2,1
97648,35/11-5,1588.2439968,2,2,1
97649,35/11-5,1588.3959968,2,2,1
97650,35/11-5,1588.5479968,2,2,1
97651,35/11-5,1588.6999968,2,2,1
97652,35/11-5,1588.8519968,2,2,1
97653,35/11-5,1589.0039968,2,2,1
97654,35/11-5,1589.1559968000001,2,2,1
97655,35/11-5,1589.3079968,2,2,1
97656,35/11-5,1589.4599968,2,2,1
97657,35/11-5,1589.6119968,2,2,1
97658,35/11-5,1589.7639968,2,2,1
97659,35/11-5,1589.9159968000001,2,2,1
97660,35/11-5,1590.0679968,2,2,1
97661,35/11-5,1590.2199968,2,2,1
97662,35/11-5,1590.3719968,2,2,1
97663,35/11-5,1590.5239968,2,2,1
97664,35/11-5,1590.6759968000001,2,2,1
97665,35/11-5,1590.8279968,2,2,1
97666,35/11-5,1590.9799968,2,2,1
97667,35/11-5,1591.1319968,2,2,1
97668,35/11-5,1591.2839968,2,2,1
97669,35/11-5,1591.4359968,2,2,1
97670,35/11-5,1591.5879968,2,2,1
97671,35/11-5,1591.7399968,2,2,1
97672,35/11-5,1591.8919968,2,2,1
97673,35/11-5,1592.0439968,2,2,1
97674,35/11-5,1592.1959968,2,2,1
97675,35/11-5,1592.3479968000001,2,2,1
97676,35/11-5,1592.4999968,2,2,1
97677,35/11-5,1592.6519968,2,2,1
97678,35/11-5,1592.8039968,2,2,1
97679,35/11-5,1592.9559968,2,2,1
97680,35/11-5,1593.1079968000001,2,2,1
97681,35/11-5,1593.2599968,2,2,1
97682,35/11-5,1593.4119968,2,2,1
97683,35/11-5,1593.5639968,2,2,1
97684,35/11-5,1593.7159968,2,2,1
97685,35/11-5,1593.8679968000001,2,2,1
97686,35/11-5,1594.0199968,2,2,1
97687,35/11-5,1594.1719968,2,2,1
97688,35/11-5,1594.3239968,2,2,1
97689,35/11-5,1594.4759968,2,2,1
97690,35/11-5,1594.6279968000001,2,2,1
97691,35/11-5,1594.7799968,2,2,1
97692,35/11-5,1594.9319968,2,2,1
97693,35/11-5,1595.0839968,2,2,1
97694,35/11-5,1595.2359968,2,2,1
97695,35/11-5,1595.3879968,2,2,1
97696,35/11-5,1595.5399968,5,2,0
97697,35/11-5,1595.6919968,5,2,0
97698,35/11-5,1595.8439968,5,2,0
97699,35/11-5,1595.9959968,5,2,0
97700,35/11-5,1596.1479968,5,2,0
97701,35/11-5,1596.2999968000001,2,2,1
97702,35/11-5,1596.4519968,2,2,1
97703,35/11-5,1596.6039968,2,2,1
97704,35/11-5,1596.7559968,2,2,1
97705,35/11-5,1596.9079968,2,2,1
97706,35/11-5,1597.0599968000001,2,2,1
97707,35/11-5,1597.2119968,2,2,1
97708,35/11-5,1597.3639968,2,2,1
97709,35/11-5,1597.5159968,2,2,1
97710,35/11-5,1597.6679968,2,2,1
97711,35/11-5,1597.8199968000001,2,2,1
97712,35/11-5,1597.9719968,2,2,1
97713,35/11-5,1598.1239968,2,2,1
97714,35/11-5,1598.2759968,2,2,1
97715,35/11-5,1598.4279968,2,2,1
97716,35/11-5,1598.5799968000001,2,2,1
97717,35/11-5,1598.7319968,2,2,1
97718,35/11-5,1598.8839968,2,2,1
97719,35/11-5,1599.0359968,2,2,1
97720,35/11-5,1599.1879968,2,2,1
97721,35/11-5,1599.3399968,2,2,1
97722,35/11-5,1599.4919968,2,2,1
97723,35/11-5,1599.6439968,2,2,1
97724,35/11-5,1599.7959968,2,2,1
97725,35/11-5,1599.9479968,2,2,1
97726,35/11-5,1600.0999968,2,2,1
97727,35/11-5,1600.2519968000001,2,2,1
97728,35/11-5,1600.4039968,2,2,1
97729,35/11-5,1600.5559968,2,2,1
97730,35/11-5,1600.7079968,2,2,1
97731,35/11-5,1600.8599968,2,2,1
97732,35/11-5,1601.0119968000001,2,2,1
97733,35/11-5,1601.1639968,2,2,1
97734,35/11-5,1601.3159968,2,2,1
97735,35/11-5,1601.4679968,2,2,1
97736,35/11-5,1601.6199968,2,2,1
97737,35/11-5,1601.7719968000001,2,2,1
97738,35/11-5,1601.9239968,2,2,1
97739,35/11-5,1602.0759968,2,2,1
97740,35/11-5,1602.2279968,2,2,1
97741,35/11-5,1602.3799968,2,2,1
97742,35/11-5,1602.5319968000001,2,2,1
97743,35/11-5,1602.6839968,2,2,1
97744,35/11-5,1602.8359968,2,2,1
97745,35/11-5,1602.9879968,2,2,1
97746,35/11-5,1603.1399968,2,2,1
97747,35/11-5,1603.2919968,2,2,1
97748,35/11-5,1603.4439968,2,2,1
97749,35/11-5,1603.5959968,2,2,1
97750,35/11-5,1603.7479968,2,2,1
97751,35/11-5,1603.8999968,2,2,1
97752,35/11-5,1604.0519968,2,2,1
97753,35/11-5,1604.2039968000001,2,2,1
97754,35/11-5,1604.3559968,2,2,1
97755,35/11-5,1604.5079968,2,2,1
97756,35/11-5,1604.6599968,2,2,1
97757,35/11-5,1604.8119968,2,2,1
97758,35/11-5,1604.9639968000001,2,2,1
97759,35/11-5,1605.1159968,2,2,1
97760,35/11-5,1605.2679968,2,2,1
97761,35/11-5,1605.4199968,2,2,1
97762,35/11-5,1605.5719968,2,2,1
97763,35/11-5,1605.7239968000001,2,2,1
97764,35/11-5,1605.8759968,2,2,1
97765,35/11-5,1606.0279968,2,2,1
97766,35/11-5,1606.1799968,2,2,1
97767,35/11-5,1606.3319968,2,2,1
97768,35/11-5,1606.4839968,2,2,1
97769,35/11-5,1606.6359968,2,2,1
97770,35/11-5,1606.7879968,2,2,1
97771,35/11-5,1606.9399968,2,2,1
97772,35/11-5,1607.0919968,2,2,1
97773,35/11-5,1607.2439968,2,2,1
97774,35/11-5,1607.3959968,2,2,1
97775,35/11-5,1607.5479968,2,2,1
97776,35/11-5,1607.6999968,2,2,1
97777,35/11-5,1607.8519968,2,2,1
97778,35/11-5,1608.0039968,2,2,1
97779,35/11-5,1608.1559968000001,2,2,1
97780,35/11-5,1608.3079968,2,2,1
97781,35/11-5,1608.4599968,2,2,1
97782,35/11-5,1608.6119968,2,2,1
97783,35/11-5,1608.7639968,2,2,1
97784,35/11-5,1608.9159968000001,2,2,1
97785,35/11-5,1609.0679968,2,2,1
97786,35/11-5,1609.2199968,2,2,1
97787,35/11-5,1609.3719968,2,2,1
97788,35/11-5,1609.5239968,2,2,1
97789,35/11-5,1609.6759968000001,2,2,1
97790,35/11-5,1609.8279968,2,2,1
97791,35/11-5,1609.9799968,2,2,1
97792,35/11-5,1610.1319968,2,2,1
97793,35/11-5,1610.2839968,2,2,1
97794,35/11-5,1610.4359968,2,2,1
97795,35/11-5,1610.5879968,2,2,1
97796,35/11-5,1610.7399968,2,2,1
97797,35/11-5,1610.8919968,2,2,1
97798,35/11-5,1611.0439968,2,2,1
97799,35/11-5,1611.1959968,2,2,1
97800,35/11-5,1611.3479968000001,2,2,1
97801,35/11-5,1611.4999968,2,2,1
97802,35/11-5,1611.6519968,2,2,1
97803,35/11-5,1611.8039968,2,2,1
97804,35/11-5,1611.9559968,2,2,1
97805,35/11-5,1612.1079968000001,2,2,1
97806,35/11-5,1612.2599968,2,2,1
97807,35/11-5,1612.4119968,2,2,1
97808,35/11-5,1612.5639968,2,2,1
97809,35/11-5,1612.7159968,2,2,1
97810,35/11-5,1612.8679968000001,2,2,1
97811,35/11-5,1613.0199968,2,2,1
97812,35/11-5,1613.1719968,2,2,1
97813,35/11-5,1613.3239968,2,2,1
97814,35/11-5,1613.4759968,2,2,1
97815,35/11-5,1613.6279968000001,2,2,1
97816,35/11-5,1613.7799968,2,2,1
97817,35/11-5,1613.9319968,2,2,1
97818,35/11-5,1614.0839968,2,2,1
97819,35/11-5,1614.2359968,2,2,1
97820,35/11-5,1614.3879968,2,2,1
97821,35/11-5,1614.5399968,2,2,1
97822,35/11-5,1614.6919968,2,2,1
97823,35/11-5,1614.8439968,2,2,1
97824,35/11-5,1614.9959968,2,2,1
97825,35/11-5,1615.1479968,2,2,1
97826,35/11-5,1615.2999968000001,2,2,1
97827,35/11-5,1615.4519968,2,2,1
97828,35/11-5,1615.6039968,2,2,1
97829,35/11-5,1615.7559968,2,2,1
97830,35/11-5,1615.9079968,2,2,1
97831,35/11-5,1616.0599968000001,2,2,1
97832,35/11-5,1616.2119968,2,2,1
97833,35/11-5,1616.3639968,2,2,1
97834,35/11-5,1616.5159968,2,2,1
97835,35/11-5,1616.6679968,2,2,1
97836,35/11-5,1616.8199968000001,2,2,1
97837,35/11-5,1616.9719968,2,2,1
97838,35/11-5,1617.1239968,2,2,1
97839,35/11-5,1617.2759968,2,2,1
97840,35/11-5,1617.4279968,2,2,1
97841,35/11-5,1617.5799968000001,2,2,1
97842,35/11-5,1617.7319968,2,2,1
97843,35/11-5,1617.8839968,2,2,1
97844,35/11-5,1618.0359968,2,2,1
97845,35/11-5,1618.1879968,2,2,1
97846,35/11-5,1618.3399968,2,2,1
97847,35/11-5,1618.4919968,2,2,1
97848,35/11-5,1618.6439968,2,2,1
97849,35/11-5,1618.7959968,2,2,1
97850,35/11-5,1618.9479968,2,2,1
97851,35/11-5,1619.0999968,2,2,1
97852,35/11-5,1619.2519968000001,2,2,1
97853,35/11-5,1619.4039968,2,2,1
97854,35/11-5,1619.5559968,2,2,1
97855,35/11-5,1619.7079968,2,2,1
97856,35/11-5,1619.8599968,2,2,1
97857,35/11-5,1620.0119968000001,2,2,1
97858,35/11-5,1620.1639968,2,2,1
97859,35/11-5,1620.3159968,2,2,1
97860,35/11-5,1620.4679968,2,2,1
97861,35/11-5,1620.6199968,2,2,1
97862,35/11-5,1620.7719968000001,2,2,1
97863,35/11-5,1620.9239968,2,2,1
97864,35/11-5,1621.0759968,2,2,1
97865,35/11-5,1621.2279968,2,2,1
97866,35/11-5,1621.3799968,2,2,1
97867,35/11-5,1621.5319968000001,2,2,1
97868,35/11-5,1621.6839968,2,2,1
97869,35/11-5,1621.8359968,2,2,1
97870,35/11-5,1621.9879968,2,2,1
97871,35/11-5,1622.1399968,2,2,1
97872,35/11-5,1622.2919968,2,2,1
97873,35/11-5,1622.4439968,2,2,1
97874,35/11-5,1622.5959968,2,2,1
97875,35/11-5,1622.7479968,2,2,1
97876,35/11-5,1622.8999968,2,2,1
97877,35/11-5,1623.0519968,2,2,1
97878,35/11-5,1623.2039968000001,2,2,1
97879,35/11-5,1623.3559968,2,2,1
97880,35/11-5,1623.5079968,2,2,1
97881,35/11-5,1623.6599968,2,2,1
97882,35/11-5,1623.8119968,2,2,1
97883,35/11-5,1623.9639968000001,2,2,1
97884,35/11-5,1624.1159968,2,2,1
97885,35/11-5,1624.2679968,2,2,1
97886,35/11-5,1624.4199968,2,2,1
97887,35/11-5,1624.5719968,2,2,1
97888,35/11-5,1624.7239968000001,2,2,1
97889,35/11-5,1624.8759968,2,2,1
97890,35/11-5,1625.0279968,2,2,1
97891,35/11-5,1625.1799968,2,2,1
97892,35/11-5,1625.3319968,2,2,1
97893,35/11-5,1625.4839968,2,2,1
97894,35/11-5,1625.6359968,2,2,1
97895,35/11-5,1625.7879968,2,2,1
97896,35/11-5,1625.9399968,2,2,1
97897,35/11-5,1626.0919968,2,2,1
97898,35/11-5,1626.2439968,2,2,1
97899,35/11-5,1626.3959968,2,2,1
97900,35/11-5,1626.5479968,2,2,1
97901,35/11-5,1626.6999968,2,2,1
97902,35/11-5,1626.8519968,2,2,1
97903,35/11-5,1627.0039968,2,2,1
97904,35/11-5,1627.1559968000001,2,2,1
97905,35/11-5,1627.3079968,2,2,1
97906,35/11-5,1627.4599968,2,2,1
97907,35/11-5,1627.6119968,2,2,1
97908,35/11-5,1627.7639968,2,2,1
97909,35/11-5,1627.9159968000001,2,2,1
97910,35/11-5,1628.0679968,2,2,1
97911,35/11-5,1628.2199968,2,2,1
97912,35/11-5,1628.3719968,2,2,1
97913,35/11-5,1628.5239968,2,2,1
97914,35/11-5,1628.6759968000001,2,2,1
97915,35/11-5,1628.8279968,2,2,1
97916,35/11-5,1628.9799968,2,2,1
97917,35/11-5,1629.1319968,2,2,1
97918,35/11-5,1629.2839968,2,2,1
97919,35/11-5,1629.4359968,2,2,1
97920,35/11-5,1629.5879968,2,2,1
97921,35/11-5,1629.7399968,2,2,1
97922,35/11-5,1629.8919968,2,2,1
97923,35/11-5,1630.0439968,2,2,1
97924,35/11-5,1630.1959968,2,2,1
97925,35/11-5,1630.3479968000001,2,2,1
97926,35/11-5,1630.4999968,2,2,1
97927,35/11-5,1630.6519968,2,2,1
97928,35/11-5,1630.8039968,2,2,1
97929,35/11-5,1630.9559968,2,2,1
97930,35/11-5,1631.1079968000001,2,2,1
97931,35/11-5,1631.2599968,2,2,1
97932,35/11-5,1631.4119968,2,2,1
97933,35/11-5,1631.5639968,2,2,1
97934,35/11-5,1631.7159968,2,2,1
97935,35/11-5,1631.8679968000001,2,2,1
97936,35/11-5,1632.0199968,2,2,1
97937,35/11-5,1632.1719968,2,2,1
97938,35/11-5,1632.3239968,2,2,1
97939,35/11-5,1632.4759968,2,2,1
97940,35/11-5,1632.6279968000001,2,2,1
97941,35/11-5,1632.7799968,2,2,1
97942,35/11-5,1632.9319968,2,2,1
97943,35/11-5,1633.0839968,2,2,1
97944,35/11-5,1633.2359968,2,2,1
97945,35/11-5,1633.3879968,2,2,1
97946,35/11-5,1633.5399968,2,2,1
97947,35/11-5,1633.6919968,2,2,1
97948,35/11-5,1633.8439968,2,2,1
97949,35/11-5,1633.9959968,2,2,1
97950,35/11-5,1634.1479968,2,2,1
97951,35/11-5,1634.2999968000001,2,2,1
97952,35/11-5,1634.4519968,2,2,1
97953,35/11-5,1634.6039968,2,2,1
97954,35/11-5,1634.7559968,2,2,1
97955,35/11-5,1634.9079968,2,2,1
97956,35/11-5,1635.0599968000001,2,2,1
97957,35/11-5,1635.2119968,2,2,1
97958,35/11-5,1635.3639968,2,2,1
97959,35/11-5,1635.5159968,2,2,1
97960,35/11-5,1635.6679968,2,2,1
97961,35/11-5,1635.8199968000001,2,2,1
97962,35/11-5,1635.9719968,2,2,1
97963,35/11-5,1636.1239968,2,2,1
97964,35/11-5,1636.2759968,2,2,1
97965,35/11-5,1636.4279968,2,2,1
97966,35/11-5,1636.5799968000001,2,2,1
97967,35/11-5,1636.7319968,2,2,1
97968,35/11-5,1636.8839968,2,2,1
97969,35/11-5,1637.0359968,2,2,1
97970,35/11-5,1637.1879968,2,2,1
97971,35/11-5,1637.3399968,2,2,1
97972,35/11-5,1637.4919968,2,2,1
97973,35/11-5,1637.6439968,2,2,1
97974,35/11-5,1637.7959968,2,2,1
97975,35/11-5,1637.9479968,2,2,1
97976,35/11-5,1638.0999968,2,2,1
97977,35/11-5,1638.2519968000001,2,2,1
97978,35/11-5,1638.4039968,2,2,1
97979,35/11-5,1638.5559968,2,2,1
97980,35/11-5,1638.7079968,2,2,1
97981,35/11-5,1638.8599968,2,2,1
97982,35/11-5,1639.0119968000001,2,2,1
97983,35/11-5,1639.1639968,2,2,1
97984,35/11-5,1639.3159968,2,2,1
97985,35/11-5,1639.4679968,2,2,1
97986,35/11-5,1639.6199968,2,2,1
97987,35/11-5,1639.7719968000001,2,2,1
97988,35/11-5,1639.9239968,2,2,1
97989,35/11-5,1640.0759968,2,2,1
97990,35/11-5,1640.2279968,2,2,1
97991,35/11-5,1640.3799968,2,2,1
97992,35/11-5,1640.5319968000001,2,2,1
97993,35/11-5,1640.6839968,2,2,1
97994,35/11-5,1640.8359968,2,2,1
97995,35/11-5,1640.9879968,2,2,1
97996,35/11-5,1641.1399968,2,2,1
97997,35/11-5,1641.2919968,2,2,1
97998,35/11-5,1641.4439968,2,2,1
97999,35/11-5,1641.5959968,2,2,1
98000,35/11-5,1641.7479968,2,2,1
98001,35/11-5,1641.8999968,2,2,1
98002,35/11-5,1642.0519968,2,2,1
98003,35/11-5,1642.2039968000001,2,2,1
98004,35/11-5,1642.3559968,2,2,1
98005,35/11-5,1642.5079968,2,2,1
98006,35/11-5,1642.6599968,2,2,1
98007,35/11-5,1642.8119968,2,2,1
98008,35/11-5,1642.9639968000001,2,2,1
98009,35/11-5,1643.1159968,2,2,1
98010,35/11-5,1643.2679968,2,2,1
98011,35/11-5,1643.4199968,2,2,1
98012,35/11-5,1643.5719968,2,2,1
98013,35/11-5,1643.7239968000001,2,2,1
98014,35/11-5,1643.8759968,2,2,1
98015,35/11-5,1644.0279968,2,2,1
98016,35/11-5,1644.1799968,2,2,1
98017,35/11-5,1644.3319968,2,2,1
98018,35/11-5,1644.4839968,2,2,1
98019,35/11-5,1644.6359968,2,2,1
98020,35/11-5,1644.7879968,2,2,1
98021,35/11-5,1644.9399968,2,2,1
98022,35/11-5,1645.0919968,2,2,1
98023,35/11-5,1645.2439968,2,2,1
98024,35/11-5,1645.3959968,2,2,1
98025,35/11-5,1645.5479968,2,2,1
98026,35/11-5,1645.6999968,2,2,1
98027,35/11-5,1645.8519968,2,2,1
98028,35/11-5,1646.0039968,2,2,1
98029,35/11-5,1646.1559968000001,2,2,1
98030,35/11-5,1646.3079968,2,2,1
98031,35/11-5,1646.4599968,2,2,1
98032,35/11-5,1646.6119968,2,2,1
98033,35/11-5,1646.7639968,2,2,1
98034,35/11-5,1646.9159968000001,2,2,1
98035,35/11-5,1647.0679968,2,2,1
98036,35/11-5,1647.2199968,2,2,1
98037,35/11-5,1647.3719968,2,2,1
98038,35/11-5,1647.5239968,2,2,1
98039,35/11-5,1647.6759968000001,2,2,1
98040,35/11-5,1647.8279968,2,2,1
98041,35/11-5,1647.9799968,2,2,1
98042,35/11-5,1648.1319968,2,2,1
98043,35/11-5,1648.2839968,2,2,1
98044,35/11-5,1648.4359968,2,2,1
98045,35/11-5,1648.5879968,2,2,1
98046,35/11-5,1648.7399968,2,2,1
98047,35/11-5,1648.8919968,2,2,1
98048,35/11-5,1649.0439968,2,2,1
98049,35/11-5,1649.1959968,2,2,1
98050,35/11-5,1649.3479968000001,2,2,1
98051,35/11-5,1649.4999968,2,2,1
98052,35/11-5,1649.6519968,2,2,1
98053,35/11-5,1649.8039968,2,2,1
98054,35/11-5,1649.9559968,2,2,1
98055,35/11-5,1650.1079968000001,2,2,1
98056,35/11-5,1650.2599968,2,2,1
98057,35/11-5,1650.4119968,2,2,1
98058,35/11-5,1650.5639968,2,2,1
98059,35/11-5,1650.7159968,2,2,1
98060,35/11-5,1650.8679968000001,2,2,1
98061,35/11-5,1651.0199968,2,2,1
98062,35/11-5,1651.1719968,2,2,1
98063,35/11-5,1651.3239968,2,2,1
98064,35/11-5,1651.4759968,2,2,1
98065,35/11-5,1651.6279968000001,2,2,1
98066,35/11-5,1651.7799968,2,2,1
98067,35/11-5,1651.9319968,2,2,1
98068,35/11-5,1652.0839968,2,2,1
98069,35/11-5,1652.2359968,2,2,1
98070,35/11-5,1652.3879968,2,2,1
98071,35/11-5,1652.5399968,2,2,1
98072,35/11-5,1652.6919968,2,2,1
98073,35/11-5,1652.8439968,2,2,1
98074,35/11-5,1652.9959968,2,2,1
98075,35/11-5,1653.1479968,2,2,1
98076,35/11-5,1653.2999968000001,2,2,1
98077,35/11-5,1653.4519968,2,2,1
98078,35/11-5,1653.6039968,2,2,1
98079,35/11-5,1653.7559968,2,2,1
98080,35/11-5,1653.9079968,2,2,1
98081,35/11-5,1654.0599968000001,2,2,1
98082,35/11-5,1654.2119968,2,2,1
98083,35/11-5,1654.3639968,2,2,1
98084,35/11-5,1654.5159968,2,2,1
98085,35/11-5,1654.6679968,2,2,1
98086,35/11-5,1654.8199968000001,2,2,1
98087,35/11-5,1654.9719968,2,2,1
98088,35/11-5,1655.1239968,2,2,1
98089,35/11-5,1655.2759968,2,2,1
98090,35/11-5,1655.4279968,2,2,1
98091,35/11-5,1655.5799968000001,2,2,1
98092,35/11-5,1655.7319968,2,2,1
98093,35/11-5,1655.8839968,2,2,1
98094,35/11-5,1656.0359968,2,2,1
98095,35/11-5,1656.1879968,2,2,1
98096,35/11-5,1656.3399968,2,2,1
98097,35/11-5,1656.4919968,2,2,1
98098,35/11-5,1656.6439968,2,2,1
98099,35/11-5,1656.7959968,2,2,1
98100,35/11-5,1656.9479968,2,2,1
98101,35/11-5,1657.0999968,2,2,1
98102,35/11-5,1657.2519968000001,2,2,1
98103,35/11-5,1657.4039968,2,2,1
98104,35/11-5,1657.5559968,2,2,1
98105,35/11-5,1657.7079968,2,2,1
98106,35/11-5,1657.8599968,2,2,1
98107,35/11-5,1658.0119968000001,2,2,1
98108,35/11-5,1658.1639968,2,2,1
98109,35/11-5,1658.3159968,2,2,1
98110,35/11-5,1658.4679968,2,2,1
98111,35/11-5,1658.6199968,2,2,1
98112,35/11-5,1658.7719968000001,2,2,1
98113,35/11-5,1658.9239968,2,2,1
98114,35/11-5,1659.0759968,2,2,1
98115,35/11-5,1659.2279968,2,2,1
98116,35/11-5,1659.3799968,2,2,1
98117,35/11-5,1659.5319968000001,2,2,1
98118,35/11-5,1659.6839968,2,2,1
98119,35/11-5,1659.8359968,2,2,1
98120,35/11-5,1659.9879968,2,2,1
98121,35/11-5,1660.1399968,2,2,1
98122,35/11-5,1660.2919968,2,2,1
98123,35/11-5,1660.4439968,2,2,1
98124,35/11-5,1660.5959968,2,2,1
98125,35/11-5,1660.7479968,2,2,1
98126,35/11-5,1660.8999968,2,2,1
98127,35/11-5,1661.0519968,2,2,1
98128,35/11-5,1661.2039968000001,2,2,1
98129,35/11-5,1661.3559968,2,2,1
98130,35/11-5,1661.5079968,2,2,1
98131,35/11-5,1661.6599968,2,2,1
98132,35/11-5,1661.8119968,2,2,1
98133,35/11-5,1661.9639968000001,2,2,1
98134,35/11-5,1662.1159968,2,2,1
98135,35/11-5,1662.2679968,2,2,1
98136,35/11-5,1662.4199968,2,2,1
98137,35/11-5,1662.5719968,2,2,1
98138,35/11-5,1662.7239968000001,2,2,1
98139,35/11-5,1662.8759968,2,2,1
98140,35/11-5,1663.0279968,2,2,1
98141,35/11-5,1663.1799968,2,2,1
98142,35/11-5,1663.3319968,2,2,1
98143,35/11-5,1663.4839968,2,2,1
98144,35/11-5,1663.6359968,2,2,1
98145,35/11-5,1663.7879968,2,2,1
98146,35/11-5,1663.9399968,2,2,1
98147,35/11-5,1664.0919968,2,2,1
98148,35/11-5,1664.2439968,2,2,1
98149,35/11-5,1664.3959968,2,2,1
98150,35/11-5,1664.5479968,2,2,1
98151,35/11-5,1664.6999968,2,2,1
98152,35/11-5,1664.8519968,2,2,1
98153,35/11-5,1665.0039968,2,2,1
98154,35/11-5,1665.1559968000001,2,2,1
98155,35/11-5,1665.3079968,2,2,1
98156,35/11-5,1665.4599968,2,2,1
98157,35/11-5,1665.6119968,2,2,1
98158,35/11-5,1665.7639968,2,2,1
98159,35/11-5,1665.9159968000001,2,2,1
98160,35/11-5,1666.0679968,2,2,1
98161,35/11-5,1666.2199968,2,2,1
98162,35/11-5,1666.3719968,2,2,1
98163,35/11-5,1666.5239968,2,2,1
98164,35/11-5,1666.6759968000001,2,2,1
98165,35/11-5,1666.8279968,2,2,1
98166,35/11-5,1666.9799968,2,2,1
98167,35/11-5,1667.1319968,2,2,1
98168,35/11-5,1667.2839968,2,2,1
98169,35/11-5,1667.4359968,2,2,1
98170,35/11-5,1667.5879968,2,2,1
98171,35/11-5,1667.7399968,2,2,1
98172,35/11-5,1667.8919968,2,2,1
98173,35/11-5,1668.0439968,2,2,1
98174,35/11-5,1668.1959968,2,2,1
98175,35/11-5,1668.3479968000001,2,2,1
98176,35/11-5,1668.4999968,2,2,1
98177,35/11-5,1668.6519968,2,2,1
98178,35/11-5,1668.8039968,2,2,1
98179,35/11-5,1668.9559968,2,2,1
98180,35/11-5,1669.1079968000001,2,2,1
98181,35/11-5,1669.2599968,2,2,1
98182,35/11-5,1669.4119968,2,2,1
98183,35/11-5,1669.5639968,2,2,1
98184,35/11-5,1669.7159968,2,2,1
98185,35/11-5,1669.8679968000001,2,2,1
98186,35/11-5,1670.0199968,2,2,1
98187,35/11-5,1670.1719968,2,2,1
98188,35/11-5,1670.3239968,2,2,1
98189,35/11-5,1670.4759968,2,2,1
98190,35/11-5,1670.6279968000001,2,2,1
98191,35/11-5,1670.7799968,2,2,1
98192,35/11-5,1670.9319968,2,2,1
98193,35/11-5,1671.0839968,2,2,1
98194,35/11-5,1671.2359968,2,2,1
98195,35/11-5,1671.3879968,2,2,1
98196,35/11-5,1671.5399968,2,2,1
98197,35/11-5,1671.6919968,2,2,1
98198,35/11-5,1671.8439968,2,2,1
98199,35/11-5,1671.9959968,2,2,1
98200,35/11-5,1672.1479968,2,2,1
98201,35/11-5,1672.2999968000001,2,2,1
98202,35/11-5,1672.4519968,2,2,1
98203,35/11-5,1672.6039968,2,2,1
98204,35/11-5,1672.7559968,2,2,1
98205,35/11-5,1672.9079968,2,2,1
98206,35/11-5,1673.0599968000001,2,2,1
98207,35/11-5,1673.2119968,2,2,1
98208,35/11-5,1673.3639968,2,2,1
98209,35/11-5,1673.5159968,2,2,1
98210,35/11-5,1673.6679968,2,2,1
98211,35/11-5,1673.8199968000001,2,2,1
98212,35/11-5,1673.9719968,2,2,1
98213,35/11-5,1674.1239968,2,2,1
98214,35/11-5,1674.2759968,2,2,1
98215,35/11-5,1674.4279968,2,2,1
98216,35/11-5,1674.5799968000001,2,2,1
98217,35/11-5,1674.7319968,2,2,1
98218,35/11-5,1674.8839968,2,2,1
98219,35/11-5,1675.0359968,2,2,1
98220,35/11-5,1675.1879968,2,2,1
98221,35/11-5,1675.3399968,2,2,1
98222,35/11-5,1675.4919968,2,2,1
98223,35/11-5,1675.6439968,2,2,1
98224,35/11-5,1675.7959968,2,2,1
98225,35/11-5,1675.9479968,2,2,1
98226,35/11-5,1676.0999968,2,2,1
98227,35/11-5,1676.2519968000001,2,2,1
98228,35/11-5,1676.4039968,2,2,1
98229,35/11-5,1676.5559968,2,2,1
98230,35/11-5,1676.7079968,2,2,1
98231,35/11-5,1676.8599968,2,2,1
98232,35/11-5,1677.0119968000001,2,2,1
98233,35/11-5,1677.1639968,2,2,1
98234,35/11-5,1677.3159968,2,2,1
98235,35/11-5,1677.4679968,2,2,1
98236,35/11-5,1677.6199968,2,2,1
98237,35/11-5,1677.7719968,2,2,1
98238,35/11-5,1677.9239968,2,2,1
98239,35/11-5,1678.0759967999998,2,2,1
98240,35/11-5,1678.2279967999998,2,2,1
98241,35/11-5,1678.3799967999998,2,2,1
98242,35/11-5,1678.5319968,2,2,1
98243,35/11-5,1678.6839968,2,2,1
98244,35/11-5,1678.8359967999997,2,2,1
98245,35/11-5,1678.9879967999998,2,2,1
98246,35/11-5,1679.1399967999998,2,2,1
98247,35/11-5,1679.2919967999999,2,2,1
98248,35/11-5,1679.4439968,2,2,1
98249,35/11-5,1679.5959967999997,2,2,1
98250,35/11-5,1679.7479967999998,2,2,1
98251,35/11-5,1679.8999967999998,2,2,1
98252,35/11-5,1680.0519967999999,2,2,1
98253,35/11-5,1680.2039968,2,2,1
98254,35/11-5,1680.3559968,2,2,1
98255,35/11-5,1680.5079967999998,2,2,1
98256,35/11-5,1680.6599967999998,2,2,1
98257,35/11-5,1680.8119967999999,2,2,1
98258,35/11-5,1680.9639968,2,2,1
98259,35/11-5,1681.1159968,2,2,1
98260,35/11-5,1681.2679967999998,2,2,1
98261,35/11-5,1681.4199967999998,2,2,1
98262,35/11-5,1681.5719967999999,2,2,1
98263,35/11-5,1681.7239968,2,2,1
98264,35/11-5,1681.8759968,2,2,1
98265,35/11-5,1682.0279967999998,2,2,1
98266,35/11-5,1682.1799967999998,2,2,1
98267,35/11-5,1682.3319967999998,2,2,1
98268,35/11-5,1682.4839967999999,2,2,1
98269,35/11-5,1682.6359968,2,2,1
98270,35/11-5,1682.7879967999997,2,2,1
98271,35/11-5,1682.9399967999998,2,2,1
98272,35/11-5,1683.0919967999998,2,2,1
98273,35/11-5,1683.2439967999999,2,2,1
98274,35/11-5,1683.3959968,2,2,1
98275,35/11-5,1683.5479967999997,2,2,1
98276,35/11-5,1683.6999967999998,2,2,1
98277,35/11-5,1683.8519967999998,2,2,1
98278,35/11-5,1684.0039967999999,2,2,1
98279,35/11-5,1684.1559968,2,2,1
98280,35/11-5,1684.3079968,2,2,1
98281,35/11-5,1684.4599967999998,2,2,1
98282,35/11-5,1684.6119967999998,2,2,1
98283,35/11-5,1684.7639967999999,2,2,1
98284,35/11-5,1684.9159968,2,2,1
98285,35/11-5,1685.0679968,2,2,1
98286,35/11-5,1685.2199967999998,2,2,1
98287,35/11-5,1685.3719967999998,2,2,1
98288,35/11-5,1685.5239967999998,2,2,1
98289,35/11-5,1685.6759968,2,2,1
98290,35/11-5,1685.8279968,2,2,1
98291,35/11-5,1685.9799967999998,2,2,1
98292,35/11-5,1686.1319967999998,2,2,1
98293,35/11-5,1686.2839967999998,2,2,1
98294,35/11-5,1686.4359967999999,2,2,1
98295,35/11-5,1686.5879968,2,2,1
98296,35/11-5,1686.7399967999997,2,2,1
98297,35/11-5,1686.8919967999998,2,2,1
98298,35/11-5,1687.0439967999998,2,2,1
98299,35/11-5,1687.1959967999999,2,2,1
98300,35/11-5,1687.3479968,2,2,1
98301,35/11-5,1687.4999967999997,2,2,1
98302,35/11-5,1687.6519967999998,2,2,1
98303,35/11-5,1687.8039967999998,2,2,1
98304,35/11-5,1687.9559967999999,2,2,1
98305,35/11-5,1688.1079968,2,2,1
98306,35/11-5,1688.2599968,2,2,1
98307,35/11-5,1688.4119967999998,2,2,1
98308,35/11-5,1688.5639967999998,2,2,1
98309,35/11-5,1688.7159967999999,2,2,1
98310,35/11-5,1688.8679968,2,2,1
98311,35/11-5,1689.0199968,2,2,1
98312,35/11-5,1689.1719967999998,2,2,1
98313,35/11-5,1689.3239967999998,2,2,1
98314,35/11-5,1689.4759967999998,2,2,1
98315,35/11-5,1689.6279968,2,2,1
98316,35/11-5,1689.7799968,2,2,1
98317,35/11-5,1689.9319967999998,2,2,1
98318,35/11-5,1690.0839967999998,2,2,1
98319,35/11-5,1690.2359967999998,2,2,1
98320,35/11-5,1690.3879967999999,2,2,1
98321,35/11-5,1690.5399968,2,2,1
98322,35/11-5,1690.6919967999997,2,2,1
98323,35/11-5,1690.8439967999998,2,2,1
98324,35/11-5,1690.9959967999998,2,2,1
98325,35/11-5,1691.1479967999999,2,2,1
98326,35/11-5,1691.2999968,2,2,1
98327,35/11-5,1691.4519968,2,2,1
98328,35/11-5,1691.6039967999998,2,2,1
98329,35/11-5,1691.7559967999998,2,2,1
98330,35/11-5,1691.9079967999999,2,2,1
98331,35/11-5,1692.0599968,2,2,1
98332,35/11-5,1692.2119968,2,2,1
98333,35/11-5,1692.3639967999998,2,2,1
98334,35/11-5,1692.5159967999998,2,2,1
98335,35/11-5,1692.6679967999999,2,2,1
98336,35/11-5,1692.8199968,2,2,1
98337,35/11-5,1692.9719968,2,2,1
98338,35/11-5,1693.1239967999998,2,2,1
98339,35/11-5,1693.2759967999998,2,2,1
98340,35/11-5,1693.4279967999998,2,2,1
98341,35/11-5,1693.5799968,2,2,1
98342,35/11-5,1693.7319968,2,2,1
98343,35/11-5,1693.8839967999997,2,2,1
98344,35/11-5,1694.0359967999998,2,2,1
98345,35/11-5,1694.1879967999998,2,2,1
98346,35/11-5,1694.3399967999999,2,2,1
98347,35/11-5,1694.4919968,2,2,1
98348,35/11-5,1694.6439967999997,2,2,1
98349,35/11-5,1694.7959967999998,2,2,1
98350,35/11-5,1694.9479967999998,2,2,1
98351,35/11-5,1695.0999967999999,2,2,1
98352,35/11-5,1695.2519968,2,2,1
98353,35/11-5,1695.4039968,2,2,1
98354,35/11-5,1695.5559967999998,2,2,1
98355,35/11-5,1695.7079967999998,2,2,1
98356,35/11-5,1695.8599967999999,2,2,1
98357,35/11-5,1696.0119968,2,2,1
98358,35/11-5,1696.1639968,2,2,1
98359,35/11-5,1696.3159967999998,2,2,1
98360,35/11-5,1696.4679967999998,2,2,1
98361,35/11-5,1696.6199967999999,2,2,1
98362,35/11-5,1696.7719968,2,2,1
98363,35/11-5,1696.9239968,2,2,1
98364,35/11-5,1697.0759967999998,2,2,1
98365,35/11-5,1697.2279967999998,2,2,1
98366,35/11-5,1697.3799967999998,2,2,1
98367,35/11-5,1697.5319968,2,2,1
98368,35/11-5,1697.6839968,2,2,1
98369,35/11-5,1697.8359967999997,2,2,1
98370,35/11-5,1697.9879967999998,2,2,1
98371,35/11-5,1698.1399967999998,2,2,1
98372,35/11-5,1698.2919967999999,2,2,1
98373,35/11-5,1698.4439968,2,2,1
98374,35/11-5,1698.5959967999997,2,2,1
98375,35/11-5,1698.7479967999998,2,2,1
98376,35/11-5,1698.8999967999998,2,2,1
98377,35/11-5,1699.0519967999999,2,2,1
98378,35/11-5,1699.2039968,2,2,1
98379,35/11-5,1699.3559968,2,2,1
98380,35/11-5,1699.5079967999998,2,2,1
98381,35/11-5,1699.6599967999998,2,2,1
98382,35/11-5,1699.8119967999999,2,2,1
98383,35/11-5,1699.9639968,2,2,1
98384,35/11-5,1700.1159968,2,2,1
98385,35/11-5,1700.2679967999998,2,2,1
98386,35/11-5,1700.4199967999998,2,2,1
98387,35/11-5,1700.5719967999999,2,2,1
98388,35/11-5,1700.7239968,2,2,1
98389,35/11-5,1700.8759968,2,2,1
98390,35/11-5,1701.0279967999998,2,2,1
98391,35/11-5,1701.1799967999998,2,2,1
98392,35/11-5,1701.3319967999998,2,2,1
98393,35/11-5,1701.4839967999999,2,2,1
98394,35/11-5,1701.6359968,2,2,1
98395,35/11-5,1701.7879967999997,2,2,1
98396,35/11-5,1701.9399967999998,2,2,1
98397,35/11-5,1702.0919967999998,2,2,1
98398,35/11-5,1702.2439967999999,2,2,1
98399,35/11-5,1702.3959968,2,2,1
98400,35/11-5,1702.5479967999997,2,2,1
98401,35/11-5,1702.6999967999998,2,2,1
98402,35/11-5,1702.8519967999998,2,2,1
98403,35/11-5,1703.0039967999999,2,2,1
98404,35/11-5,1703.1559968,2,2,1
98405,35/11-5,1703.3079968,2,2,1
98406,35/11-5,1703.4599967999998,2,2,1
98407,35/11-5,1703.6119967999998,2,2,1
98408,35/11-5,1703.7639967999999,2,2,1
98409,35/11-5,1703.9159968,2,2,1
98410,35/11-5,1704.0679968,2,2,1
98411,35/11-5,1704.2199967999998,2,2,1
98412,35/11-5,1704.3719967999998,2,2,1
98413,35/11-5,1704.5239967999998,2,2,1
98414,35/11-5,1704.6759968,2,2,1
98415,35/11-5,1704.8279968,2,2,1
98416,35/11-5,1704.9799967999998,2,2,1
98417,35/11-5,1705.1319967999998,2,2,1
98418,35/11-5,1705.2839967999998,2,2,1
98419,35/11-5,1705.4359967999999,2,2,1
98420,35/11-5,1705.5879968,2,2,1
98421,35/11-5,1705.7399967999997,2,2,1
98422,35/11-5,1705.8919967999998,2,2,1
98423,35/11-5,1706.0439967999998,2,2,1
98424,35/11-5,1706.1959967999999,2,2,1
98425,35/11-5,1706.3479968,2,2,1
98426,35/11-5,1706.4999967999997,2,2,1
98427,35/11-5,1706.6519967999998,2,2,1
98428,35/11-5,1706.8039967999998,2,2,1
98429,35/11-5,1706.9559967999999,2,2,1
98430,35/11-5,1707.1079968,2,2,1
98431,35/11-5,1707.2599968,2,2,1
98432,35/11-5,1707.4119967999998,2,2,1
98433,35/11-5,1707.5639967999998,2,2,1
98434,35/11-5,1707.7159967999999,2,2,1
98435,35/11-5,1707.8679968,2,2,1
98436,35/11-5,1708.0199968,2,2,1
98437,35/11-5,1708.1719967999998,2,2,1
98438,35/11-5,1708.3239967999998,2,2,1
98439,35/11-5,1708.4759967999998,2,2,1
98440,35/11-5,1708.6279968,2,2,1
98441,35/11-5,1708.7799968,2,2,1
98442,35/11-5,1708.9319967999998,2,2,1
98443,35/11-5,1709.0839967999998,2,2,1
98444,35/11-5,1709.2359967999998,2,2,1
98445,35/11-5,1709.3879967999999,2,2,1
98446,35/11-5,1709.5399968,2,2,1
98447,35/11-5,1709.6919967999997,2,2,1
98448,35/11-5,1709.8439967999998,2,2,1
98449,35/11-5,1709.9959967999998,2,2,1
98450,35/11-5,1710.1479967999999,2,2,1
98451,35/11-5,1710.2999968,2,2,1
98452,35/11-5,1710.4519968,2,2,1
98453,35/11-5,1710.6039967999998,2,2,1
98454,35/11-5,1710.7559967999998,2,2,1
98455,35/11-5,1710.9079967999999,2,2,1
98456,35/11-5,1711.0599968,2,2,1
98457,35/11-5,1711.2119968,2,2,1
98458,35/11-5,1711.3639967999998,2,2,1
98459,35/11-5,1711.5159967999998,2,2,1
98460,35/11-5,1711.6679967999999,2,2,1
98461,35/11-5,1711.8199968,2,2,1
98462,35/11-5,1711.9719968,2,2,1
98463,35/11-5,1712.1239967999998,2,2,1
98464,35/11-5,1712.2759967999998,2,2,1
98465,35/11-5,1712.4279967999998,2,2,1
98466,35/11-5,1712.5799968,2,2,1
98467,35/11-5,1712.7319968,2,2,1
98468,35/11-5,1712.8839967999997,2,2,1
98469,35/11-5,1713.0359967999998,2,2,1
98470,35/11-5,1713.1879967999998,2,2,1
98471,35/11-5,1713.3399967999999,2,2,1
98472,35/11-5,1713.4919968,2,2,1
98473,35/11-5,1713.6439967999997,2,2,1
98474,35/11-5,1713.7959967999998,2,2,1
98475,35/11-5,1713.9479967999998,2,2,1
98476,35/11-5,1714.0999967999999,2,2,1
98477,35/11-5,1714.2519968,2,2,1
98478,35/11-5,1714.4039968,2,2,1
98479,35/11-5,1714.5559967999998,2,2,1
98480,35/11-5,1714.7079967999998,2,2,1
98481,35/11-5,1714.8599967999999,2,2,1
98482,35/11-5,1715.0119968,2,2,1
98483,35/11-5,1715.1639968,2,2,1
98484,35/11-5,1715.3159967999998,2,2,1
98485,35/11-5,1715.4679967999998,2,2,1
98486,35/11-5,1715.6199967999999,2,2,1
98487,35/11-5,1715.7719968,2,2,1
98488,35/11-5,1715.9239968,2,2,1
98489,35/11-5,1716.0759967999998,2,2,1
98490,35/11-5,1716.2279967999998,2,2,1
98491,35/11-5,1716.3799967999998,2,2,1
98492,35/11-5,1716.5319968,2,2,1
98493,35/11-5,1716.6839968,2,2,1
98494,35/11-5,1716.8359967999997,2,2,1
98495,35/11-5,1716.9879967999998,2,2,1
98496,35/11-5,1717.1399967999998,2,2,1
98497,35/11-5,1717.2919967999999,2,2,1
98498,35/11-5,1717.4439968,2,2,1
98499,35/11-5,1717.5959967999997,2,2,1
98500,35/11-5,1717.7479967999998,2,2,1
98501,35/11-5,1717.8999967999998,2,2,1
98502,35/11-5,1718.0519967999999,2,2,1
98503,35/11-5,1718.2039968,2,2,1
98504,35/11-5,1718.3559968,2,2,1
98505,35/11-5,1718.5079967999998,2,2,1
98506,35/11-5,1718.6599967999998,2,2,1
98507,35/11-5,1718.8119967999999,2,2,1
98508,35/11-5,1718.9639968,2,2,1
98509,35/11-5,1719.1159968,2,2,1
98510,35/11-5,1719.2679967999998,2,2,1
98511,35/11-5,1719.4199967999998,2,2,1
98512,35/11-5,1719.5719967999999,2,2,1
98513,35/11-5,1719.7239968,2,2,1
98514,35/11-5,1719.8759968,2,2,1
98515,35/11-5,1720.0279967999998,2,2,1
98516,35/11-5,1720.1799967999998,2,2,1
98517,35/11-5,1720.3319967999998,2,2,1
98518,35/11-5,1720.4839967999999,2,2,1
98519,35/11-5,1720.6359968,2,2,1
98520,35/11-5,1720.7879967999997,2,2,1
98521,35/11-5,1720.9399967999998,2,2,1
98522,35/11-5,1721.0919967999998,2,2,1
98523,35/11-5,1721.2439967999999,2,2,1
98524,35/11-5,1721.3959968,2,2,1
98525,35/11-5,1721.5479967999997,2,2,1
98526,35/11-5,1721.6999967999998,2,2,1
98527,35/11-5,1721.8519967999998,2,2,1
98528,35/11-5,1722.0039967999999,2,2,1
98529,35/11-5,1722.1559968,2,2,1
98530,35/11-5,1722.3079968,2,2,1
98531,35/11-5,1722.4599967999998,2,2,1
98532,35/11-5,1722.6119967999998,2,2,1
98533,35/11-5,1722.7639967999999,2,2,1
98534,35/11-5,1722.9159968,2,2,1
98535,35/11-5,1723.0679968,2,2,1
98536,35/11-5,1723.2199967999998,2,2,1
98537,35/11-5,1723.3719967999998,2,2,1
98538,35/11-5,1723.5239967999998,2,2,1
98539,35/11-5,1723.6759968,2,2,1
98540,35/11-5,1723.8279968,2,2,1
98541,35/11-5,1723.9799967999998,2,2,1
98542,35/11-5,1724.1319967999998,2,2,1
98543,35/11-5,1724.2839967999998,2,2,1
98544,35/11-5,1724.4359967999999,2,2,1
98545,35/11-5,1724.5879968,2,2,1
98546,35/11-5,1724.7399967999997,2,2,1
98547,35/11-5,1724.8919967999998,2,2,1
98548,35/11-5,1725.0439967999998,2,2,1
98549,35/11-5,1725.1959967999999,2,2,1
98550,35/11-5,1725.3479968,2,2,1
98551,35/11-5,1725.4999967999997,2,2,1
98552,35/11-5,1725.6519967999998,2,2,1
98553,35/11-5,1725.8039967999998,2,2,1
98554,35/11-5,1725.9559967999999,2,2,1
98555,35/11-5,1726.1079968,2,2,1
98556,35/11-5,1726.2599968,2,2,1
98557,35/11-5,1726.4119967999998,2,2,1
98558,35/11-5,1726.5639967999998,2,2,1
98559,35/11-5,1726.7159967999999,2,2,1
98560,35/11-5,1726.8679968,2,2,1
98561,35/11-5,1727.0199968,2,2,1
98562,35/11-5,1727.1719967999998,2,2,1
98563,35/11-5,1727.3239967999998,2,2,1
98564,35/11-5,1727.4759967999998,2,2,1
98565,35/11-5,1727.6279968,2,2,1
98566,35/11-5,1727.7799968,2,2,1
98567,35/11-5,1727.9319967999998,2,2,1
98568,35/11-5,1728.0839967999998,2,2,1
98569,35/11-5,1728.2359967999998,2,2,1
98570,35/11-5,1728.3879967999999,2,2,1
98571,35/11-5,1728.5399968,2,2,1
98572,35/11-5,1728.6919967999997,2,2,1
98573,35/11-5,1728.8439967999998,2,2,1
98574,35/11-5,1728.9959967999998,2,2,1
98575,35/11-5,1729.1479967999999,2,2,1
98576,35/11-5,1729.2999968,2,2,1
98577,35/11-5,1729.4519968,2,2,1
98578,35/11-5,1729.6039967999998,2,2,1
98579,35/11-5,1729.7559967999998,2,2,1
98580,35/11-5,1729.9079967999999,2,2,1
98581,35/11-5,1730.0599968,2,2,1
98582,35/11-5,1730.2119968,2,2,1
98583,35/11-5,1730.3639967999998,2,2,1
98584,35/11-5,1730.5159967999998,2,2,1
98585,35/11-5,1730.6679967999999,2,2,1
98586,35/11-5,1730.8199968,2,9,0
98587,35/11-5,1730.9719968,2,2,1
98588,35/11-5,1731.1239967999998,2,2,1
98589,35/11-5,1731.2759967999998,2,9,0
98590,35/11-5,1731.4279967999998,2,9,0
98591,35/11-5,1731.5799968,2,2,1
98592,35/11-5,1731.7319968,9,9,1
98593,35/11-5,1731.8839967999997,9,2,0
98594,35/11-5,1732.0359967999998,9,2,0
98595,35/11-5,1732.1879967999998,9,9,1
98596,35/11-5,1732.3399967999999,9,9,1
98597,35/11-5,1732.4919968,9,9,1
98598,35/11-5,1732.6439967999997,9,9,1
98599,35/11-5,1732.7959967999998,9,9,1
98600,35/11-5,1732.9479967999998,9,9,1
98601,35/11-5,1733.0999967999999,9,9,1
98602,35/11-5,1733.2519968,9,9,1
98603,35/11-5,1733.4039968,9,2,0
98604,35/11-5,1733.5559967999998,9,2,0
98605,35/11-5,1733.7079967999998,2,2,1
98606,35/11-5,1733.8599967999999,2,2,1
98607,35/11-5,1734.0119968,2,2,1
98608,35/11-5,1734.1639968,2,2,1
98609,35/11-5,1734.3159967999998,2,5,0
98610,35/11-5,1734.4679967999998,2,5,0
98611,35/11-5,1734.6199967999999,2,5,0
98612,35/11-5,1734.7719968,2,5,0
98613,35/11-5,1734.9239968,2,2,1
98614,35/11-5,1735.0759967999998,9,2,0
98615,35/11-5,1735.2279967999998,9,9,1
98616,35/11-5,1735.3799967999998,9,9,1
98617,35/11-5,1735.5319968,9,9,1
98618,35/11-5,1735.6839968,9,2,0
98619,35/11-5,1735.8359967999997,2,2,1
98620,35/11-5,1735.9879967999998,2,2,1
98621,35/11-5,1736.1399967999998,2,2,1
98622,35/11-5,1736.2919967999999,2,2,1
98623,35/11-5,1736.4439968,2,2,1
98624,35/11-5,1736.5959967999997,2,2,1
98625,35/11-5,1736.7479967999998,2,2,1
98626,35/11-5,1736.8999967999998,2,2,1
98627,35/11-5,1737.0519967999999,2,2,1
98628,35/11-5,1737.2039968,2,2,1
98629,35/11-5,1737.3559968,2,2,1
98630,35/11-5,1737.5079967999998,2,2,1
98631,35/11-5,1737.6599967999998,2,2,1
98632,35/11-5,1737.8119967999999,2,2,1
98633,35/11-5,1737.9639968,2,2,1
98634,35/11-5,1738.1159968,2,2,1
98635,35/11-5,1738.2679967999998,2,2,1
98636,35/11-5,1738.4199967999998,2,2,1
98637,35/11-5,1738.5719967999999,2,2,1
98638,35/11-5,1738.7239968,2,2,1
98639,35/11-5,1738.8759968,9,9,1
98640,35/11-5,1739.0279967999998,9,2,0
98641,35/11-5,1739.1799967999998,9,9,1
98642,35/11-5,1739.3319967999998,9,9,1
98643,35/11-5,1739.4839967999999,9,9,1
98644,35/11-5,1739.6359968,9,9,1
98645,35/11-5,1739.7879967999997,9,9,1
98646,35/11-5,1739.9399967999998,2,2,1
98647,35/11-5,1740.0919967999998,2,2,1
98648,35/11-5,1740.2439967999999,2,2,1
98649,35/11-5,1740.3959968,2,5,0
98650,35/11-5,1740.5479967999997,2,5,0
98651,35/11-5,1740.6999967999998,2,5,0
98652,35/11-5,1740.8519967999998,2,2,1
98653,35/11-5,1741.0039967999999,9,9,1
98654,35/11-5,1741.1559968,9,9,1
98655,35/11-5,1741.3079968,9,9,1
98656,35/11-5,1741.4599967999998,9,9,1
98657,35/11-5,1741.6119967999998,2,9,0
98658,35/11-5,1741.7639967999999,2,9,0
98659,35/11-5,1741.9159968,2,9,0
98660,35/11-5,1742.0679968,2,2,1
98661,35/11-5,1742.2199967999998,2,2,1
98662,35/11-5,1742.3719967999998,2,2,1
98663,35/11-5,1742.5239967999998,2,2,1
98664,35/11-5,1742.6759968,2,2,1
98665,35/11-5,1742.8279968,2,2,1
98666,35/11-5,1742.9799967999998,2,2,1
98667,35/11-5,1743.1319967999998,2,9,0
98668,35/11-5,1743.2839967999998,2,9,0
98669,35/11-5,1743.4359967999999,2,9,0
98670,35/11-5,1743.5879968,9,9,1
98671,35/11-5,1743.7399967999997,9,9,1
98672,35/11-5,1743.8919967999998,9,9,1
98673,35/11-5,1744.0439967999998,9,9,1
98674,35/11-5,1744.1959967999999,9,9,1
98675,35/11-5,1744.3479968,9,9,1
98676,35/11-5,1744.4999967999997,9,5,0
98677,35/11-5,1744.6519967999998,9,5,0
98678,35/11-5,1744.8039967999998,9,5,0
98679,35/11-5,1744.9559967999999,9,5,0
98680,35/11-5,1745.1079968,9,5,0
98681,35/11-5,1745.2599968,9,5,0
98682,35/11-5,1745.4119967999998,9,2,0
98683,35/11-5,1745.5639967999998,9,2,0
98684,35/11-5,1745.7159967999999,9,2,0
98685,35/11-5,1745.8679968,9,2,0
98686,35/11-5,1746.0199968,9,2,0
98687,35/11-5,1746.1719967999998,2,2,1
98688,35/11-5,1746.3239967999998,2,2,1
98689,35/11-5,1746.4759967999998,2,2,1
98690,35/11-5,1746.6279968,2,2,1
98691,35/11-5,1746.7799968,2,2,1
98692,35/11-5,1746.9319967999998,2,2,1
98693,35/11-5,1747.0839967999998,2,2,1
98694,35/11-5,1747.2359967999998,2,2,1
98695,35/11-5,1747.3879967999999,2,2,1
98696,35/11-5,1747.5399968,2,2,1
98697,35/11-5,1747.6919967999997,2,2,1
98698,35/11-5,1747.8439967999998,2,2,1
98699,35/11-5,1747.9959967999998,2,2,1
98700,35/11-5,1748.1479967999999,2,2,1
98701,35/11-5,1748.2999968,2,2,1
98702,35/11-5,1748.4519968,2,2,1
98703,35/11-5,1748.6039967999998,2,2,1
98704,35/11-5,1748.7559967999998,2,2,1
98705,35/11-5,1748.9079967999999,2,2,1
98706,35/11-5,1749.0599968,2,2,1
98707,35/11-5,1749.2119968,2,2,1
98708,35/11-5,1749.3639967999998,2,2,1
98709,35/11-5,1749.5159967999998,2,2,1
98710,35/11-5,1749.6679967999999,2,2,1
98711,35/11-5,1749.8199968,2,2,1
98712,35/11-5,1749.9719968,2,2,1
98713,35/11-5,1750.1239967999998,2,2,1
98714,35/11-5,1750.2759967999998,2,2,1
98715,35/11-5,1750.4279967999998,2,2,1
98716,35/11-5,1750.5799968,2,2,1
98717,35/11-5,1750.7319968,2,2,1
98718,35/11-5,1750.8839967999997,2,2,1
98719,35/11-5,1751.0359967999998,2,2,1
98720,35/11-5,1751.1879967999998,2,2,1
98721,35/11-5,1751.3399967999999,2,2,1
98722,35/11-5,1751.4919968,2,2,1
98723,35/11-5,1751.6439967999997,2,2,1
98724,35/11-5,1751.7959967999998,2,2,1
98725,35/11-5,1751.9479967999998,2,2,1
98726,35/11-5,1752.0999967999999,2,2,1
98727,35/11-5,1752.2519968,2,2,1
98728,35/11-5,1752.4039968,2,2,1
98729,35/11-5,1752.5559967999998,2,2,1
98730,35/11-5,1752.7079967999998,2,2,1
98731,35/11-5,1752.8599967999999,2,2,1
98732,35/11-5,1753.0119968,2,2,1
98733,35/11-5,1753.1639968,2,2,1
98734,35/11-5,1753.3159967999998,2,2,1
98735,35/11-5,1753.4679967999998,2,2,1
98736,35/11-5,1753.6199967999999,2,2,1
98737,35/11-5,1753.7719968,2,2,1
98738,35/11-5,1753.9239968,2,2,1
98739,35/11-5,1754.0759967999998,2,2,1
98740,35/11-5,1754.2279967999998,2,2,1
98741,35/11-5,1754.3799967999998,2,2,1
98742,35/11-5,1754.5319968,2,2,1
98743,35/11-5,1754.6839968,2,2,1
98744,35/11-5,1754.8359967999997,2,2,1
98745,35/11-5,1754.9879967999998,2,2,1
98746,35/11-5,1755.1399967999998,2,2,1
98747,35/11-5,1755.2919967999999,2,2,1
98748,35/11-5,1755.4439968,2,2,1
98749,35/11-5,1755.5959967999997,2,2,1
98750,35/11-5,1755.7479967999998,2,2,1
98751,35/11-5,1755.8999967999998,2,2,1
98752,35/11-5,1756.0519967999999,2,2,1
98753,35/11-5,1756.2039968,2,2,1
98754,35/11-5,1756.3559968,2,2,1
98755,35/11-5,1756.5079967999998,2,2,1
98756,35/11-5,1756.6599967999998,2,2,1
98757,35/11-5,1756.8119967999999,2,2,1
98758,35/11-5,1756.9639968,2,2,1
98759,35/11-5,1757.1159968,2,2,1
98760,35/11-5,1757.2679967999998,2,2,1
98761,35/11-5,1757.4199967999998,2,2,1
98762,35/11-5,1757.5719967999999,2,2,1
98763,35/11-5,1757.7239968,2,2,1
98764,35/11-5,1757.8759968,2,2,1
98765,35/11-5,1758.0279967999998,2,2,1
98766,35/11-5,1758.1799967999998,2,2,1
98767,35/11-5,1758.3319967999998,2,2,1
98768,35/11-5,1758.4839967999999,2,2,1
98769,35/11-5,1758.6359968,2,2,1
98770,35/11-5,1758.7879967999997,2,2,1
98771,35/11-5,1758.9399967999998,2,2,1
98772,35/11-5,1759.0919967999998,2,2,1
98773,35/11-5,1759.2439967999999,2,2,1
98774,35/11-5,1759.3959968,2,2,1
98775,35/11-5,1759.5479967999997,2,2,1
98776,35/11-5,1759.6999967999998,2,2,1
98777,35/11-5,1759.8519967999998,2,2,1
98778,35/11-5,1760.0039967999999,2,2,1
98779,35/11-5,1760.1559968,2,2,1
98780,35/11-5,1760.3079968,2,2,1
98781,35/11-5,1760.4599967999998,2,2,1
98782,35/11-5,1760.6119967999998,2,2,1
98783,35/11-5,1760.7639967999999,2,2,1
98784,35/11-5,1760.9159968,2,2,1
98785,35/11-5,1761.0679968,2,2,1
98786,35/11-5,1761.2199967999998,2,2,1
98787,35/11-5,1761.3719967999998,2,2,1
98788,35/11-5,1761.5239967999998,2,2,1
98789,35/11-5,1761.6759968,2,2,1
98790,35/11-5,1761.8279968,2,2,1
98791,35/11-5,1761.9799967999998,2,2,1
98792,35/11-5,1762.1319967999998,2,2,1
98793,35/11-5,1762.2839967999998,2,2,1
98794,35/11-5,1762.4359967999999,2,2,1
98795,35/11-5,1762.5879968,2,2,1
98796,35/11-5,1762.7399967999997,2,2,1
98797,35/11-5,1762.8919967999998,2,2,1
98798,35/11-5,1763.0439967999998,2,2,1
98799,35/11-5,1763.1959967999999,2,2,1
98800,35/11-5,1763.3479968,2,2,1
98801,35/11-5,1763.4999967999997,2,2,1
98802,35/11-5,1763.6519967999998,2,2,1
98803,35/11-5,1763.8039967999998,2,2,1
98804,35/11-5,1763.9559967999999,2,2,1
98805,35/11-5,1764.1079968,2,2,1
98806,35/11-5,1764.2599968,2,2,1
98807,35/11-5,1764.4119967999998,2,2,1
98808,35/11-5,1764.5639967999998,2,2,1
98809,35/11-5,1764.7159967999999,2,2,1
98810,35/11-5,1764.8679968,2,2,1
98811,35/11-5,1765.0199968,2,2,1
98812,35/11-5,1765.1719967999998,2,2,1
98813,35/11-5,1765.3239967999998,2,2,1
98814,35/11-5,1765.4759967999998,2,2,1
98815,35/11-5,1765.6279968,2,2,1
98816,35/11-5,1765.7799968,2,2,1
98817,35/11-5,1765.9319967999998,2,2,1
98818,35/11-5,1766.0839967999998,2,2,1
98819,35/11-5,1766.2359967999998,2,2,1
98820,35/11-5,1766.3879967999999,2,2,1
98821,35/11-5,1766.5399968,2,2,1
98822,35/11-5,1766.6919967999997,2,2,1
98823,35/11-5,1766.8439967999998,2,2,1
98824,35/11-5,1766.9959967999998,2,2,1
98825,35/11-5,1767.1479967999999,2,2,1
98826,35/11-5,1767.2999968,2,2,1
98827,35/11-5,1767.4519968,2,2,1
98828,35/11-5,1767.6039967999998,2,2,1
98829,35/11-5,1767.7559967999998,2,2,1
98830,35/11-5,1767.9079967999999,2,2,1
98831,35/11-5,1768.0599968,2,2,1
98832,35/11-5,1768.2119968,2,2,1
98833,35/11-5,1768.3639967999998,2,2,1
98834,35/11-5,1768.5159967999998,2,2,1
98835,35/11-5,1768.6679967999999,2,2,1
98836,35/11-5,1768.8199968,2,2,1
98837,35/11-5,1768.9719968,2,2,1
98838,35/11-5,1769.1239967999998,2,2,1
98839,35/11-5,1769.2759967999998,2,2,1
98840,35/11-5,1769.4279967999998,2,2,1
98841,35/11-5,1769.5799968,2,2,1
98842,35/11-5,1769.7319968,2,2,1
98843,35/11-5,1769.8839967999997,2,2,1
98844,35/11-5,1770.0359967999998,2,2,1
98845,35/11-5,1770.1879967999998,2,2,1
98846,35/11-5,1770.3399967999999,2,2,1
98847,35/11-5,1770.4919968,2,2,1
98848,35/11-5,1770.6439967999997,2,2,1
98849,35/11-5,1770.7959967999998,2,2,1
98850,35/11-5,1770.9479967999998,2,2,1
98851,35/11-5,1771.0999967999999,2,2,1
98852,35/11-5,1771.2519968,2,2,1
98853,35/11-5,1771.4039968,2,2,1
98854,35/11-5,1771.5559967999998,2,2,1
98855,35/11-5,1771.7079967999998,2,2,1
98856,35/11-5,1771.8599967999999,2,2,1
98857,35/11-5,1772.0119968,2,2,1
98858,35/11-5,1772.1639968,2,2,1
98859,35/11-5,1772.3159967999998,2,2,1
98860,35/11-5,1772.4679967999998,2,2,1
98861,35/11-5,1772.6199967999999,2,2,1
98862,35/11-5,1772.7719968,2,2,1
98863,35/11-5,1772.9239968,2,2,1
98864,35/11-5,1773.0759967999998,2,2,1
98865,35/11-5,1773.2279967999998,2,2,1
98866,35/11-5,1773.3799967999998,2,2,1
98867,35/11-5,1773.5319968,2,2,1
98868,35/11-5,1773.6839968,2,2,1
98869,35/11-5,1773.8359967999997,2,2,1
98870,35/11-5,1773.9879967999998,2,2,1
98871,35/11-5,1774.1399967999998,2,2,1
98872,35/11-5,1774.2919967999999,2,2,1
98873,35/11-5,1774.4439968,2,2,1
98874,35/11-5,1774.5959967999997,2,2,1
98875,35/11-5,1774.7479967999998,2,2,1
98876,35/11-5,1774.8999967999998,2,2,1
98877,35/11-5,1775.0519967999999,2,2,1
98878,35/11-5,1775.2039968,2,2,1
98879,35/11-5,1775.3559968,2,2,1
98880,35/11-5,1775.5079967999998,2,2,1
98881,35/11-5,1775.6599967999998,2,2,1
98882,35/11-5,1775.8119967999999,2,2,1
98883,35/11-5,1775.9639968,2,2,1
98884,35/11-5,1776.1159968,2,2,1
98885,35/11-5,1776.2679967999998,2,2,1
98886,35/11-5,1776.4199967999998,2,2,1
98887,35/11-5,1776.5719967999999,2,2,1
98888,35/11-5,1776.7239968,2,2,1
98889,35/11-5,1776.8759968,2,2,1
98890,35/11-5,1777.0279967999998,2,2,1
98891,35/11-5,1777.1799967999998,2,2,1
98892,35/11-5,1777.3319967999998,2,2,1
98893,35/11-5,1777.4839967999999,2,2,1
98894,35/11-5,1777.6359968,2,2,1
98895,35/11-5,1777.7879967999997,2,2,1
98896,35/11-5,1777.9399967999998,2,2,1
98897,35/11-5,1778.0919967999998,2,2,1
98898,35/11-5,1778.2439967999999,2,2,1
98899,35/11-5,1778.3959968,2,2,1
98900,35/11-5,1778.5479967999997,2,2,1
98901,35/11-5,1778.6999967999998,2,2,1
98902,35/11-5,1778.8519967999998,2,2,1
98903,35/11-5,1779.0039967999999,2,2,1
98904,35/11-5,1779.1559968,2,2,1
98905,35/11-5,1779.3079968,2,2,1
98906,35/11-5,1779.4599967999998,2,2,1
98907,35/11-5,1779.6119967999998,2,2,1
98908,35/11-5,1779.7639967999999,2,2,1
98909,35/11-5,1779.9159968,2,2,1
98910,35/11-5,1780.0679968,2,2,1
98911,35/11-5,1780.2199967999998,2,2,1
98912,35/11-5,1780.3719967999998,2,2,1
98913,35/11-5,1780.5239967999998,2,2,1
98914,35/11-5,1780.6759968,2,2,1
98915,35/11-5,1780.8279968,2,2,1
98916,35/11-5,1780.9799967999998,2,2,1
98917,35/11-5,1781.1319967999998,2,2,1
98918,35/11-5,1781.2839967999998,2,2,1
98919,35/11-5,1781.4359967999999,2,2,1
98920,35/11-5,1781.5879968,2,2,1
98921,35/11-5,1781.7399967999997,2,2,1
98922,35/11-5,1781.8919967999998,2,2,1
98923,35/11-5,1782.0439967999998,2,2,1
98924,35/11-5,1782.1959967999999,2,2,1
98925,35/11-5,1782.3479968,2,2,1
98926,35/11-5,1782.4999967999997,2,2,1
98927,35/11-5,1782.6519967999998,2,2,1
98928,35/11-5,1782.8039967999998,2,2,1
98929,35/11-5,1782.9559967999999,2,2,1
98930,35/11-5,1783.1079968,2,2,1
98931,35/11-5,1783.2599968,2,2,1
98932,35/11-5,1783.4119967999998,2,2,1
98933,35/11-5,1783.5639967999998,2,2,1
98934,35/11-5,1783.7159967999999,2,2,1
98935,35/11-5,1783.8679968,2,2,1
98936,35/11-5,1784.0199968,2,2,1
98937,35/11-5,1784.1719967999998,2,2,1
98938,35/11-5,1784.3239967999998,2,2,1
98939,35/11-5,1784.4759967999998,2,2,1
98940,35/11-5,1784.6279968,2,2,1
98941,35/11-5,1784.7799968,2,2,1
98942,35/11-5,1784.9319967999998,2,2,1
98943,35/11-5,1785.0839967999998,2,2,1
98944,35/11-5,1785.2359967999998,2,2,1
98945,35/11-5,1785.3879967999999,2,2,1
98946,35/11-5,1785.5399968,2,2,1
98947,35/11-5,1785.6919967999997,2,2,1
98948,35/11-5,1785.8439967999998,2,2,1
98949,35/11-5,1785.9959967999998,2,2,1
98950,35/11-5,1786.1479967999999,2,2,1
98951,35/11-5,1786.2999968,2,2,1
98952,35/11-5,1786.4519968,2,2,1
98953,35/11-5,1786.6039967999998,2,2,1
98954,35/11-5,1786.7559967999998,2,2,1
98955,35/11-5,1786.9079967999999,2,2,1
98956,35/11-5,1787.0599968,2,2,1
98957,35/11-5,1787.2119968,2,2,1
98958,35/11-5,1787.3639967999998,2,2,1
98959,35/11-5,1787.5159967999998,2,2,1
98960,35/11-5,1787.6679967999999,2,2,1
98961,35/11-5,1787.8199968,2,2,1
98962,35/11-5,1787.9719968,2,2,1
98963,35/11-5,1788.1239967999998,2,2,1
98964,35/11-5,1788.2759967999998,2,2,1
98965,35/11-5,1788.4279967999998,2,2,1
98966,35/11-5,1788.5799968,2,2,1
98967,35/11-5,1788.7319968,2,2,1
98968,35/11-5,1788.8839967999997,2,2,1
98969,35/11-5,1789.0359967999998,2,2,1
98970,35/11-5,1789.1879967999998,2,2,1
98971,35/11-5,1789.3399967999999,2,2,1
98972,35/11-5,1789.4919968,2,2,1
98973,35/11-5,1789.6439967999997,2,2,1
98974,35/11-5,1789.7959967999998,2,2,1
98975,35/11-5,1789.9479967999998,2,2,1
98976,35/11-5,1790.0999967999999,2,2,1
98977,35/11-5,1790.2519968,2,2,1
98978,35/11-5,1790.4039968,2,2,1
98979,35/11-5,1790.5559967999998,2,2,1
98980,35/11-5,1790.7079967999998,2,2,1
98981,35/11-5,1790.8599967999999,2,2,1
98982,35/11-5,1791.0119968,2,2,1
98983,35/11-5,1791.1639968,2,2,1
98984,35/11-5,1791.3159967999998,2,2,1
98985,35/11-5,1791.4679967999998,2,2,1
98986,35/11-5,1791.6199967999999,2,2,1
98987,35/11-5,1791.7719968,2,2,1
98988,35/11-5,1791.9239968,2,2,1
98989,35/11-5,1792.0759967999998,2,2,1
98990,35/11-5,1792.2279967999998,2,2,1
98991,35/11-5,1792.3799967999998,2,2,1
98992,35/11-5,1792.5319968,2,2,1
98993,35/11-5,1792.6839968,2,2,1
98994,35/11-5,1792.8359967999997,2,2,1
98995,35/11-5,1792.9879967999998,2,2,1
98996,35/11-5,1793.1399967999998,2,2,1
98997,35/11-5,1793.2919967999999,2,2,1
98998,35/11-5,1793.4439968,2,2,1
98999,35/11-5,1793.5959967999997,2,2,1
99000,35/11-5,1793.7479967999998,2,2,1
99001,35/11-5,1793.8999967999998,2,2,1
99002,35/11-5,1794.0519967999999,2,2,1
99003,35/11-5,1794.2039968,2,2,1
99004,35/11-5,1794.3559968,2,2,1
99005,35/11-5,1794.5079967999998,2,2,1
99006,35/11-5,1794.6599967999998,2,2,1
99007,35/11-5,1794.8119967999999,2,2,1
99008,35/11-5,1794.9639968,2,2,1
99009,35/11-5,1795.1159968,2,2,1
99010,35/11-5,1795.2679967999998,2,2,1
99011,35/11-5,1795.4199967999998,2,2,1
99012,35/11-5,1795.5719967999999,2,2,1
99013,35/11-5,1795.7239968,2,2,1
99014,35/11-5,1795.8759968,2,2,1
99015,35/11-5,1796.0279967999998,2,2,1
99016,35/11-5,1796.1799967999998,2,2,1
99017,35/11-5,1796.3319967999998,2,2,1
99018,35/11-5,1796.4839967999999,2,2,1
99019,35/11-5,1796.6359968,2,2,1
99020,35/11-5,1796.7879967999997,2,2,1
99021,35/11-5,1796.9399967999998,2,2,1
99022,35/11-5,1797.0919967999998,2,2,1
99023,35/11-5,1797.2439967999999,2,2,1
99024,35/11-5,1797.3959968,2,2,1
99025,35/11-5,1797.5479967999997,2,2,1
99026,35/11-5,1797.6999967999998,2,2,1
99027,35/11-5,1797.8519967999998,2,2,1
99028,35/11-5,1798.0039967999999,2,2,1
99029,35/11-5,1798.1559968,2,2,1
99030,35/11-5,1798.3079968,2,2,1
99031,35/11-5,1798.4599967999998,2,2,1
99032,35/11-5,1798.6119967999998,2,2,1
99033,35/11-5,1798.7639967999999,2,2,1
99034,35/11-5,1798.9159968,2,2,1
99035,35/11-5,1799.0679968,2,2,1
99036,35/11-5,1799.2199967999998,2,2,1
99037,35/11-5,1799.3719967999998,2,2,1
99038,35/11-5,1799.5239967999998,2,2,1
99039,35/11-5,1799.6759968,2,2,1
99040,35/11-5,1799.8279968,2,2,1
99041,35/11-5,1799.9799967999998,2,2,1
99042,35/11-5,1800.1319967999998,2,2,1
99043,35/11-5,1800.2839967999998,2,2,1
99044,35/11-5,1800.4359967999999,2,2,1
99045,35/11-5,1800.5879968,2,2,1
99046,35/11-5,1800.7399967999997,2,2,1
99047,35/11-5,1800.8919967999998,2,2,1
99048,35/11-5,1801.0439967999998,2,2,1
99049,35/11-5,1801.1959967999999,2,2,1
99050,35/11-5,1801.3479968,2,2,1
99051,35/11-5,1801.4999967999997,2,2,1
99052,35/11-5,1801.6519967999998,2,2,1
99053,35/11-5,1801.8039967999998,2,2,1
99054,35/11-5,1801.9559967999999,2,2,1
99055,35/11-5,1802.1079968,2,2,1
99056,35/11-5,1802.2599968,2,2,1
99057,35/11-5,1802.4119967999998,2,2,1
99058,35/11-5,1802.5639967999998,2,2,1
99059,35/11-5,1802.7159967999999,2,2,1
99060,35/11-5,1802.8679968,2,2,1
99061,35/11-5,1803.0199968,2,2,1
99062,35/11-5,1803.1719967999998,2,2,1
99063,35/11-5,1803.3239967999998,2,2,1
99064,35/11-5,1803.4759967999998,2,2,1
99065,35/11-5,1803.6279968,2,2,1
99066,35/11-5,1803.7799968,2,2,1
99067,35/11-5,1803.9319967999998,2,2,1
99068,35/11-5,1804.0839967999998,2,2,1
99069,35/11-5,1804.2359967999998,2,2,1
99070,35/11-5,1804.3879967999999,2,2,1
99071,35/11-5,1804.5399968,2,2,1
99072,35/11-5,1804.6919967999997,2,2,1
99073,35/11-5,1804.8439967999998,2,2,1
99074,35/11-5,1804.9959967999998,2,2,1
99075,35/11-5,1805.1479967999999,2,2,1
99076,35/11-5,1805.2999968,2,2,1
99077,35/11-5,1805.4519968,2,2,1
99078,35/11-5,1805.6039967999998,2,2,1
99079,35/11-5,1805.7559967999998,2,2,1
99080,35/11-5,1805.9079967999999,2,2,1
99081,35/11-5,1806.0599968,2,2,1
99082,35/11-5,1806.2119968,2,2,1
99083,35/11-5,1806.3639967999998,2,2,1
99084,35/11-5,1806.5159967999998,2,2,1
99085,35/11-5,1806.6679967999999,2,2,1
99086,35/11-5,1806.8199968,2,2,1
99087,35/11-5,1806.9719968,2,2,1
99088,35/11-5,1807.1239967999998,2,2,1
99089,35/11-5,1807.2759967999998,2,2,1
99090,35/11-5,1807.4279967999998,2,2,1
99091,35/11-5,1807.5799968,2,2,1
99092,35/11-5,1807.7319968,2,2,1
99093,35/11-5,1807.8839967999997,2,2,1
99094,35/11-5,1808.0359967999998,2,2,1
99095,35/11-5,1808.1879967999998,2,2,1
99096,35/11-5,1808.3399967999999,2,2,1
99097,35/11-5,1808.4919968,2,2,1
99098,35/11-5,1808.6439967999997,2,2,1
99099,35/11-5,1808.7959967999998,2,2,1
99100,35/11-5,1808.9479967999998,2,2,1
99101,35/11-5,1809.0999967999999,2,2,1
99102,35/11-5,1809.2519968,2,2,1
99103,35/11-5,1809.4039968,2,2,1
99104,35/11-5,1809.5559967999998,2,2,1
99105,35/11-5,1809.7079967999998,2,2,1
99106,35/11-5,1809.8599967999999,2,2,1
99107,35/11-5,1810.0119968,2,2,1
99108,35/11-5,1810.1639968,2,2,1
99109,35/11-5,1810.3159967999998,2,2,1
99110,35/11-5,1810.4679967999998,2,2,1
99111,35/11-5,1810.6199967999999,2,2,1
99112,35/11-5,1810.7719968,2,2,1
99113,35/11-5,1810.9239968,2,2,1
99114,35/11-5,1811.0759967999998,2,2,1
99115,35/11-5,1811.2279967999998,2,2,1
99116,35/11-5,1811.3799967999998,2,2,1
99117,35/11-5,1811.5319968,2,2,1
99118,35/11-5,1811.6839968,2,2,1
99119,35/11-5,1811.8359967999997,2,2,1
99120,35/11-5,1811.9879967999998,2,2,1
99121,35/11-5,1812.1399967999998,2,2,1
99122,35/11-5,1812.2919967999999,2,2,1
99123,35/11-5,1812.4439968,2,2,1
99124,35/11-5,1812.5959967999997,2,2,1
99125,35/11-5,1812.7479967999998,2,2,1
99126,35/11-5,1812.8999967999998,2,2,1
99127,35/11-5,1813.0519967999999,2,2,1
99128,35/11-5,1813.2039968,2,2,1
99129,35/11-5,1813.3559968,2,2,1
99130,35/11-5,1813.5079967999998,2,2,1
99131,35/11-5,1813.6599967999998,2,2,1
99132,35/11-5,1813.8119967999999,2,2,1
99133,35/11-5,1813.9639968,2,2,1
99134,35/11-5,1814.1159968,2,2,1
99135,35/11-5,1814.2679967999998,2,2,1
99136,35/11-5,1814.4199967999998,2,2,1
99137,35/11-5,1814.5719967999999,2,2,1
99138,35/11-5,1814.7239968,2,2,1
99139,35/11-5,1814.8759968,2,2,1
99140,35/11-5,1815.0279967999998,2,2,1
99141,35/11-5,1815.1799967999998,2,2,1
99142,35/11-5,1815.3319967999998,2,2,1
99143,35/11-5,1815.4839967999999,2,2,1
99144,35/11-5,1815.6359968,2,2,1
99145,35/11-5,1815.7879967999997,2,2,1
99146,35/11-5,1815.9399967999998,2,2,1
99147,35/11-5,1816.0919967999998,2,2,1
99148,35/11-5,1816.2439967999999,2,2,1
99149,35/11-5,1816.3959968,2,2,1
99150,35/11-5,1816.5479967999997,2,2,1
99151,35/11-5,1816.6999967999998,2,2,1
99152,35/11-5,1816.8519967999998,2,2,1
99153,35/11-5,1817.0039967999999,2,2,1
99154,35/11-5,1817.1559968,2,2,1
99155,35/11-5,1817.3079968,2,2,1
99156,35/11-5,1817.4599967999998,2,2,1
99157,35/11-5,1817.6119967999998,2,2,1
99158,35/11-5,1817.7639967999999,2,2,1
99159,35/11-5,1817.9159968,2,2,1
99160,35/11-5,1818.0679968,2,2,1
99161,35/11-5,1818.2199967999998,2,2,1
99162,35/11-5,1818.3719967999998,2,2,1
99163,35/11-5,1818.5239967999998,2,2,1
99164,35/11-5,1818.6759968,2,2,1
99165,35/11-5,1818.8279968,2,2,1
99166,35/11-5,1818.9799967999998,2,2,1
99167,35/11-5,1819.1319967999998,2,2,1
99168,35/11-5,1819.2839967999998,2,2,1
99169,35/11-5,1819.4359967999999,2,2,1
99170,35/11-5,1819.5879968,2,2,1
99171,35/11-5,1819.7399967999997,2,2,1
99172,35/11-5,1819.8919967999998,2,2,1
99173,35/11-5,1820.0439967999998,2,2,1
99174,35/11-5,1820.1959967999999,2,2,1
99175,35/11-5,1820.3479968,2,2,1
99176,35/11-5,1820.4999967999997,2,2,1
99177,35/11-5,1820.6519967999998,2,2,1
99178,35/11-5,1820.8039967999998,2,2,1
99179,35/11-5,1820.9559967999999,2,2,1
99180,35/11-5,1821.1079968,2,2,1
99181,35/11-5,1821.2599968,2,2,1
99182,35/11-5,1821.4119967999998,2,2,1
99183,35/11-5,1821.5639967999998,2,2,1
99184,35/11-5,1821.7159967999999,2,2,1
99185,35/11-5,1821.8679968,2,2,1
99186,35/11-5,1822.0199968,2,2,1
99187,35/11-5,1822.1719967999998,2,2,1
99188,35/11-5,1822.3239967999998,2,2,1
99189,35/11-5,1822.4759967999998,2,2,1
99190,35/11-5,1822.6279968,2,2,1
99191,35/11-5,1822.7799968,2,2,1
99192,35/11-5,1822.9319967999998,2,2,1
99193,35/11-5,1823.0839967999998,2,2,1
99194,35/11-5,1823.2359967999998,2,2,1
99195,35/11-5,1823.3879967999999,2,2,1
99196,35/11-5,1823.5399968,2,2,1
99197,35/11-5,1823.6919967999997,2,2,1
99198,35/11-5,1823.8439967999998,2,2,1
99199,35/11-5,1823.9959967999998,2,2,1
99200,35/11-5,1824.1479967999999,2,2,1
99201,35/11-5,1824.2999968,2,2,1
99202,35/11-5,1824.4519968,2,2,1
99203,35/11-5,1824.6039967999998,2,2,1
99204,35/11-5,1824.7559967999998,2,2,1
99205,35/11-5,1824.9079967999999,2,2,1
99206,35/11-5,1825.0599968,2,2,1
99207,35/11-5,1825.2119968,2,2,1
99208,35/11-5,1825.3639967999998,2,2,1
99209,35/11-5,1825.5159967999998,2,2,1
99210,35/11-5,1825.6679967999999,2,2,1
99211,35/11-5,1825.8199968,2,2,1
99212,35/11-5,1825.9719968,2,2,1
99213,35/11-5,1826.1239967999998,2,2,1
99214,35/11-5,1826.2759967999998,2,2,1
99215,35/11-5,1826.4279967999998,2,2,1
99216,35/11-5,1826.5799968,2,2,1
99217,35/11-5,1826.7319968,2,2,1
99218,35/11-5,1826.8839967999997,2,2,1
99219,35/11-5,1827.0359967999998,2,2,1
99220,35/11-5,1827.1879967999998,2,2,1
99221,35/11-5,1827.3399967999999,2,2,1
99222,35/11-5,1827.4919968,2,2,1
99223,35/11-5,1827.6439967999997,2,2,1
99224,35/11-5,1827.7959967999998,2,2,1
99225,35/11-5,1827.9479967999998,2,2,1
99226,35/11-5,1828.0999967999999,2,2,1
99227,35/11-5,1828.2519968,2,2,1
99228,35/11-5,1828.4039968,2,2,1
99229,35/11-5,1828.5559967999998,2,2,1
99230,35/11-5,1828.7079967999998,2,2,1
99231,35/11-5,1828.8599967999999,2,2,1
99232,35/11-5,1829.0119968,2,2,1
99233,35/11-5,1829.1639968,2,2,1
99234,35/11-5,1829.3159967999998,2,2,1
99235,35/11-5,1829.4679967999998,2,2,1
99236,35/11-5,1829.6199967999999,2,2,1
99237,35/11-5,1829.7719968,2,2,1
99238,35/11-5,1829.9239968,2,2,1
99239,35/11-5,1830.0759967999998,2,2,1
99240,35/11-5,1830.2279967999998,2,2,1
99241,35/11-5,1830.3799967999998,2,2,1
99242,35/11-5,1830.5319968,2,2,1
99243,35/11-5,1830.6839968,2,2,1
99244,35/11-5,1830.8359967999997,2,2,1
99245,35/11-5,1830.9879967999998,2,2,1
99246,35/11-5,1831.1399967999998,2,2,1
99247,35/11-5,1831.2919967999999,2,2,1
99248,35/11-5,1831.4439968,2,2,1
99249,35/11-5,1831.5959967999997,2,2,1
99250,35/11-5,1831.7479967999998,2,2,1
99251,35/11-5,1831.8999967999998,2,2,1
99252,35/11-5,1832.0519967999999,2,2,1
99253,35/11-5,1832.2039968,2,2,1
99254,35/11-5,1832.3559968,2,2,1
99255,35/11-5,1832.5079967999998,2,2,1
99256,35/11-5,1832.6599967999998,2,2,1
99257,35/11-5,1832.8119967999999,2,2,1
99258,35/11-5,1832.9639968,2,2,1
99259,35/11-5,1833.1159968,2,2,1
99260,35/11-5,1833.2679967999998,2,2,1
99261,35/11-5,1833.4199967999998,2,2,1
99262,35/11-5,1833.5719967999999,2,2,1
99263,35/11-5,1833.7239968,2,2,1
99264,35/11-5,1833.8759968,2,2,1
99265,35/11-5,1834.0279967999998,2,2,1
99266,35/11-5,1834.1799967999998,2,2,1
99267,35/11-5,1834.3319967999998,2,2,1
99268,35/11-5,1834.4839967999999,2,2,1
99269,35/11-5,1834.6359968,2,2,1
99270,35/11-5,1834.7879967999997,2,2,1
99271,35/11-5,1834.9399967999998,2,2,1
99272,35/11-5,1835.0919967999998,2,2,1
99273,35/11-5,1835.2439967999999,2,2,1
99274,35/11-5,1835.3959968,2,2,1
99275,35/11-5,1835.5479967999997,2,2,1
99276,35/11-5,1835.6999967999998,2,2,1
99277,35/11-5,1835.8519967999998,2,2,1
99278,35/11-5,1836.0039967999999,2,2,1
99279,35/11-5,1836.1559968,2,2,1
99280,35/11-5,1836.3079968,2,2,1
99281,35/11-5,1836.4599967999998,2,2,1
99282,35/11-5,1836.6119967999998,2,2,1
99283,35/11-5,1836.7639967999999,2,2,1
99284,35/11-5,1836.9159968,2,2,1
99285,35/11-5,1837.0679968,2,2,1
99286,35/11-5,1837.2199967999998,2,2,1
99287,35/11-5,1837.3719967999998,2,2,1
99288,35/11-5,1837.5239967999998,2,2,1
99289,35/11-5,1837.6759968,2,2,1
99290,35/11-5,1837.8279968,2,2,1
99291,35/11-5,1837.9799967999998,2,2,1
99292,35/11-5,1838.1319967999998,2,2,1
99293,35/11-5,1838.2839967999998,5,2,0
99294,35/11-5,1838.4359967999999,5,2,0
99295,35/11-5,1838.5879968,5,2,0
99296,35/11-5,1838.7399967999997,5,2,0
99297,35/11-5,1838.8919967999998,5,2,0
99298,35/11-5,1839.0439967999998,2,2,1
99299,35/11-5,1839.1959967999999,2,2,1
99300,35/11-5,1839.3479968,2,2,1
99301,35/11-5,1839.4999967999997,2,2,1
99302,35/11-5,1839.6519967999998,2,2,1
99303,35/11-5,1839.8039967999998,2,2,1
99304,35/11-5,1839.9559967999999,2,2,1
99305,35/11-5,1840.1079968,2,2,1
99306,35/11-5,1840.2599968,2,2,1
99307,35/11-5,1840.4119967999998,2,2,1
99308,35/11-5,1840.5639967999998,2,2,1
99309,35/11-5,1840.7159967999999,2,2,1
99310,35/11-5,1840.8679968,2,2,1
99311,35/11-5,1841.0199968,2,2,1
99312,35/11-5,1841.1719967999998,2,2,1
99313,35/11-5,1841.3239967999998,2,2,1
99314,35/11-5,1841.4759967999998,2,2,1
99315,35/11-5,1841.6279968,2,2,1
99316,35/11-5,1841.7799968,2,2,1
99317,35/11-5,1841.9319967999998,2,2,1
99318,35/11-5,1842.0839967999998,2,2,1
99319,35/11-5,1842.2359967999998,2,2,1
99320,35/11-5,1842.3879967999999,2,2,1
99321,35/11-5,1842.5399968,2,2,1
99322,35/11-5,1842.6919967999997,2,2,1
99323,35/11-5,1842.8439967999998,2,2,1
99324,35/11-5,1842.9959967999998,2,2,1
99325,35/11-5,1843.1479967999999,2,2,1
99326,35/11-5,1843.2999968,2,2,1
99327,35/11-5,1843.4519968,2,2,1
99328,35/11-5,1843.6039967999998,2,2,1
99329,35/11-5,1843.7559967999998,2,2,1
99330,35/11-5,1843.9079967999999,2,2,1
99331,35/11-5,1844.0599968,2,2,1
99332,35/11-5,1844.2119968,2,2,1
99333,35/11-5,1844.3639967999998,2,2,1
99334,35/11-5,1844.5159967999998,2,2,1
99335,35/11-5,1844.6679967999999,2,2,1
99336,35/11-5,1844.8199968,2,2,1
99337,35/11-5,1844.9719968,2,2,1
99338,35/11-5,1845.1239967999998,2,2,1
99339,35/11-5,1845.2759967999998,2,2,1
99340,35/11-5,1845.4279967999998,2,2,1
99341,35/11-5,1845.5799968,2,2,1
99342,35/11-5,1845.7319968,2,2,1
99343,35/11-5,1845.8839967999997,2,2,1
99344,35/11-5,1846.0359967999998,2,2,1
99345,35/11-5,1846.1879967999998,2,2,1
99346,35/11-5,1846.3399967999999,2,2,1
99347,35/11-5,1846.4919968,2,2,1
99348,35/11-5,1846.6439967999997,2,2,1
99349,35/11-5,1846.7959967999998,2,2,1
99350,35/11-5,1846.9479967999998,2,2,1
99351,35/11-5,1847.0999967999999,2,2,1
99352,35/11-5,1847.2519968,2,2,1
99353,35/11-5,1847.4039968,2,2,1
99354,35/11-5,1847.5559967999998,2,2,1
99355,35/11-5,1847.7079967999998,2,2,1
99356,35/11-5,1847.8599967999999,2,2,1
99357,35/11-5,1848.0119968,2,2,1
99358,35/11-5,1848.1639968,2,2,1
99359,35/11-5,1848.3159967999998,2,2,1
99360,35/11-5,1848.4679967999998,2,2,1
99361,35/11-5,1848.6199967999999,2,2,1
99362,35/11-5,1848.7719968,2,2,1
99363,35/11-5,1848.9239968,2,2,1
99364,35/11-5,1849.0759967999998,2,2,1
99365,35/11-5,1849.2279967999998,2,2,1
99366,35/11-5,1849.3799967999998,2,2,1
99367,35/11-5,1849.5319968,2,2,1
99368,35/11-5,1849.6839968,2,2,1
99369,35/11-5,1849.8359967999997,2,2,1
99370,35/11-5,1849.9879967999998,2,2,1
99371,35/11-5,1850.1399967999998,2,2,1
99372,35/11-5,1850.2919967999999,2,2,1
99373,35/11-5,1850.4439968,2,2,1
99374,35/11-5,1850.5959967999997,2,2,1
99375,35/11-5,1850.7479967999998,2,2,1
99376,35/11-5,1850.8999967999998,2,2,1
99377,35/11-5,1851.0519967999999,2,2,1
99378,35/11-5,1851.2039968,2,2,1
99379,35/11-5,1851.3559968,2,2,1
99380,35/11-5,1851.5079967999998,2,2,1
99381,35/11-5,1851.6599967999998,2,2,1
99382,35/11-5,1851.8119967999999,2,2,1
99383,35/11-5,1851.9639968,2,2,1
99384,35/11-5,1852.1159968,2,2,1
99385,35/11-5,1852.2679967999998,2,2,1
99386,35/11-5,1852.4199967999998,2,2,1
99387,35/11-5,1852.5719967999999,2,2,1
99388,35/11-5,1852.7239968,2,2,1
99389,35/11-5,1852.8759968,2,2,1
99390,35/11-5,1853.0279967999998,2,2,1
99391,35/11-5,1853.1799967999998,2,2,1
99392,35/11-5,1853.3319967999998,2,2,1
99393,35/11-5,1853.4839967999999,2,2,1
99394,35/11-5,1853.6359968,2,2,1
99395,35/11-5,1853.7879967999997,0,2,0
99396,35/11-5,1853.9399967999998,0,2,0
99397,35/11-5,1854.0919967999998,0,2,0
99398,35/11-5,1854.2439967999999,0,2,0
99399,35/11-5,1854.3959968,0,2,0
99400,35/11-5,1854.5479967999997,0,2,0
99401,35/11-5,1854.6999967999998,0,2,0
99402,35/11-5,1854.8519967999998,0,2,0
99403,35/11-5,1855.0039967999999,0,2,0
99404,35/11-5,1855.1559968,0,2,0
99405,35/11-5,1855.3079968,0,2,0
99406,35/11-5,1855.4599967999998,0,2,0
99407,35/11-5,1855.6119967999998,0,2,0
99408,35/11-5,1855.7639967999999,0,2,0
99409,35/11-5,1855.9159968,0,2,0
99410,35/11-5,1856.0679968,0,2,0
99411,35/11-5,1856.2199967999998,0,2,0
99412,35/11-5,1856.3719967999998,0,2,0
99413,35/11-5,1856.5239967999998,0,2,0
99414,35/11-5,1856.6759968,0,2,0
99415,35/11-5,1856.8279968,0,2,0
99416,35/11-5,1856.9799967999998,0,2,0
99417,35/11-5,1857.1319967999998,0,2,0
99418,35/11-5,1857.2839967999998,0,2,0
99419,35/11-5,1857.4359967999999,0,2,0
99420,35/11-5,1857.5879968,0,2,0
99421,35/11-5,1857.7399967999997,0,2,0
99422,35/11-5,1857.8919967999998,0,2,0
99423,35/11-5,1858.0439967999998,0,2,0
99424,35/11-5,1858.1959967999999,0,2,0
99425,35/11-5,1858.3479968,0,2,0
99426,35/11-5,1858.4999967999997,0,2,0
99427,35/11-5,1858.6519967999998,0,2,0
99428,35/11-5,1858.8039967999998,0,2,0
99429,35/11-5,1858.9559967999999,0,2,0
99430,35/11-5,1859.1079968,0,2,0
99431,35/11-5,1859.2599968,0,2,0
99432,35/11-5,1859.4119967999998,0,2,0
99433,35/11-5,1859.5639967999998,0,2,0
99434,35/11-5,1859.7159967999999,0,2,0
99435,35/11-5,1859.8679968,0,2,0
99436,35/11-5,1860.0199968,0,2,0
99437,35/11-5,1860.1719967999998,0,2,0
99438,35/11-5,1860.3239967999998,0,2,0
99439,35/11-5,1860.4759967999998,0,2,0
99440,35/11-5,1860.6279968,0,2,0
99441,35/11-5,1860.7799968,0,2,0
99442,35/11-5,1860.9319967999998,0,2,0
99443,35/11-5,1861.0839967999998,0,2,0
99444,35/11-5,1861.2359967999998,0,2,0
99445,35/11-5,1861.3879967999999,0,2,0
99446,35/11-5,1861.5399968,0,2,0
99447,35/11-5,1861.6919967999997,0,2,0
99448,35/11-5,1861.8439967999998,0,2,0
99449,35/11-5,1861.9959967999998,0,2,0
99450,35/11-5,1862.1479967999999,0,2,0
99451,35/11-5,1862.2999968,0,2,0
99452,35/11-5,1862.4519968,0,2,0
99453,35/11-5,1862.6039967999998,0,2,0
99454,35/11-5,1862.7559967999998,0,2,0
99455,35/11-5,1862.9079967999999,0,2,0
99456,35/11-5,1863.0599968,0,2,0
99457,35/11-5,1863.2119968,0,2,0
99458,35/11-5,1863.3639967999998,0,2,0
99459,35/11-5,1863.5159967999998,0,2,0
99460,35/11-5,1863.6679967999999,0,2,0
99461,35/11-5,1863.8199968,0,2,0
99462,35/11-5,1863.9719968,0,2,0
99463,35/11-5,1864.1239967999998,0,2,0
99464,35/11-5,1864.2759967999998,0,2,0
99465,35/11-5,1864.4279967999998,0,2,0
99466,35/11-5,1864.5799968,0,2,0
99467,35/11-5,1864.7319968,0,2,0
99468,35/11-5,1864.8839967999997,0,2,0
99469,35/11-5,1865.0359967999998,0,2,0
99470,35/11-5,1865.1879967999998,0,2,0
99471,35/11-5,1865.3399967999999,0,2,0
99472,35/11-5,1865.4919968,0,2,0
99473,35/11-5,1865.6439967999997,0,2,0
99474,35/11-5,1865.7959967999998,0,2,0
99475,35/11-5,1865.9479967999998,0,2,0
99476,35/11-5,1866.0999967999999,0,2,0
99477,35/11-5,1866.2519968,0,2,0
99478,35/11-5,1866.4039968,0,2,0
99479,35/11-5,1866.5559967999998,0,2,0
99480,35/11-5,1866.7079967999998,0,2,0
99481,35/11-5,1866.8599967999999,0,2,0
99482,35/11-5,1867.0119968,0,2,0
99483,35/11-5,1867.1639968,0,2,0
99484,35/11-5,1867.3159967999998,0,2,0
99485,35/11-5,1867.4679967999998,0,2,0
99486,35/11-5,1867.6199967999999,0,2,0
99487,35/11-5,1867.7719968,0,2,0
99488,35/11-5,1867.9239968,0,2,0
99489,35/11-5,1868.0759967999998,0,2,0
99490,35/11-5,1868.2279967999998,0,2,0
99491,35/11-5,1868.3799967999998,0,2,0
99492,35/11-5,1868.5319968,0,2,0
99493,35/11-5,1868.6839968,0,2,0
99494,35/11-5,1868.8359967999997,0,2,0
99495,35/11-5,1868.9879967999998,0,2,0
99496,35/11-5,1869.1399967999998,0,2,0
99497,35/11-5,1869.2919967999999,0,2,0
99498,35/11-5,1869.4439968,0,2,0
99499,35/11-5,1869.5959967999997,0,2,0
99500,35/11-5,1869.7479967999998,0,2,0
99501,35/11-5,1869.8999967999998,0,2,0
99502,35/11-5,1870.0519967999999,0,2,0
99503,35/11-5,1870.2039968,0,2,0
99504,35/11-5,1870.3559968,0,2,0
99505,35/11-5,1870.5079967999998,0,2,0
99506,35/11-5,1870.6599967999998,0,2,0
99507,35/11-5,1870.8119967999999,0,2,0
99508,35/11-5,1870.9639968,0,2,0
99509,35/11-5,1871.1159968,0,2,0
99510,35/11-5,1871.2679967999998,0,2,0
99511,35/11-5,1871.4199967999998,0,2,0
99512,35/11-5,1871.5719967999999,0,2,0
99513,35/11-5,1871.7239968,0,2,0
99514,35/11-5,1871.8759968,0,2,0
99515,35/11-5,1872.0279967999998,0,2,0
99516,35/11-5,1872.1799967999998,0,2,0
99517,35/11-5,1872.3319967999998,0,2,0
99518,35/11-5,1872.4839967999999,0,2,0
99519,35/11-5,1872.6359968,0,2,0
99520,35/11-5,1872.7879967999997,0,2,0
99521,35/11-5,1872.9399967999998,0,2,0
99522,35/11-5,1873.0919967999998,0,2,0
99523,35/11-5,1873.2439967999999,0,2,0
99524,35/11-5,1873.3959968,0,2,0
99525,35/11-5,1873.5479967999997,0,2,0
99526,35/11-5,1873.6999967999998,0,2,0
99527,35/11-5,1873.8519967999998,0,2,0
99528,35/11-5,1874.0039967999999,0,2,0
99529,35/11-5,1874.1559968,0,2,0
99530,35/11-5,1874.3079968,0,2,0
99531,35/11-5,1874.4599967999998,0,2,0
99532,35/11-5,1874.6119967999998,0,2,0
99533,35/11-5,1874.7639967999999,0,2,0
99534,35/11-5,1874.9159968,0,2,0
99535,35/11-5,1875.0679968,0,2,0
99536,35/11-5,1875.2199967999998,0,2,0
99537,35/11-5,1875.3719967999998,0,2,0
99538,35/11-5,1875.5239967999998,0,2,0
99539,35/11-5,1875.6759968,0,2,0
99540,35/11-5,1875.8279968,0,2,0
99541,35/11-5,1875.9799967999998,0,2,0
99542,35/11-5,1876.1319967999998,0,2,0
99543,35/11-5,1876.2839967999998,0,2,0
99544,35/11-5,1876.4359967999999,0,2,0
99545,35/11-5,1876.5879968,0,2,0
99546,35/11-5,1876.7399967999997,0,2,0
99547,35/11-5,1876.8919967999998,0,2,0
99548,35/11-5,1877.0439967999998,0,2,0
99549,35/11-5,1877.1959967999999,0,2,0
99550,35/11-5,1877.3479968,0,2,0
99551,35/11-5,1877.4999967999997,0,2,0
99552,35/11-5,1877.6519967999998,0,2,0
99553,35/11-5,1877.8039967999998,0,2,0
99554,35/11-5,1877.9559967999999,0,2,0
99555,35/11-5,1878.1079968,0,2,0
99556,35/11-5,1878.2599968,0,2,0
99557,35/11-5,1878.4119967999998,0,2,0
99558,35/11-5,1878.5639967999998,0,2,0
99559,35/11-5,1878.7159967999999,0,2,0
99560,35/11-5,1878.8679968,0,2,0
99561,35/11-5,1879.0199968,0,2,0
99562,35/11-5,1879.1719967999998,0,2,0
99563,35/11-5,1879.3239967999998,0,2,0
99564,35/11-5,1879.4759967999998,0,2,0
99565,35/11-5,1879.6279968,0,2,0
99566,35/11-5,1879.7799968,0,2,0
99567,35/11-5,1879.9319967999998,0,2,0
99568,35/11-5,1880.0839967999998,0,2,0
99569,35/11-5,1880.2359967999998,0,2,0
99570,35/11-5,1880.3879967999999,0,2,0
99571,35/11-5,1880.5399968,0,2,0
99572,35/11-5,1880.6919967999997,0,2,0
99573,35/11-5,1880.8439967999998,0,2,0
99574,35/11-5,1880.9959967999998,0,2,0
99575,35/11-5,1881.1479967999999,0,2,0
99576,35/11-5,1881.2999968,0,2,0
99577,35/11-5,1881.4519968,0,2,0
99578,35/11-5,1881.6039967999998,0,2,0
99579,35/11-5,1881.7559967999998,0,2,0
99580,35/11-5,1881.9079967999999,0,2,0
99581,35/11-5,1882.0599968,0,2,0
99582,35/11-5,1882.2119968,0,2,0
99583,35/11-5,1882.3639967999998,0,2,0
99584,35/11-5,1882.5159967999998,0,2,0
99585,35/11-5,1882.6679967999999,0,2,0
99586,35/11-5,1882.8199968,0,2,0
99587,35/11-5,1882.9719968,0,2,0
99588,35/11-5,1883.1239967999998,0,2,0
99589,35/11-5,1883.2759967999998,0,2,0
99590,35/11-5,1883.4279967999998,0,2,0
99591,35/11-5,1883.5799968,0,2,0
99592,35/11-5,1883.7319968,0,2,0
99593,35/11-5,1883.8839967999997,0,2,0
99594,35/11-5,1884.0359967999998,0,2,0
99595,35/11-5,1884.1879967999998,0,2,0
99596,35/11-5,1884.3399967999999,0,2,0
99597,35/11-5,1884.4919968,0,2,0
99598,35/11-5,1884.6439967999997,0,2,0
99599,35/11-5,1884.7959967999998,0,2,0
99600,35/11-5,1884.9479967999998,0,2,0
99601,35/11-5,1885.0999967999999,0,2,0
99602,35/11-5,1885.2519968,0,2,0
99603,35/11-5,1885.4039968,0,2,0
99604,35/11-5,1885.5559967999998,0,2,0
99605,35/11-5,1885.7079967999998,0,2,0
99606,35/11-5,1885.8599967999999,0,2,0
99607,35/11-5,1886.0119968,0,2,0
99608,35/11-5,1886.1639968,0,2,0
99609,35/11-5,1886.3159967999998,0,2,0
99610,35/11-5,1886.4679967999998,0,2,0
99611,35/11-5,1886.6199967999999,0,2,0
99612,35/11-5,1886.7719968,0,2,0
99613,35/11-5,1886.9239968,0,2,0
99614,35/11-5,1887.0759967999998,0,2,0
99615,35/11-5,1887.2279967999998,0,2,0
99616,35/11-5,1887.3799967999998,0,5,0
99617,35/11-5,1887.5319968,0,2,0
99618,35/11-5,1887.6839968,0,2,0
99619,35/11-5,1887.8359967999997,0,2,0
99620,35/11-5,1888.1399967999998,2,2,1
99621,35/11-5,1888.2919967999999,2,2,1
99622,35/11-5,1888.4439968,2,2,1
99623,35/11-5,1888.5959967999997,2,2,1
99624,35/11-5,1888.7479967999998,2,2,1
99625,35/11-5,1888.8999967999998,2,2,1
99626,35/11-5,1889.0519967999999,2,2,1
99627,35/11-5,1889.2039968,2,2,1
99628,35/11-5,1889.3559968,2,2,1
99629,35/11-5,1889.5079967999998,2,2,1
99630,35/11-5,1889.6599967999998,2,2,1
99631,35/11-5,1889.8119967999999,2,2,1
99632,35/11-5,1889.9639968,2,2,1
99633,35/11-5,1890.1159968,2,2,1
99634,35/11-5,1890.2679967999998,2,2,1
99635,35/11-5,1890.4199967999998,2,2,1
99636,35/11-5,1890.5719967999999,2,2,1
99637,35/11-5,1890.7239968,2,2,1
99638,35/11-5,1890.8759968,2,2,1
99639,35/11-5,1891.0279967999998,2,2,1
99640,35/11-5,1891.1799967999998,2,2,1
99641,35/11-5,1891.3319967999998,2,2,1
99642,35/11-5,1891.4839967999999,2,2,1
99643,35/11-5,1891.6359968,2,2,1
99644,35/11-5,1891.7879967999997,2,2,1
99645,35/11-5,1891.9399967999998,2,2,1
99646,35/11-5,1892.0919967999998,2,2,1
99647,35/11-5,1892.2439967999999,2,2,1
99648,35/11-5,1892.3959968,2,2,1
99649,35/11-5,1892.5479967999997,2,2,1
99650,35/11-5,1892.6999967999998,2,2,1
99651,35/11-5,1892.8519967999998,2,2,1
99652,35/11-5,1893.0039967999999,2,2,1
99653,35/11-5,1893.1559968,2,2,1
99654,35/11-5,1893.3079968,2,2,1
99655,35/11-5,1893.4599967999998,2,2,1
99656,35/11-5,1893.6119967999998,2,2,1
99657,35/11-5,1893.7639967999999,2,2,1
99658,35/11-5,1893.9159968,2,2,1
99659,35/11-5,1894.0679968,2,2,1
99660,35/11-5,1894.2199967999998,2,2,1
99661,35/11-5,1894.3719967999998,2,2,1
99662,35/11-5,1894.5239967999998,2,2,1
99663,35/11-5,1894.6759968,2,2,1
99664,35/11-5,1894.8279968,2,2,1
99665,35/11-5,1894.9799967999998,2,2,1
99666,35/11-5,1895.1319967999998,2,2,1
99667,35/11-5,1895.2839967999998,2,2,1
99668,35/11-5,1895.4359967999999,2,2,1
99669,35/11-5,1895.5879968,2,2,1
99670,35/11-5,1895.7399967999997,2,2,1
99671,35/11-5,1895.8919967999998,2,2,1
99672,35/11-5,1896.0439967999998,2,2,1
99673,35/11-5,1896.1959967999999,2,2,1
99674,35/11-5,1896.3479968,2,2,1
99675,35/11-5,1896.4999967999997,2,2,1
99676,35/11-5,1896.6519967999998,2,2,1
99677,35/11-5,1896.8039967999998,2,2,1
99678,35/11-5,1896.9559967999999,2,2,1
99679,35/11-5,1897.1079968,2,2,1
99680,35/11-5,1897.2599968,2,2,1
99681,35/11-5,1897.4119967999998,2,2,1
99682,35/11-5,1897.5639967999998,2,2,1
99683,35/11-5,1897.7159967999999,2,2,1
99684,35/11-5,1897.8679968,2,2,1
99685,35/11-5,1898.0199968,2,2,1
99686,35/11-5,1898.1719967999998,2,2,1
99687,35/11-5,1898.3239967999998,2,2,1
99688,35/11-5,1898.4759967999998,2,2,1
99689,35/11-5,1898.6279968,2,2,1
99690,35/11-5,1898.7799968,2,2,1
99691,35/11-5,1898.9319967999998,2,2,1
99692,35/11-5,1899.0839967999998,2,2,1
99693,35/11-5,1899.2359967999998,2,2,1
99694,35/11-5,1899.3879967999999,2,2,1
99695,35/11-5,1899.5399968,2,2,1
99696,35/11-5,1899.6919967999997,2,2,1
99697,35/11-5,1899.8439967999998,2,2,1
99698,35/11-5,1899.9959967999998,2,2,1
99699,35/11-5,1900.1479967999999,2,2,1
99700,35/11-5,1900.2999968,2,2,1
99701,35/11-5,1900.4519968,2,2,1
99702,35/11-5,1900.6039967999998,2,2,1
99703,35/11-5,1900.7559967999998,2,2,1
99704,35/11-5,1900.9079967999999,2,2,1
99705,35/11-5,1901.0599968,2,2,1
99706,35/11-5,1901.2119968,2,2,1
99707,35/11-5,1901.3639967999998,2,2,1
99708,35/11-5,1901.5159967999998,2,2,1
99709,35/11-5,1901.6679967999999,2,2,1
99710,35/11-5,1901.8199968,2,2,1
99711,35/11-5,1901.9719968,2,2,1
99712,35/11-5,1902.1239967999998,2,2,1
99713,35/11-5,1902.2759967999998,2,2,1
99714,35/11-5,1902.4279967999998,2,2,1
99715,35/11-5,1902.5799968,2,2,1
99716,35/11-5,1902.7319968,2,2,1
99717,35/11-5,1902.8839967999997,2,2,1
99718,35/11-5,1903.0359967999998,2,2,1
99719,35/11-5,1903.1879967999998,2,2,1
99720,35/11-5,1903.3399967999999,2,2,1
99721,35/11-5,1903.4919968,2,2,1
99722,35/11-5,1903.6439967999997,2,2,1
99723,35/11-5,1903.7959967999998,2,2,1
99724,35/11-5,1903.9479967999998,5,2,0
99725,35/11-5,1904.0999967999999,5,2,0
99726,35/11-5,1904.2519968,5,2,0
99727,35/11-5,1904.4039968,5,2,0
99728,35/11-5,1904.5559967999998,5,2,0
99729,35/11-5,1904.7079967999998,5,2,0
99730,35/11-5,1904.8599967999999,2,2,1
99731,35/11-5,1905.0119968,2,2,1
99732,35/11-5,1905.1639968,2,2,1
99733,35/11-5,1905.3159967999998,2,2,1
99734,35/11-5,1905.4679967999998,2,2,1
99735,35/11-5,1905.6199967999999,2,2,1
99736,35/11-5,1905.7719968,2,2,1
99737,35/11-5,1905.9239968,2,2,1
99738,35/11-5,1906.0759967999998,2,2,1
99739,35/11-5,1906.2279967999998,2,2,1
99740,35/11-5,1906.3799967999998,2,2,1
99741,35/11-5,1906.5319968,2,2,1
99742,35/11-5,1906.6839968,2,2,1
99743,35/11-5,1906.8359967999997,2,2,1
99744,35/11-5,1906.9879967999998,2,2,1
99745,35/11-5,1907.1399967999998,2,2,1
99746,35/11-5,1907.2919967999999,2,2,1
99747,35/11-5,1907.4439968,2,2,1
99748,35/11-5,1907.5959967999997,2,2,1
99749,35/11-5,1907.7479967999998,2,2,1
99750,35/11-5,1907.8999967999998,2,2,1
99751,35/11-5,1908.0519967999999,2,2,1
99752,35/11-5,1908.2039968,2,2,1
99753,35/11-5,1908.3559968,2,2,1
99754,35/11-5,1908.5079967999998,2,2,1
99755,35/11-5,1908.6599967999998,2,2,1
99756,35/11-5,1908.8119967999999,2,2,1
99757,35/11-5,1908.9639968,2,2,1
99758,35/11-5,1909.1159968,2,2,1
99759,35/11-5,1909.2679967999998,2,2,1
99760,35/11-5,1909.4199967999998,2,2,1
99761,35/11-5,1909.5719967999999,2,2,1
99762,35/11-5,1909.7239968,2,2,1
99763,35/11-5,1909.8759968,2,2,1
99764,35/11-5,1910.0279967999998,2,2,1
99765,35/11-5,1910.1799967999998,2,2,1
99766,35/11-5,1910.3319967999998,2,2,1
99767,35/11-5,1910.4839967999999,2,2,1
99768,35/11-5,1910.6359968,2,2,1
99769,35/11-5,1910.7879967999997,2,2,1
99770,35/11-5,1910.9399967999998,2,2,1
99771,35/11-5,1911.0919967999998,2,2,1
99772,35/11-5,1911.2439967999999,2,2,1
99773,35/11-5,1911.3959968,2,2,1
99774,35/11-5,1911.5479967999997,2,2,1
99775,35/11-5,1911.6999967999998,2,2,1
99776,35/11-5,1911.8519967999998,2,2,1
99777,35/11-5,1912.0039967999999,2,2,1
99778,35/11-5,1912.1559968,2,2,1
99779,35/11-5,1912.3079968,2,2,1
99780,35/11-5,1912.4599967999998,2,2,1
99781,35/11-5,1912.6119967999998,2,2,1
99782,35/11-5,1912.7639967999999,2,2,1
99783,35/11-5,1912.9159968,2,2,1
99784,35/11-5,1913.0679968,2,2,1
99785,35/11-5,1913.2199967999998,2,2,1
99786,35/11-5,1913.3719967999998,2,2,1
99787,35/11-5,1913.5239967999998,2,2,1
99788,35/11-5,1913.6759968,2,2,1
99789,35/11-5,1913.8279968,2,2,1
99790,35/11-5,1913.9799967999998,2,2,1
99791,35/11-5,1914.1319967999998,2,2,1
99792,35/11-5,1914.2839967999998,2,2,1
99793,35/11-5,1914.4359967999999,2,2,1
99794,35/11-5,1914.5879968,2,2,1
99795,35/11-5,1914.7399967999997,2,2,1
99796,35/11-5,1914.8919967999998,2,2,1
99797,35/11-5,1915.0439967999998,2,2,1
99798,35/11-5,1915.1959967999999,2,2,1
99799,35/11-5,1915.3479968,2,2,1
99800,35/11-5,1915.4999967999997,2,2,1
99801,35/11-5,1915.6519967999998,2,2,1
99802,35/11-5,1915.8039967999998,2,2,1
99803,35/11-5,1915.9559967999999,2,2,1
99804,35/11-5,1916.1079968,2,2,1
99805,35/11-5,1916.2599968,2,2,1
99806,35/11-5,1916.4119967999998,2,2,1
99807,35/11-5,1916.5639967999998,2,2,1
99808,35/11-5,1916.7159967999999,2,2,1
99809,35/11-5,1916.8679968,2,2,1
99810,35/11-5,1917.0199968,2,2,1
99811,35/11-5,1917.1719967999998,2,2,1
99812,35/11-5,1917.3239967999998,2,2,1
99813,35/11-5,1917.4759967999998,2,2,1
99814,35/11-5,1917.6279968,2,2,1
99815,35/11-5,1917.7799968,2,2,1
99816,35/11-5,1917.9319967999998,2,2,1
99817,35/11-5,1918.0839967999998,2,2,1
99818,35/11-5,1918.2359967999998,2,2,1
99819,35/11-5,1918.3879967999999,2,2,1
99820,35/11-5,1918.5399968,2,2,1
99821,35/11-5,1918.6919967999997,2,2,1
99822,35/11-5,1918.8439967999998,2,2,1
99823,35/11-5,1918.9959967999998,2,2,1
99824,35/11-5,1919.1479967999999,2,2,1
99825,35/11-5,1919.2999968,2,2,1
99826,35/11-5,1919.4519968,2,2,1
99827,35/11-5,1919.6039967999998,2,2,1
99828,35/11-5,1919.7559967999998,2,2,1
99829,35/11-5,1919.9079967999999,2,2,1
99830,35/11-5,1920.0599968,2,2,1
99831,35/11-5,1920.2119968,2,2,1
99832,35/11-5,1920.3639967999998,2,2,1
99833,35/11-5,1920.5159967999998,2,2,1
99834,35/11-5,1920.6679967999999,2,2,1
99835,35/11-5,1920.8199968,2,2,1
99836,35/11-5,1920.9719968,2,2,1
99837,35/11-5,1921.1239967999998,2,2,1
99838,35/11-5,1921.2759967999998,2,2,1
99839,35/11-5,1921.4279967999998,2,2,1
99840,35/11-5,1921.5799968,2,2,1
99841,35/11-5,1921.7319968,2,2,1
99842,35/11-5,1921.8839967999997,2,2,1
99843,35/11-5,1922.0359967999998,2,2,1
99844,35/11-5,1922.1879967999998,2,2,1
99845,35/11-5,1922.3399967999999,2,2,1
99846,35/11-5,1922.4919968,2,2,1
99847,35/11-5,1922.6439967999997,2,2,1
99848,35/11-5,1922.7959967999998,5,2,0
99849,35/11-5,1922.9479967999998,5,2,0
99850,35/11-5,1923.0999967999999,5,2,0
99851,35/11-5,1923.2519968,5,2,0
99852,35/11-5,1923.4039968,2,2,1
99853,35/11-5,1923.5559967999998,2,2,1
99854,35/11-5,1923.7079967999998,2,2,1
99855,35/11-5,1923.8599967999999,2,2,1
99856,35/11-5,1924.0119968,2,2,1
99857,35/11-5,1924.1639968,2,2,1
99858,35/11-5,1924.3159967999998,2,2,1
99859,35/11-5,1924.4679967999998,2,2,1
99860,35/11-5,1924.6199967999999,2,2,1
99861,35/11-5,1924.7719968,2,2,1
99862,35/11-5,1924.9239968,2,2,1
99863,35/11-5,1925.0759967999998,2,2,1
99864,35/11-5,1925.2279967999998,2,2,1
99865,35/11-5,1925.3799967999998,2,2,1
99866,35/11-5,1925.5319968,2,2,1
99867,35/11-5,1925.6839968,2,2,1
99868,35/11-5,1925.8359967999997,2,2,1
99869,35/11-5,1925.9879967999998,2,2,1
99870,35/11-5,1926.1399967999998,2,2,1
99871,35/11-5,1926.2919967999999,2,2,1
99872,35/11-5,1926.4439968,2,2,1
99873,35/11-5,1926.5959967999997,2,2,1
99874,35/11-5,1926.7479967999998,2,2,1
99875,35/11-5,1926.8999967999998,2,2,1
99876,35/11-5,1927.0519967999999,2,2,1
99877,35/11-5,1927.2039968,2,2,1
99878,35/11-5,1927.3559968,2,2,1
99879,35/11-5,1927.5079967999998,2,2,1
99880,35/11-5,1927.6599967999998,2,2,1
99881,35/11-5,1927.8119967999999,2,2,1
99882,35/11-5,1927.9639968,2,2,1
99883,35/11-5,1928.1159968,2,2,1
99884,35/11-5,1928.2679967999998,2,2,1
99885,35/11-5,1928.4199967999998,2,2,1
99886,35/11-5,1928.5719967999999,2,2,1
99887,35/11-5,1928.7239968,2,2,1
99888,35/11-5,1928.8759968,2,2,1
99889,35/11-5,1929.0279967999998,2,2,1
99890,35/11-5,1929.1799967999998,2,2,1
99891,35/11-5,1929.3319967999998,2,2,1
99892,35/11-5,1929.4839967999999,2,2,1
99893,35/11-5,1929.6359968,2,2,1
99894,35/11-5,1929.7879967999997,2,2,1
99895,35/11-5,1929.9399967999998,2,2,1
99896,35/11-5,1930.0919967999998,2,2,1
99897,35/11-5,1930.2439967999999,2,2,1
99898,35/11-5,1930.3959968,2,2,1
99899,35/11-5,1930.5479967999997,2,2,1
99900,35/11-5,1930.6999967999998,2,2,1
99901,35/11-5,1930.8519967999998,2,2,1
99902,35/11-5,1931.0039967999999,2,2,1
99903,35/11-5,1931.1559968,2,2,1
99904,35/11-5,1931.3079968,2,2,1
99905,35/11-5,1931.4599967999998,2,2,1
99906,35/11-5,1931.6119967999998,2,2,1
99907,35/11-5,1931.7639967999999,2,2,1
99908,35/11-5,1931.9159968,2,2,1
99909,35/11-5,1932.0679968,2,2,1
99910,35/11-5,1932.2199967999998,2,2,1
99911,35/11-5,1932.3719967999998,2,2,1
99912,35/11-5,1932.5239967999998,2,2,1
99913,35/11-5,1932.6759968,2,2,1
99914,35/11-5,1932.8279968,2,2,1
99915,35/11-5,1932.9799967999998,2,2,1
99916,35/11-5,1933.1319967999998,2,2,1
99917,35/11-5,1933.2839967999998,2,2,1
99918,35/11-5,1933.4359967999999,2,2,1
99919,35/11-5,1933.5879968,2,2,1
99920,35/11-5,1933.7399967999997,2,2,1
99921,35/11-5,1933.8919967999998,2,2,1
99922,35/11-5,1934.0439967999998,2,2,1
99923,35/11-5,1934.1959967999999,2,2,1
99924,35/11-5,1934.3479968,2,2,1
99925,35/11-5,1934.4999967999997,2,2,1
99926,35/11-5,1934.6519967999998,2,2,1
99927,35/11-5,1934.8039967999998,2,2,1
99928,35/11-5,1934.9559967999999,2,2,1
99929,35/11-5,1935.1079968,2,2,1
99930,35/11-5,1935.2599968,2,2,1
99931,35/11-5,1935.4119967999998,2,2,1
99932,35/11-5,1935.5639967999998,2,2,1
99933,35/11-5,1935.7159967999999,2,2,1
99934,35/11-5,1935.8679968,2,2,1
99935,35/11-5,1936.0199968,2,2,1
99936,35/11-5,1936.1719967999998,2,2,1
99937,35/11-5,1936.3239967999998,2,2,1
99938,35/11-5,1936.4759967999998,1,2,0
99939,35/11-5,1936.6279968,1,2,0
99940,35/11-5,1936.7799968,1,2,0
99941,35/11-5,1936.9319967999998,1,2,0
99942,35/11-5,1937.0839967999998,1,2,0
99943,35/11-5,1937.2359967999998,1,2,0
99944,35/11-5,1937.3879967999999,1,2,0
99945,35/11-5,1937.5399968,1,2,0
99946,35/11-5,1937.6919967999997,1,2,0
99947,35/11-5,1937.8439967999998,1,2,0
99948,35/11-5,1937.9959967999998,1,2,0
99949,35/11-5,1938.1479967999999,1,2,0
99950,35/11-5,1938.2999968,1,2,0
99951,35/11-5,1938.4519968,1,2,0
99952,35/11-5,1938.6039967999998,1,2,0
99953,35/11-5,1938.7559967999998,1,2,0
99954,35/11-5,1938.9079967999999,1,2,0
99955,35/11-5,1939.0599968,1,2,0
99956,35/11-5,1939.2119968,1,2,0
99957,35/11-5,1939.3639967999998,1,2,0
99958,35/11-5,1939.5159967999998,1,2,0
99959,35/11-5,1939.6679967999999,1,2,0
99960,35/11-5,1939.8199968,1,2,0
99961,35/11-5,1939.9719968,1,2,0
99962,35/11-5,1940.1239967999998,1,2,0
99963,35/11-5,1940.2759967999998,1,2,0
99964,35/11-5,1940.4279967999998,1,2,0
99965,35/11-5,1940.5799968,1,2,0
99966,35/11-5,1940.7319968,1,2,0
99967,35/11-5,1940.8839967999997,1,2,0
99968,35/11-5,1941.0359967999998,1,2,0
99969,35/11-5,1941.1879967999998,1,2,0
99970,35/11-5,1941.3399967999999,1,2,0
99971,35/11-5,1941.4919968,1,2,0
99972,35/11-5,1941.6439967999997,1,2,0
99973,35/11-5,1941.7959967999998,1,2,0
99974,35/11-5,1941.9479967999998,1,2,0
99975,35/11-5,1942.0999967999999,1,2,0
99976,35/11-5,1942.2519968,1,2,0
99977,35/11-5,1942.4039968,1,2,0
99978,35/11-5,1942.5559967999998,1,2,0
99979,35/11-5,1942.7079967999998,1,2,0
99980,35/11-5,1942.8599967999999,1,2,0
99981,35/11-5,1943.0119968,1,2,0
99982,35/11-5,1943.1639968,1,2,0
99983,35/11-5,1943.3159967999998,1,2,0
99984,35/11-5,1943.4679967999998,1,2,0
99985,35/11-5,1943.6199967999999,1,2,0
99986,35/11-5,1943.7719968,1,2,0
99987,35/11-5,1943.9239968,1,2,0
99988,35/11-5,1944.0759967999998,1,2,0
99989,35/11-5,1944.2279967999998,1,2,0
99990,35/11-5,1944.3799967999998,1,2,0
99991,35/11-5,1944.5319968,1,2,0
99992,35/11-5,1944.6839968,1,2,0
99993,35/11-5,1944.8359967999997,1,2,0
99994,35/11-5,1944.9879967999998,1,2,0
99995,35/11-5,1945.1399967999998,1,2,0
99996,35/11-5,1945.2919967999999,1,2,0
99997,35/11-5,1945.4439968,1,2,0
99998,35/11-5,1945.5959967999997,1,2,0
99999,35/11-5,1945.7479967999998,1,2,0
100000,35/11-5,1945.8999967999998,1,2,0
100001,35/11-5,1946.0519967999999,1,2,0
100002,35/11-5,1946.2039968,1,2,0
100003,35/11-5,1946.3559968,1,2,0
100004,35/11-5,1946.5079967999998,1,2,0
100005,35/11-5,1946.6599967999998,1,2,0
100006,35/11-5,1946.8119967999999,1,2,0
100007,35/11-5,1946.9639968,1,2,0
100008,35/11-5,1947.1159968,1,2,0
100009,35/11-5,1947.2679967999998,1,2,0
100010,35/11-5,1947.4199967999998,1,2,0
100011,35/11-5,1947.5719967999999,1,2,0
100012,35/11-5,1947.7239968,1,2,0
100013,35/11-5,1947.8759968,1,2,0
100014,35/11-5,1948.0279967999998,1,2,0
100015,35/11-5,1948.1799967999998,1,2,0
100016,35/11-5,1948.3319967999998,1,2,0
100017,35/11-5,1948.4839967999999,1,2,0
100018,35/11-5,1948.6359968,1,2,0
100019,35/11-5,1948.7879967999997,1,2,0
100020,35/11-5,1948.9399967999998,1,2,0
100021,35/11-5,1949.0919967999998,1,2,0
100022,35/11-5,1949.2439967999999,1,2,0
100023,35/11-5,1949.3959968,1,2,0
100024,35/11-5,1949.5479967999997,1,2,0
100025,35/11-5,1949.6999967999998,1,2,0
100026,35/11-5,1949.8519967999998,1,2,0
100027,35/11-5,1950.0039967999999,1,2,0
100028,35/11-5,1950.1559968,1,2,0
100029,35/11-5,1950.3079968,1,2,0
100030,35/11-5,1950.4599967999998,1,2,0
100031,35/11-5,1950.6119967999998,0,2,0
100032,35/11-5,1950.7639967999999,0,2,0
100033,35/11-5,1950.9159968,0,2,0
100034,35/11-5,1951.0679968,0,2,0
100035,35/11-5,1951.2199967999998,0,2,0
100036,35/11-5,1951.3719967999998,0,2,0
100037,35/11-5,1951.5239967999998,0,2,0
100038,35/11-5,1951.6759968,2,2,1
100039,35/11-5,1951.8279968,1,2,0
100040,35/11-5,1951.9799967999998,1,2,0
100041,35/11-5,1952.1319967999998,1,2,0
100042,35/11-5,1952.2839967999998,1,2,0
100043,35/11-5,1952.4359967999999,1,2,0
100044,35/11-5,1952.5879968,1,2,0
100045,35/11-5,1952.7399967999997,1,2,0
100046,35/11-5,1952.8919967999998,1,2,0
100047,35/11-5,1953.0439967999998,1,2,0
100048,35/11-5,1953.1959967999999,1,2,0
100049,35/11-5,1953.3479968,1,2,0
100050,35/11-5,1953.4999967999997,1,2,0
100051,35/11-5,1953.6519967999998,1,2,0
100052,35/11-5,1953.8039967999998,1,2,0
100053,35/11-5,1953.9559967999999,1,2,0
100054,35/11-5,1954.1079968,1,2,0
100055,35/11-5,1954.2599968,1,2,0
100056,35/11-5,1954.4119967999998,1,2,0
100057,35/11-5,1954.5639967999998,1,2,0
100058,35/11-5,1954.7159967999999,1,2,0
100059,35/11-5,1954.8679968,1,2,0
100060,35/11-5,1955.0199968,1,2,0
100061,35/11-5,1955.1719967999998,1,2,0
100062,35/11-5,1955.3239967999998,1,2,0
100063,35/11-5,1955.4759967999998,1,2,0
100064,35/11-5,1955.6279968,1,2,0
100065,35/11-5,1955.7799968,1,2,0
100066,35/11-5,1955.9319967999998,1,2,0
100067,35/11-5,1956.0839967999998,1,2,0
100068,35/11-5,1956.2359967999998,1,2,0
100069,35/11-5,1956.3879967999999,1,2,0
100070,35/11-5,1956.5399968,1,2,0
100071,35/11-5,1956.6919967999997,1,2,0
100072,35/11-5,1956.8439967999998,1,2,0
100073,35/11-5,1956.9959967999998,1,2,0
100074,35/11-5,1957.1479967999999,1,2,0
100075,35/11-5,1957.2999968,1,2,0
100076,35/11-5,1957.4519968,2,2,1
100077,35/11-5,1957.6039967999998,2,2,1
100078,35/11-5,1957.7559967999998,2,2,1
100079,35/11-5,1957.9079967999999,2,2,1
100080,35/11-5,1958.0599968,2,2,1
100081,35/11-5,1958.2119968,2,2,1
100082,35/11-5,1958.3639967999998,2,2,1
100083,35/11-5,1958.5159967999998,2,2,1
100084,35/11-5,1958.6679967999999,2,2,1
100085,35/11-5,1958.8199968,2,2,1
100086,35/11-5,1958.9719968,2,2,1
100087,35/11-5,1959.1239967999998,2,2,1
100088,35/11-5,1959.2759967999998,2,2,1
100089,35/11-5,1959.4279967999998,2,2,1
100090,35/11-5,1959.5799968,2,2,1
100091,35/11-5,1959.7319968,2,2,1
100092,35/11-5,1959.8839967999997,2,2,1
100093,35/11-5,1960.0359967999998,2,2,1
100094,35/11-5,1960.1879967999998,2,2,1
100095,35/11-5,1960.3399967999999,2,2,1
100096,35/11-5,1960.4919968,2,2,1
100097,35/11-5,1960.6439967999997,2,2,1
100098,35/11-5,1960.7959967999998,2,2,1
100099,35/11-5,1960.9479967999998,2,2,1
100100,35/11-5,1961.0999967999999,2,2,1
100101,35/11-5,1961.2519968,2,2,1
100102,35/11-5,1961.4039968,2,2,1
100103,35/11-5,1961.5559967999998,2,2,1
100104,35/11-5,1961.7079967999998,2,2,1
100105,35/11-5,1961.8599967999999,2,2,1
100106,35/11-5,1962.0119968,2,2,1
100107,35/11-5,1962.1639968,2,2,1
100108,35/11-5,1962.3159967999998,2,2,1
100109,35/11-5,1962.4679967999998,2,2,1
100110,35/11-5,1962.6199967999999,2,2,1
100111,35/11-5,1962.7719968,2,2,1
100112,35/11-5,1962.9239968,2,2,1
100113,35/11-5,1963.0759967999998,2,2,1
100114,35/11-5,1963.2279967999998,2,2,1
100115,35/11-5,1963.3799967999998,2,2,1
100116,35/11-5,1963.5319968,2,2,1
100117,35/11-5,1963.6839968,2,2,1
100118,35/11-5,1963.8359967999997,2,2,1
100119,35/11-5,1963.9879967999998,2,2,1
100120,35/11-5,1964.1399967999998,2,2,1
100121,35/11-5,1964.2919967999999,2,2,1
100122,35/11-5,1964.4439968,2,2,1
100123,35/11-5,1964.5959967999997,2,2,1
100124,35/11-5,1964.7479967999998,2,2,1
100125,35/11-5,1964.8999967999998,2,2,1
100126,35/11-5,1965.0519967999999,2,2,1
100127,35/11-5,1965.2039968,2,2,1
100128,35/11-5,1965.3559968,2,2,1
100129,35/11-5,1965.5079967999998,2,2,1
100130,35/11-5,1965.6599967999998,2,2,1
100131,35/11-5,1965.8119967999999,2,2,1
100132,35/11-5,1965.9639968,2,2,1
100133,35/11-5,1966.1159968,2,2,1
100134,35/11-5,1966.2679967999998,2,2,1
100135,35/11-5,1966.4199967999998,2,2,1
100136,35/11-5,1966.5719967999999,2,2,1
100137,35/11-5,1966.7239968,2,2,1
100138,35/11-5,1966.8759968,2,2,1
100139,35/11-5,1967.0279967999998,2,2,1
100140,35/11-5,1967.1799967999998,2,2,1
100141,35/11-5,1967.3319967999998,2,2,1
100142,35/11-5,1967.4839967999999,2,2,1
100143,35/11-5,1967.6359968,2,2,1
100144,35/11-5,1967.7879967999997,2,2,1
100145,35/11-5,1967.9399967999998,2,2,1
100146,35/11-5,1968.0919967999998,2,2,1
100147,35/11-5,1968.2439967999999,2,2,1
100148,35/11-5,1968.3959968,2,2,1
100149,35/11-5,1968.5479967999997,2,2,1
100150,35/11-5,1968.6999967999998,2,2,1
100151,35/11-5,1968.8519967999998,2,2,1
100152,35/11-5,1969.0039967999999,2,2,1
100153,35/11-5,1969.1559968,2,2,1
100154,35/11-5,1969.3079968,2,2,1
100155,35/11-5,1969.4599967999998,2,2,1
100156,35/11-5,1969.6119967999998,2,2,1
100157,35/11-5,1969.7639967999999,2,2,1
100158,35/11-5,1969.9159968,2,2,1
100159,35/11-5,1970.0679968,2,2,1
100160,35/11-5,1970.2199967999998,2,2,1
100161,35/11-5,1970.3719967999998,2,2,1
100162,35/11-5,1970.5239967999998,2,2,1
100163,35/11-5,1970.6759968,2,2,1
100164,35/11-5,1970.8279968,2,2,1
100165,35/11-5,1970.9799967999998,2,2,1
100166,35/11-5,1971.1319967999998,2,2,1
100167,35/11-5,1971.2839967999998,2,2,1
100168,35/11-5,1971.4359967999999,2,2,1
100169,35/11-5,1971.5879968,2,2,1
100170,35/11-5,1971.7399967999997,2,2,1
100171,35/11-5,1971.8919967999998,2,2,1
100172,35/11-5,1972.0439967999998,2,2,1
100173,35/11-5,1972.1959967999999,2,2,1
100174,35/11-5,1972.3479968,2,2,1
100175,35/11-5,1972.4999967999997,2,2,1
100176,35/11-5,1972.6519967999998,2,2,1
100177,35/11-5,1972.8039967999998,2,2,1
100178,35/11-5,1972.9559967999999,2,2,1
100179,35/11-5,1973.1079968,2,2,1
100180,35/11-5,1973.2599968,2,2,1
100181,35/11-5,1973.4119967999998,2,2,1
100182,35/11-5,1973.5639967999998,2,2,1
100183,35/11-5,1973.7159967999999,2,2,1
100184,35/11-5,1973.8679968,2,2,1
100185,35/11-5,1974.0199968,2,2,1
100186,35/11-5,1974.1719967999998,2,2,1
100187,35/11-5,1974.3239967999998,2,2,1
100188,35/11-5,1974.4759967999998,2,2,1
100189,35/11-5,1974.6279968,2,2,1
100190,35/11-5,1974.7799968,2,2,1
100191,35/11-5,1974.9319967999998,2,2,1
100192,35/11-5,1975.0839967999998,2,2,1
100193,35/11-5,1975.2359967999998,2,2,1
100194,35/11-5,1975.3879967999999,2,2,1
100195,35/11-5,1975.5399968,2,2,1
100196,35/11-5,1975.6919967999997,2,2,1
100197,35/11-5,1975.8439967999998,2,2,1
100198,35/11-5,1975.9959967999998,2,2,1
100199,35/11-5,1976.1479967999999,2,2,1
100200,35/11-5,1976.2999968,2,2,1
100201,35/11-5,1976.4519968,2,2,1
100202,35/11-5,1976.6039967999998,2,2,1
100203,35/11-5,1976.7559967999998,2,2,1
100204,35/11-5,1976.9079967999999,2,2,1
100205,35/11-5,1977.0599968,2,2,1
100206,35/11-5,1977.2119968,2,2,1
100207,35/11-5,1977.3639967999998,2,2,1
100208,35/11-5,1977.5159967999998,2,2,1
100209,35/11-5,1977.6679967999999,2,2,1
100210,35/11-5,1977.8199968,2,2,1
100211,35/11-5,1977.9719968,2,2,1
100212,35/11-5,1978.1239967999998,2,2,1
100213,35/11-5,1978.2759967999998,2,2,1
100214,35/11-5,1978.4279967999998,2,2,1
100215,35/11-5,1978.5799968,2,2,1
100216,35/11-5,1978.7319968,2,2,1
100217,35/11-5,1978.8839967999997,2,2,1
100218,35/11-5,1979.0359967999998,2,2,1
100219,35/11-5,1979.1879967999998,2,2,1
100220,35/11-5,1979.3399967999999,2,2,1
100221,35/11-5,1979.4919968,2,2,1
100222,35/11-5,1979.6439967999997,2,2,1
100223,35/11-5,1979.7959967999998,2,2,1
100224,35/11-5,1979.9479967999998,2,2,1
100225,35/11-5,1980.0999967999999,2,2,1
100226,35/11-5,1980.2519968,2,2,1
100227,35/11-5,1980.4039968,2,2,1
100228,35/11-5,1980.5559967999998,2,2,1
100229,35/11-5,1980.7079967999998,2,2,1
100230,35/11-5,1980.8599967999999,2,2,1
100231,35/11-5,1981.0119968,2,2,1
100232,35/11-5,1981.1639968,2,2,1
100233,35/11-5,1981.3159967999998,2,2,1
100234,35/11-5,1981.4679967999998,2,2,1
100235,35/11-5,1981.6199967999999,2,2,1
100236,35/11-5,1981.7719968,2,2,1
100237,35/11-5,1981.9239968,2,2,1
100238,35/11-5,1982.0759967999998,2,2,1
100239,35/11-5,1982.2279967999998,2,2,1
100240,35/11-5,1982.3799967999998,2,2,1
100241,35/11-5,1982.5319968,2,2,1
100242,35/11-5,1982.6839968,2,2,1
100243,35/11-5,1982.8359967999997,2,2,1
100244,35/11-5,1982.9879967999998,2,2,1
100245,35/11-5,1983.1399967999998,2,2,1
100246,35/11-5,1983.2919967999999,2,2,1
100247,35/11-5,1983.4439968,2,2,1
100248,35/11-5,1983.5959967999997,2,2,1
100249,35/11-5,1983.7479967999998,2,2,1
100250,35/11-5,1983.8999967999998,2,2,1
100251,35/11-5,1984.0519967999999,2,2,1
100252,35/11-5,1984.2039968,2,2,1
100253,35/11-5,1984.3559968,2,2,1
100254,35/11-5,1984.5079967999998,2,2,1
100255,35/11-5,1984.6599967999998,2,2,1
100256,35/11-5,1984.8119967999999,2,2,1
100257,35/11-5,1984.9639968,2,2,1
100258,35/11-5,1985.1159968,2,2,1
100259,35/11-5,1985.2679967999998,2,2,1
100260,35/11-5,1985.4199967999998,2,2,1
100261,35/11-5,1985.5719967999999,2,2,1
100262,35/11-5,1985.7239968,2,2,1
100263,35/11-5,1985.8759968,2,2,1
100264,35/11-5,1986.0279967999998,2,2,1
100265,35/11-5,1986.1799967999998,2,2,1
100266,35/11-5,1986.3319967999998,2,2,1
100267,35/11-5,1986.4839967999999,2,2,1
100268,35/11-5,1986.6359968,2,2,1
100269,35/11-5,1986.7879967999997,2,2,1
100270,35/11-5,1986.9399967999998,2,2,1
100271,35/11-5,1987.0919967999998,2,2,1
100272,35/11-5,1987.2439967999999,2,2,1
100273,35/11-5,1987.3959968,2,2,1
100274,35/11-5,1987.5479967999997,2,2,1
100275,35/11-5,1987.6999967999998,2,2,1
100276,35/11-5,1987.8519967999998,2,2,1
100277,35/11-5,1988.0039967999999,2,2,1
100278,35/11-5,1988.1559968,2,2,1
100279,35/11-5,1988.3079968,2,2,1
100280,35/11-5,1988.4599967999998,2,2,1
100281,35/11-5,1988.6119967999998,2,2,1
100282,35/11-5,1988.7639967999999,2,2,1
100283,35/11-5,1988.9159968,0,2,0
100284,35/11-5,1989.0679968,0,2,0
100285,35/11-5,1989.2199967999998,0,2,0
100286,35/11-5,1989.3719967999998,0,2,0
100287,35/11-5,1989.5239967999998,0,2,0
100288,35/11-5,1989.6759968,0,2,0
100289,35/11-5,1989.8279968,0,2,0
100290,35/11-5,1989.9799967999998,0,2,0
100291,35/11-5,1990.1319967999998,0,2,0
100292,35/11-5,1990.2839967999998,0,2,0
100293,35/11-5,1990.4359967999999,0,2,0
100294,35/11-5,1990.5879968,2,2,1
100295,35/11-5,1990.7399967999997,2,2,1
100296,35/11-5,1990.8919967999998,2,2,1
100297,35/11-5,1991.0439967999998,2,2,1
100298,35/11-5,1991.1959967999999,2,2,1
100299,35/11-5,1991.3479968,2,2,1
100300,35/11-5,1991.4999967999997,2,2,1
100301,35/11-5,1991.6519967999998,2,2,1
100302,35/11-5,1991.8039967999998,2,2,1
100303,35/11-5,1991.9559967999999,2,2,1
100304,35/11-5,1992.1079968,2,2,1
100305,35/11-5,1992.2599968,2,2,1
100306,35/11-5,1992.4119967999998,2,2,1
100307,35/11-5,1992.5639967999998,2,2,1
100308,35/11-5,1992.7159967999999,2,2,1
100309,35/11-5,1992.8679968,2,2,1
100310,35/11-5,1993.0199968,2,2,1
100311,35/11-5,1993.1719967999998,2,2,1
100312,35/11-5,1993.3239967999998,2,2,1
100313,35/11-5,1993.4759967999998,2,2,1
100314,35/11-5,1993.6279968,2,2,1
100315,35/11-5,1993.7799968,2,2,1
100316,35/11-5,1993.9319967999998,2,2,1
100317,35/11-5,1994.0839967999998,2,2,1
100318,35/11-5,1994.2359967999998,2,2,1
100319,35/11-5,1994.3879967999999,2,2,1
100320,35/11-5,1994.5399968,2,2,1
100321,35/11-5,1994.6919967999997,2,2,1
100322,35/11-5,1994.8439967999998,2,2,1
100323,35/11-5,1994.9959967999998,2,2,1
100324,35/11-5,1995.1479967999999,2,2,1
100325,35/11-5,1995.2999968,2,2,1
100326,35/11-5,1995.4519968,2,2,1
100327,35/11-5,1995.6039967999998,2,2,1
100328,35/11-5,1995.7559967999998,2,2,1
100329,35/11-5,1995.9079967999999,2,2,1
100330,35/11-5,1996.0599968,2,2,1
100331,35/11-5,1996.2119968,2,2,1
100332,35/11-5,1996.3639967999998,2,2,1
100333,35/11-5,1996.5159967999998,2,2,1
100334,35/11-5,1996.6679967999999,2,2,1
100335,35/11-5,1996.8199968,2,2,1
100336,35/11-5,1996.9719968,2,2,1
100337,35/11-5,1997.1239967999998,2,2,1
100338,35/11-5,1997.2759967999998,2,2,1
100339,35/11-5,1997.4279967999998,2,2,1
100340,35/11-5,1997.5799968,2,2,1
100341,35/11-5,1997.7319968,2,2,1
100342,35/11-5,1997.8839967999997,2,2,1
100343,35/11-5,1998.0359967999998,2,2,1
100344,35/11-5,1998.1879967999998,2,2,1
100345,35/11-5,1998.3399967999999,2,2,1
100346,35/11-5,1998.4919968,2,2,1
100347,35/11-5,1998.6439967999997,2,2,1
100348,35/11-5,1998.7959967999998,2,2,1
100349,35/11-5,1998.9479967999998,2,2,1
100350,35/11-5,1999.0999967999999,2,2,1
100351,35/11-5,1999.2519968,2,2,1
100352,35/11-5,1999.4039968,2,2,1
100353,35/11-5,1999.5559967999998,2,2,1
100354,35/11-5,1999.7079967999998,2,2,1
100355,35/11-5,1999.8599967999999,2,2,1
100356,35/11-5,2000.0119968,2,2,1
100357,35/11-5,2000.1639968,2,2,1
100358,35/11-5,2000.3159967999998,2,2,1
100359,35/11-5,2000.4679967999998,2,2,1
100360,35/11-5,2000.6199967999999,2,2,1
100361,35/11-5,2000.7719968,2,2,1
100362,35/11-5,2000.9239968,2,2,1
100363,35/11-5,2001.0759967999998,2,2,1
100364,35/11-5,2001.2279967999998,2,2,1
100365,35/11-5,2001.3799967999998,2,2,1
100366,35/11-5,2001.5319968,2,2,1
100367,35/11-5,2001.6839968,2,2,1
100368,35/11-5,2001.8359967999997,2,2,1
100369,35/11-5,2001.9879967999998,2,2,1
100370,35/11-5,2002.1399967999998,2,2,1
100371,35/11-5,2002.2919967999999,2,2,1
100372,35/11-5,2002.4439968,2,2,1
100373,35/11-5,2002.5959967999997,2,2,1
100374,35/11-5,2002.7479967999998,2,2,1
100375,35/11-5,2002.8999967999998,2,2,1
100376,35/11-5,2003.0519967999999,2,2,1
100377,35/11-5,2003.2039968,2,2,1
100378,35/11-5,2003.3559968,2,2,1
100379,35/11-5,2003.5079967999998,2,2,1
100380,35/11-5,2003.6599967999998,2,2,1
100381,35/11-5,2003.8119967999999,2,2,1
100382,35/11-5,2003.9639968,2,2,1
100383,35/11-5,2004.1159968,2,2,1
100384,35/11-5,2004.2679967999998,2,2,1
100385,35/11-5,2004.4199967999998,2,2,1
100386,35/11-5,2004.5719967999999,2,2,1
100387,35/11-5,2004.7239968,2,2,1
100388,35/11-5,2004.8759968,2,2,1
100389,35/11-5,2005.0279967999998,2,2,1
100390,35/11-5,2005.1799967999998,2,2,1
100391,35/11-5,2005.3319967999998,2,2,1
100392,35/11-5,2005.4839967999999,2,2,1
100393,35/11-5,2005.6359968,2,2,1
100394,35/11-5,2005.7879967999997,2,2,1
100395,35/11-5,2005.9399967999998,2,2,1
100396,35/11-5,2006.0919967999998,2,2,1
100397,35/11-5,2006.2439967999999,2,2,1
100398,35/11-5,2006.3959968,2,2,1
100399,35/11-5,2006.5479967999997,2,2,1
100400,35/11-5,2006.6999967999998,2,2,1
100401,35/11-5,2006.8519967999998,2,2,1
100402,35/11-5,2007.0039967999999,2,2,1
100403,35/11-5,2007.1559968,2,2,1
100404,35/11-5,2007.3079968,2,2,1
100405,35/11-5,2007.4599967999998,2,2,1
100406,35/11-5,2007.6119967999998,2,2,1
100407,35/11-5,2007.7639967999999,2,2,1
100408,35/11-5,2007.9159968,2,2,1
100409,35/11-5,2008.0679968,1,2,0
100410,35/11-5,2008.2199967999998,1,2,0
100411,35/11-5,2008.3719967999998,1,2,0
100412,35/11-5,2008.5239967999998,1,2,0
100413,35/11-5,2008.6759968,1,2,0
100414,35/11-5,2008.8279968,1,2,0
100415,35/11-5,2008.9799967999998,1,2,0
100416,35/11-5,2009.1319967999998,1,2,0
100417,35/11-5,2009.2839967999998,1,2,0
100418,35/11-5,2009.4359967999999,1,2,0
100419,35/11-5,2009.5879968,1,2,0
100420,35/11-5,2009.7399967999997,1,2,0
100421,35/11-5,2009.8919967999998,1,2,0
100422,35/11-5,2010.0439967999998,1,2,0
100423,35/11-5,2010.1959967999999,1,2,0
100424,35/11-5,2010.3479968,1,2,0
100425,35/11-5,2010.4999967999997,1,2,0
100426,35/11-5,2010.6519967999998,1,2,0
100427,35/11-5,2010.8039967999998,1,2,0
100428,35/11-5,2010.9559967999999,1,2,0
100429,35/11-5,2011.1079968,1,2,0
100430,35/11-5,2011.2599968,1,2,0
100431,35/11-5,2011.4119967999998,1,2,0
100432,35/11-5,2011.5639967999998,1,2,0
100433,35/11-5,2011.7159967999999,1,2,0
100434,35/11-5,2011.8679968,1,2,0
100435,35/11-5,2012.0199968,1,2,0
100436,35/11-5,2012.1719967999998,1,2,0
100437,35/11-5,2012.3239967999998,1,2,0
100438,35/11-5,2012.4759967999998,1,2,0
100439,35/11-5,2012.6279968,1,2,0
100440,35/11-5,2012.7799968,1,2,0
100441,35/11-5,2012.9319967999998,1,2,0
100442,35/11-5,2013.0839967999998,1,2,0
100443,35/11-5,2013.2359967999998,1,2,0
100444,35/11-5,2013.3879967999999,1,2,0
100445,35/11-5,2013.5399968,1,2,0
100446,35/11-5,2013.6919967999997,1,2,0
100447,35/11-5,2013.8439967999998,1,2,0
100448,35/11-5,2013.9959967999998,1,2,0
100449,35/11-5,2014.1479967999999,1,2,0
100450,35/11-5,2014.2999968,1,2,0
100451,35/11-5,2014.4519968,1,2,0
100452,35/11-5,2014.6039967999998,1,2,0
100453,35/11-5,2014.7559967999998,1,2,0
100454,35/11-5,2014.9079967999999,1,2,0
100455,35/11-5,2015.0599968,1,2,0
100456,35/11-5,2015.2119968,1,2,0
100457,35/11-5,2015.3639967999998,1,2,0
100458,35/11-5,2015.5159967999998,1,2,0
100459,35/11-5,2015.6679967999999,0,2,0
100460,35/11-5,2015.8199968,0,2,0
100461,35/11-5,2015.9719968,0,2,0
100462,35/11-5,2016.1239967999998,0,2,0
100463,35/11-5,2016.2759967999998,0,2,0
100464,35/11-5,2016.4279967999998,0,2,0
100465,35/11-5,2016.5799968,0,2,0
100466,35/11-5,2016.7319968,0,2,0
100467,35/11-5,2016.8839967999997,1,2,0
100468,35/11-5,2017.0359967999998,1,2,0
100469,35/11-5,2017.1879967999998,1,2,0
100470,35/11-5,2017.3399967999999,1,2,0
100471,35/11-5,2017.4919968,1,2,0
100472,35/11-5,2017.6439967999997,1,2,0
100473,35/11-5,2017.7959967999998,1,2,0
100474,35/11-5,2017.9479967999998,1,2,0
100475,35/11-5,2018.0999967999999,1,2,0
100476,35/11-5,2018.2519968,1,2,0
100477,35/11-5,2018.4039968,1,2,0
100478,35/11-5,2018.5559967999998,1,2,0
100479,35/11-5,2018.7079967999998,1,2,0
100480,35/11-5,2018.8599967999999,1,2,0
100481,35/11-5,2019.0119968,1,2,0
100482,35/11-5,2019.1639968,0,2,0
100483,35/11-5,2019.3159967999998,0,2,0
100484,35/11-5,2019.4679967999998,0,2,0
100485,35/11-5,2019.6199967999999,0,2,0
100486,35/11-5,2019.7719968,0,2,0
100487,35/11-5,2019.9239968,0,2,0
100488,35/11-5,2020.0759967999998,1,2,0
100489,35/11-5,2020.2279967999998,1,2,0
100490,35/11-5,2020.3799967999998,1,2,0
100491,35/11-5,2020.5319968,1,2,0
100492,35/11-5,2020.6839968,1,2,0
100493,35/11-5,2020.8359967999997,1,2,0
100494,35/11-5,2020.9879967999998,1,2,0
100495,35/11-5,2021.1399967999998,1,2,0
100496,35/11-5,2021.2919967999999,1,2,0
100497,35/11-5,2021.4439968,1,2,0
100498,35/11-5,2021.5959967999997,1,2,0
100499,35/11-5,2021.7479967999998,1,2,0
100500,35/11-5,2021.8999967999998,1,2,0
100501,35/11-5,2022.0519967999999,1,2,0
100502,35/11-5,2022.2039968,1,2,0
100503,35/11-5,2022.3559968,1,2,0
100504,35/11-5,2022.5079967999998,1,2,0
100505,35/11-5,2022.6599967999998,1,2,0
100506,35/11-5,2022.8119967999999,1,2,0
100507,35/11-5,2022.9639968,1,2,0
100508,35/11-5,2023.1159968,1,2,0
100509,35/11-5,2023.2679967999998,1,2,0
100510,35/11-5,2023.4199967999998,1,2,0
100511,35/11-5,2023.5719967999999,1,2,0
100512,35/11-5,2023.7239968,1,2,0
100513,35/11-5,2023.8759968,1,2,0
100514,35/11-5,2024.0279967999998,1,2,0
100515,35/11-5,2024.1799967999998,1,2,0
100516,35/11-5,2024.3319967999998,1,2,0
100517,35/11-5,2024.4839967999999,1,2,0
100518,35/11-5,2024.6359968,1,2,0
100519,35/11-5,2024.7879967999997,1,2,0
100520,35/11-5,2024.9399967999998,1,2,0
100521,35/11-5,2025.0919967999998,1,2,0
100522,35/11-5,2025.2439967999999,1,2,0
100523,35/11-5,2025.3959968,1,2,0
100524,35/11-5,2025.5479967999997,1,2,0
100525,35/11-5,2025.6999967999998,1,2,0
100526,35/11-5,2025.8519967999998,1,2,0
100527,35/11-5,2026.0039967999999,1,2,0
100528,35/11-5,2026.1559968,1,2,0
100529,35/11-5,2026.3079968,1,2,0
100530,35/11-5,2026.4599967999998,1,2,0
100531,35/11-5,2026.6119967999998,1,2,0
100532,35/11-5,2026.7639967999999,0,2,0
100533,35/11-5,2026.9159968,0,2,0
100534,35/11-5,2027.0679968,0,2,0
100535,35/11-5,2027.2199967999998,0,2,0
100536,35/11-5,2027.3719967999998,0,2,0
100537,35/11-5,2027.5239967999998,0,2,0
100538,35/11-5,2027.6759968,0,2,0
100539,35/11-5,2027.8279968,0,2,0
100540,35/11-5,2027.9799967999998,0,2,0
100541,35/11-5,2028.1319967999998,0,2,0
100542,35/11-5,2028.2839967999998,0,2,0
100543,35/11-5,2028.4359967999999,0,2,0
100544,35/11-5,2028.5879968,0,2,0
100545,35/11-5,2028.7399967999997,0,2,0
100546,35/11-5,2028.8919967999998,0,2,0
100547,35/11-5,2029.0439967999998,0,2,0
100548,35/11-5,2029.1959967999999,0,2,0
100549,35/11-5,2029.3479968,0,2,0
100550,35/11-5,2029.4999967999997,0,2,0
100551,35/11-5,2029.6519967999998,0,2,0
100552,35/11-5,2029.8039967999998,0,2,0
100553,35/11-5,2029.9559967999999,1,2,0
100554,35/11-5,2030.1079968,1,2,0
100555,35/11-5,2030.2599968,1,2,0
100556,35/11-5,2030.4119967999998,1,2,0
100557,35/11-5,2030.5639967999998,1,2,0
100558,35/11-5,2030.7159967999999,1,2,0
100559,35/11-5,2030.8679968,1,2,0
100560,35/11-5,2031.0199968,1,2,0
100561,35/11-5,2031.1719967999998,1,2,0
100562,35/11-5,2031.3239967999998,1,2,0
100563,35/11-5,2031.4759967999998,1,2,0
100564,35/11-5,2031.6279968,1,2,0
100565,35/11-5,2031.7799968,1,2,0
100566,35/11-5,2031.9319967999998,1,2,0
100567,35/11-5,2032.0839967999998,1,2,0
100568,35/11-5,2032.2359967999998,1,2,0
100569,35/11-5,2032.3879967999999,1,2,0
100570,35/11-5,2032.5399968,1,2,0
100571,35/11-5,2032.6919967999997,1,2,0
100572,35/11-5,2032.8439967999998,1,2,0
100573,35/11-5,2032.9959967999998,1,2,0
100574,35/11-5,2033.1479967999999,1,2,0
100575,35/11-5,2033.2999968,1,2,0
100576,35/11-5,2033.4519968,1,2,0
100577,35/11-5,2033.6039967999998,1,2,0
100578,35/11-5,2033.7559967999998,1,2,0
100579,35/11-5,2033.9079967999999,1,2,0
100580,35/11-5,2034.0599968,1,2,0
100581,35/11-5,2034.2119968,1,2,0
100582,35/11-5,2034.3639967999998,1,2,0
100583,35/11-5,2034.5159967999998,1,2,0
100584,35/11-5,2034.6679967999999,1,2,0
100585,35/11-5,2034.8199968,1,2,0
100586,35/11-5,2034.9719968,1,2,0
100587,35/11-5,2035.1239967999998,1,2,0
100588,35/11-5,2035.2759967999998,1,2,0
100589,35/11-5,2035.4279967999998,1,2,0
100590,35/11-5,2035.5799968,1,2,0
100591,35/11-5,2035.7319968,1,2,0
100592,35/11-5,2035.8839967999997,1,2,0
100593,35/11-5,2036.0359967999998,1,2,0
100594,35/11-5,2036.1879967999998,1,2,0
100595,35/11-5,2036.3399967999999,1,2,0
100596,35/11-5,2036.4919968,2,2,1
100597,35/11-5,2036.6439967999997,2,2,1
100598,35/11-5,2036.7959967999998,2,2,1
100599,35/11-5,2036.9479967999998,2,2,1
100600,35/11-5,2037.0999967999999,2,2,1
100601,35/11-5,2037.2519968,2,2,1
100602,35/11-5,2037.4039968,2,2,1
100603,35/11-5,2037.5559967999998,2,2,1
100604,35/11-5,2037.7079967999998,2,2,1
100605,35/11-5,2037.8599967999999,2,2,1
100606,35/11-5,2038.0119968,2,2,1
100607,35/11-5,2038.1639968,2,2,1
100608,35/11-5,2038.3159967999998,2,2,1
100609,35/11-5,2038.4679967999998,2,2,1
100610,35/11-5,2038.6199967999999,2,2,1
100611,35/11-5,2038.7719968,2,2,1
100612,35/11-5,2038.9239968,2,2,1
100613,35/11-5,2039.0759967999998,2,2,1
100614,35/11-5,2039.2279967999998,2,2,1
100615,35/11-5,2039.3799967999998,2,2,1
100616,35/11-5,2039.5319968,2,2,1
100617,35/11-5,2039.6839968,2,2,1
100618,35/11-5,2039.8359967999997,2,2,1
100619,35/11-5,2039.9879967999998,2,2,1
100620,35/11-5,2040.1399967999998,2,2,1
100621,35/11-5,2040.2919967999999,2,2,1
100622,35/11-5,2040.4439968,2,2,1
100623,35/11-5,2040.5959967999997,2,2,1
100624,35/11-5,2040.7479967999998,2,2,1
100625,35/11-5,2040.8999967999998,2,2,1
100626,35/11-5,2041.0519967999999,2,2,1
100627,35/11-5,2041.2039968,2,2,1
100628,35/11-5,2041.3559968,2,2,1
100629,35/11-5,2041.5079967999998,2,2,1
100630,35/11-5,2041.6599967999998,2,2,1
100631,35/11-5,2041.8119967999999,2,2,1
100632,35/11-5,2041.9639968,2,2,1
100633,35/11-5,2042.1159968,2,2,1
100634,35/11-5,2042.2679967999998,2,2,1
100635,35/11-5,2042.4199967999998,2,2,1
100636,35/11-5,2042.5719967999999,2,2,1
100637,35/11-5,2042.7239968,2,2,1
100638,35/11-5,2042.8759968,2,2,1
100639,35/11-5,2043.0279967999998,2,2,1
100640,35/11-5,2043.1799967999998,2,2,1
100641,35/11-5,2043.3319967999998,2,2,1
100642,35/11-5,2043.4839967999999,2,2,1
100643,35/11-5,2043.6359968,2,2,1
100644,35/11-5,2043.7879967999997,2,2,1
100645,35/11-5,2043.9399967999998,2,2,1
100646,35/11-5,2044.0919967999998,2,2,1
100647,35/11-5,2044.2439967999999,2,2,1
100648,35/11-5,2044.3959968,2,2,1
100649,35/11-5,2044.5479967999997,5,2,0
100650,35/11-5,2044.6999967999998,5,5,1
100651,35/11-5,2044.8519967999998,5,5,1
100652,35/11-5,2045.0039967999999,5,5,1
100653,35/11-5,2045.1559968,5,2,0
100654,35/11-5,2045.3079968,5,2,0
100655,35/11-5,2045.4599967999998,2,2,1
100656,35/11-5,2045.6119967999998,2,2,1
100657,35/11-5,2045.7639967999999,2,2,1
100658,35/11-5,2045.9159968,2,2,1
100659,35/11-5,2046.0679968,2,2,1
100660,35/11-5,2046.2199967999998,2,2,1
100661,35/11-5,2046.3719967999998,2,2,1
100662,35/11-5,2046.5239967999998,2,2,1
100663,35/11-5,2046.6759968,2,2,1
100664,35/11-5,2046.8279968,2,2,1
100665,35/11-5,2046.9799967999998,2,2,1
100666,35/11-5,2047.1319967999998,2,2,1
100667,35/11-5,2047.2839967999998,2,2,1
100668,35/11-5,2047.4359967999999,2,2,1
100669,35/11-5,2047.5879968,2,2,1
100670,35/11-5,2047.7399967999997,2,2,1
100671,35/11-5,2047.8919967999998,2,2,1
100672,35/11-5,2048.0439968,2,2,1
100673,35/11-5,2048.1959967999996,2,2,1
100674,35/11-5,2048.3479967999997,2,2,1
100675,35/11-5,2048.4999967999997,2,2,1
100676,35/11-5,2048.6519968,2,2,1
100677,35/11-5,2048.8039968,2,2,1
100678,35/11-5,2048.9559968,2,2,1
100679,35/11-5,2049.1079968,2,2,1
100680,35/11-5,2049.2599968,2,2,1
100681,35/11-5,2049.4119968,2,2,1
100682,35/11-5,2049.5639968,2,2,1
100683,35/11-5,2049.7159967999996,2,2,1
100684,35/11-5,2049.8679967999997,2,2,1
100685,35/11-5,2050.0199967999997,2,2,1
100686,35/11-5,2050.1719967999998,2,2,1
100687,35/11-5,2050.3239968,2,2,1
100688,35/11-5,2050.4759968,2,2,1
100689,35/11-5,2050.6279968,2,2,1
100690,35/11-5,2050.7799968,2,2,1
100691,35/11-5,2050.9319968,2,2,1
100692,35/11-5,2051.0839968,2,2,1
100693,35/11-5,2051.2359968,2,2,1
100694,35/11-5,2051.3879967999997,2,2,1
100695,35/11-5,2051.5399967999997,2,2,1
100696,35/11-5,2051.6919967999997,2,2,1
100697,35/11-5,2051.8439968,2,2,1
100698,35/11-5,2051.9959968,2,2,1
100699,35/11-5,2052.1479968,2,2,1
100700,35/11-5,2052.2999968,2,2,1
100701,35/11-5,2052.4519968,2,2,1
100702,35/11-5,2052.6039968,2,2,1
100703,35/11-5,2052.7559968,2,2,1
100704,35/11-5,2052.9079967999996,2,2,1
100705,35/11-5,2053.0599967999997,2,2,1
100706,35/11-5,2053.2119967999997,2,2,1
100707,35/11-5,2053.3639967999998,2,2,1
100708,35/11-5,2053.5159968,2,2,1
100709,35/11-5,2053.6679968,2,2,1
100710,35/11-5,2053.8199968,2,2,1
100711,35/11-5,2053.9719968,2,2,1
100712,35/11-5,2054.1239968,2,2,1
100713,35/11-5,2054.2759968,2,2,1
100714,35/11-5,2054.4279968,2,2,1
100715,35/11-5,2054.5799967999997,2,2,1
100716,35/11-5,2054.7319967999997,2,2,1
100717,35/11-5,2054.8839967999997,2,2,1
100718,35/11-5,2055.0359968,2,2,1
100719,35/11-5,2055.1879968,2,2,1
100720,35/11-5,2055.3399968,5,2,0
100721,35/11-5,2055.4919968,5,5,1
100722,35/11-5,2055.6439968,5,5,1
100723,35/11-5,2055.7959968,5,2,0
100724,35/11-5,2055.9479968,5,2,0
100725,35/11-5,2056.0999967999996,2,2,1
100726,35/11-5,2056.2519967999997,2,2,1
100727,35/11-5,2056.4039967999997,2,2,1
100728,35/11-5,2056.5559968,2,2,1
100729,35/11-5,2056.7079968,2,2,1
100730,35/11-5,2056.8599968,2,2,1
100731,35/11-5,2057.0119968,2,2,1
100732,35/11-5,2057.1639968,2,2,1
100733,35/11-5,2057.3159968,2,2,1
100734,35/11-5,2057.4679968,2,2,1
100735,35/11-5,2057.6199967999996,2,2,1
100736,35/11-5,2057.7719967999997,2,2,1
100737,35/11-5,2057.9239967999997,2,2,1
100738,35/11-5,2058.0759967999998,2,2,1
100739,35/11-5,2058.2279968,2,2,1
100740,35/11-5,2058.3799968,2,2,1
100741,35/11-5,2058.5319968,2,2,1
100742,35/11-5,2058.6839968,2,2,1
100743,35/11-5,2058.8359968,2,2,1
100744,35/11-5,2058.9879968,2,2,1
100745,35/11-5,2059.1399968,2,2,1
100746,35/11-5,2059.2919967999997,2,2,1
100747,35/11-5,2059.4439967999997,2,2,1
100748,35/11-5,2059.5959967999997,2,2,1
100749,35/11-5,2059.7479968,2,2,1
100750,35/11-5,2059.8999968,2,2,1
100751,35/11-5,2060.0519968,2,2,1
100752,35/11-5,2060.2039968,2,2,1
100753,35/11-5,2060.3559968,2,2,1
100754,35/11-5,2060.5079968,2,2,1
100755,35/11-5,2060.6599968,2,2,1
100756,35/11-5,2060.8119967999996,2,2,1
100757,35/11-5,2060.9639967999997,2,2,1
100758,35/11-5,2061.1159967999997,2,2,1
100759,35/11-5,2061.2679967999998,2,2,1
100760,35/11-5,2061.4199968,2,2,1
100761,35/11-5,2061.5719968,2,2,1
100762,35/11-5,2061.7239968,2,2,1
100763,35/11-5,2061.8759968,2,2,1
100764,35/11-5,2062.0279968,2,2,1
100765,35/11-5,2062.1799968,2,2,1
100766,35/11-5,2062.3319968,2,2,1
100767,35/11-5,2062.4839967999997,2,2,1
100768,35/11-5,2062.6359967999997,2,2,1
100769,35/11-5,2062.7879967999997,2,2,1
100770,35/11-5,2062.9399968,2,2,1
100771,35/11-5,2063.0919968,2,2,1
100772,35/11-5,2063.2439968,2,2,1
100773,35/11-5,2063.3959968,2,2,1
100774,35/11-5,2063.5479968,2,2,1
100775,35/11-5,2063.6999968,2,2,1
100776,35/11-5,2063.8519968,2,2,1
100777,35/11-5,2064.0039967999996,2,2,1
100778,35/11-5,2064.1559967999997,2,2,1
100779,35/11-5,2064.3079967999997,2,2,1
100780,35/11-5,2064.4599967999998,2,2,1
100781,35/11-5,2064.6119968,2,2,1
100782,35/11-5,2064.7639968,2,2,1
100783,35/11-5,2064.9159968,2,2,1
100784,35/11-5,2065.0679968,2,2,1
100785,35/11-5,2065.2199968,2,2,1
100786,35/11-5,2065.3719968,2,2,1
100787,35/11-5,2065.5239967999996,2,2,1
100788,35/11-5,2065.6759967999997,2,2,1
100789,35/11-5,2065.8279967999997,2,2,1
100790,35/11-5,2065.9799967999998,2,2,1
100791,35/11-5,2066.1319968,2,2,1
100792,35/11-5,2066.2839968,2,2,1
100793,35/11-5,2066.4359968,2,2,1
100794,35/11-5,2066.5879968,2,5,0
100795,35/11-5,2066.7399968,2,5,0
100796,35/11-5,2066.8919968,5,5,1
100797,35/11-5,2067.0439968,5,5,1
100798,35/11-5,2067.1959967999996,5,5,1
100799,35/11-5,2067.3479967999997,5,5,1
100800,35/11-5,2067.4999967999997,5,2,0
100801,35/11-5,2067.6519968,2,2,1
100802,35/11-5,2067.8039968,2,2,1
100803,35/11-5,2067.9559968,2,2,1
100804,35/11-5,2068.1079968,2,2,1
100805,35/11-5,2068.2599968,2,2,1
100806,35/11-5,2068.4119968,2,2,1
100807,35/11-5,2068.5639968,2,2,1
100808,35/11-5,2068.7159967999996,2,2,1
100809,35/11-5,2068.8679967999997,2,2,1
100810,35/11-5,2069.0199967999997,2,2,1
100811,35/11-5,2069.1719967999998,2,2,1
100812,35/11-5,2069.3239968,2,2,1
100813,35/11-5,2069.4759968,2,2,1
100814,35/11-5,2069.6279968,2,2,1
100815,35/11-5,2069.7799968,2,2,1
100816,35/11-5,2069.9319968,2,2,1
100817,35/11-5,2070.0839968,2,5,0
100818,35/11-5,2070.2359968,2,2,1
100819,35/11-5,2070.3879967999997,5,2,0
100820,35/11-5,2070.5399967999997,5,2,0
100821,35/11-5,2070.6919967999997,5,2,0
100822,35/11-5,2070.8439968,2,2,1
100823,35/11-5,2070.9959968,2,2,1
100824,35/11-5,2071.1479968,2,2,1
100825,35/11-5,2071.2999968,2,2,1
100826,35/11-5,2071.4519968,2,2,1
100827,35/11-5,2071.6039968,2,2,1
100828,35/11-5,2071.7559968,2,2,1
100829,35/11-5,2071.9079967999996,2,2,1
100830,35/11-5,2072.0599967999997,2,2,1
100831,35/11-5,2072.2119967999997,2,2,1
100832,35/11-5,2072.3639967999998,2,2,1
100833,35/11-5,2072.5159968,2,2,1
100834,35/11-5,2072.6679968,2,2,1
100835,35/11-5,2072.8199968,2,2,1
100836,35/11-5,2072.9719968,2,2,1
100837,35/11-5,2073.1239968,2,2,1
100838,35/11-5,2073.2759968,2,2,1
100839,35/11-5,2073.4279968,2,2,1
100840,35/11-5,2073.5799967999997,2,2,1
100841,35/11-5,2073.7319967999997,2,2,1
100842,35/11-5,2073.8839967999997,2,2,1
100843,35/11-5,2074.0359968,2,2,1
100844,35/11-5,2074.1879968,2,2,1
100845,35/11-5,2074.3399968,2,2,1
100846,35/11-5,2074.4919968,2,2,1
100847,35/11-5,2074.6439968,2,2,1
100848,35/11-5,2074.7959968,2,2,1
100849,35/11-5,2074.9479968,2,2,1
100850,35/11-5,2075.0999967999996,2,2,1
100851,35/11-5,2075.2519967999997,2,2,1
100852,35/11-5,2075.4039967999997,2,2,1
100853,35/11-5,2075.5559968,2,2,1
100854,35/11-5,2075.7079968,2,2,1
100855,35/11-5,2075.8599968,2,2,1
100856,35/11-5,2076.0119968,2,2,1
100857,35/11-5,2076.1639968,2,2,1
100858,35/11-5,2076.3159968,2,2,1
100859,35/11-5,2076.4679968,2,2,1
100860,35/11-5,2076.6199967999996,2,2,1
100861,35/11-5,2076.7719967999997,2,2,1
100862,35/11-5,2076.9239967999997,2,2,1
100863,35/11-5,2077.0759967999998,2,2,1
100864,35/11-5,2077.2279968,2,2,1
100865,35/11-5,2077.3799968,2,2,1
100866,35/11-5,2077.5319968,2,2,1
100867,35/11-5,2077.6839968,2,2,1
100868,35/11-5,2077.8359968,2,2,1
100869,35/11-5,2077.9879968,2,2,1
100870,35/11-5,2078.1399968,2,2,1
100871,35/11-5,2078.2919967999997,2,2,1
100872,35/11-5,2078.4439967999997,2,2,1
100873,35/11-5,2078.5959967999997,2,2,1
100874,35/11-5,2078.7479968,2,2,1
100875,35/11-5,2078.8999968,2,2,1
100876,35/11-5,2079.0519968,2,2,1
100877,35/11-5,2079.2039968,2,2,1
100878,35/11-5,2079.3559968,2,2,1
100879,35/11-5,2079.5079968,2,2,1
100880,35/11-5,2079.6599968,2,5,0
100881,35/11-5,2079.8119967999996,5,2,0
100882,35/11-5,2079.9639967999997,5,2,0
100883,35/11-5,2080.1159967999997,5,2,0
100884,35/11-5,2080.2679967999998,5,2,0
100885,35/11-5,2080.4199968,2,2,1
100886,35/11-5,2080.5719968,2,2,1
100887,35/11-5,2080.7239968,2,2,1
100888,35/11-5,2080.8759968,2,2,1
100889,35/11-5,2081.0279968,2,2,1
100890,35/11-5,2081.1799968,2,2,1
100891,35/11-5,2081.3319968,2,2,1
100892,35/11-5,2081.4839967999997,2,2,1
100893,35/11-5,2081.6359967999997,2,2,1
100894,35/11-5,2081.7879967999997,2,2,1
100895,35/11-5,2081.9399968,2,2,1
100896,35/11-5,2082.0919968,2,2,1
100897,35/11-5,2082.2439968,2,2,1
100898,35/11-5,2082.3959968,2,2,1
100899,35/11-5,2082.5479968,2,2,1
100900,35/11-5,2082.6999968,2,2,1
100901,35/11-5,2082.8519968,0,2,0
100902,35/11-5,2083.0039967999996,0,2,0
100903,35/11-5,2083.1559967999997,0,2,0
100904,35/11-5,2083.3079967999997,0,5,0
100905,35/11-5,2083.4599967999998,0,5,0
100906,35/11-5,2083.6119968,0,2,0
100907,35/11-5,2083.7639968,0,2,0
100908,35/11-5,2083.9159968,0,2,0
100909,35/11-5,2084.0679968,0,2,0
100910,35/11-5,2084.2199968,2,2,1
100911,35/11-5,2084.3719968,2,2,1
100912,35/11-5,2084.5239967999996,2,2,1
100913,35/11-5,2084.6759967999997,2,2,1
100914,35/11-5,2084.8279967999997,2,2,1
100915,35/11-5,2084.9799967999998,2,2,1
100916,35/11-5,2085.1319968,2,2,1
100917,35/11-5,2085.2839968,2,2,1
100918,35/11-5,2085.4359968,2,2,1
100919,35/11-5,2085.5879968,2,2,1
100920,35/11-5,2085.7399968,2,2,1
100921,35/11-5,2085.8919968,2,2,1
100922,35/11-5,2086.0439968,2,2,1
100923,35/11-5,2086.1959967999996,2,2,1
100924,35/11-5,2086.3479967999997,2,2,1
100925,35/11-5,2086.4999967999997,2,2,1
100926,35/11-5,2086.6519968,2,2,1
100927,35/11-5,2086.8039968,2,2,1
100928,35/11-5,2086.9559968,2,2,1
100929,35/11-5,2087.1079968,2,2,1
100930,35/11-5,2087.2599968,2,2,1
100931,35/11-5,2087.4119968,2,2,1
100932,35/11-5,2087.5639968,2,2,1
100933,35/11-5,2087.7159967999996,2,2,1
100934,35/11-5,2087.8679967999997,2,2,1
100935,35/11-5,2088.0199967999997,5,2,0
100936,35/11-5,2088.1719967999998,5,2,0
100937,35/11-5,2088.3239968,5,2,0
100938,35/11-5,2088.4759968,5,2,0
100939,35/11-5,2088.6279968,5,2,0
100940,35/11-5,2088.7799968,5,2,0
100941,35/11-5,2088.9319968,5,2,0
100942,35/11-5,2089.0839968,2,2,1
100943,35/11-5,2089.2359968,2,2,1
100944,35/11-5,2089.3879967999997,2,2,1
100945,35/11-5,2089.5399967999997,2,2,1
100946,35/11-5,2089.6919967999997,2,2,1
100947,35/11-5,2089.8439968,2,2,1
100948,35/11-5,2089.9959968,2,2,1
100949,35/11-5,2090.1479968,2,2,1
100950,35/11-5,2090.2999968,2,2,1
100951,35/11-5,2090.4519968,2,2,1
100952,35/11-5,2090.6039968,2,2,1
100953,35/11-5,2090.7559968,2,2,1
100954,35/11-5,2090.9079967999996,2,2,1
100955,35/11-5,2091.0599967999997,2,2,1
100956,35/11-5,2091.2119967999997,2,2,1
100957,35/11-5,2091.3639967999998,2,2,1
100958,35/11-5,2091.5159968,2,2,1
100959,35/11-5,2091.6679968,2,2,1
100960,35/11-5,2091.8199968,2,2,1
100961,35/11-5,2091.9719968,2,2,1
100962,35/11-5,2092.1239968,2,2,1
100963,35/11-5,2092.2759968,2,2,1
100964,35/11-5,2092.4279968,2,2,1
100965,35/11-5,2092.5799967999997,2,2,1
100966,35/11-5,2092.7319967999997,2,2,1
100967,35/11-5,2092.8839967999997,2,2,1
100968,35/11-5,2093.0359968,2,2,1
100969,35/11-5,2093.1879968,2,2,1
100970,35/11-5,2093.3399968,2,2,1
100971,35/11-5,2093.4919968,2,2,1
100972,35/11-5,2093.6439968,2,2,1
100973,35/11-5,2093.7959968,2,2,1
100974,35/11-5,2093.9479968,2,2,1
100975,35/11-5,2094.0999967999996,2,2,1
100976,35/11-5,2094.2519967999997,2,2,1
100977,35/11-5,2094.4039967999997,2,2,1
100978,35/11-5,2094.5559968,2,2,1
100979,35/11-5,2094.7079968,2,2,1
100980,35/11-5,2094.8599968,2,2,1
100981,35/11-5,2095.0119968,2,2,1
100982,35/11-5,2095.1639968,2,2,1
100983,35/11-5,2095.3159968,2,2,1
100984,35/11-5,2095.4679968,2,2,1
100985,35/11-5,2095.6199967999996,2,2,1
100986,35/11-5,2095.7719967999997,2,2,1
100987,35/11-5,2095.9239967999997,2,2,1
100988,35/11-5,2096.0759967999998,2,2,1
100989,35/11-5,2096.2279968,2,2,1
100990,35/11-5,2096.3799968,2,2,1
100991,35/11-5,2096.5319968,2,2,1
100992,35/11-5,2096.6839968,2,2,1
100993,35/11-5,2096.8359968,2,2,1
100994,35/11-5,2096.9879968,2,2,1
100995,35/11-5,2097.1399968,2,2,1
100996,35/11-5,2097.2919967999997,2,2,1
100997,35/11-5,2097.4439967999997,2,2,1
100998,35/11-5,2097.5959967999997,2,2,1
100999,35/11-5,2097.7479968,2,2,1
101000,35/11-5,2097.8999968,2,2,1
101001,35/11-5,2098.0519968,2,2,1
101002,35/11-5,2098.2039968,2,2,1
101003,35/11-5,2098.3559968,2,2,1
101004,35/11-5,2098.5079968,2,2,1
101005,35/11-5,2098.6599968,2,2,1
101006,35/11-5,2098.8119967999996,2,2,1
101007,35/11-5,2098.9639967999997,2,2,1
101008,35/11-5,2099.1159967999997,2,2,1
101009,35/11-5,2099.2679967999998,2,2,1
101010,35/11-5,2099.4199968,2,2,1
101011,35/11-5,2099.5719968,2,2,1
101012,35/11-5,2099.7239968,2,2,1
101013,35/11-5,2099.8759968,2,2,1
101014,35/11-5,2100.0279968,2,2,1
101015,35/11-5,2100.1799968,2,2,1
101016,35/11-5,2100.3319968,2,2,1
101017,35/11-5,2100.4839967999997,2,2,1
101018,35/11-5,2100.6359967999997,2,2,1
101019,35/11-5,2100.7879967999997,2,2,1
101020,35/11-5,2100.9399968,2,2,1
101021,35/11-5,2101.0919968,2,2,1
101022,35/11-5,2101.2439968,2,2,1
101023,35/11-5,2101.3959968,2,2,1
101024,35/11-5,2101.5479968,2,2,1
101025,35/11-5,2101.6999968,2,2,1
101026,35/11-5,2101.8519968,2,2,1
101027,35/11-5,2102.0039967999996,2,2,1
101028,35/11-5,2102.1559967999997,2,2,1
101029,35/11-5,2102.3079967999997,2,2,1
101030,35/11-5,2102.4599967999998,2,2,1
101031,35/11-5,2102.6119968,2,2,1
101032,35/11-5,2102.7639968,2,2,1
101033,35/11-5,2102.9159968,2,2,1
101034,35/11-5,2103.0679968,2,2,1
101035,35/11-5,2103.2199968,2,2,1
101036,35/11-5,2103.3719968,2,2,1
101037,35/11-5,2103.5239967999996,2,2,1
101038,35/11-5,2103.6759967999997,2,2,1
101039,35/11-5,2103.8279967999997,2,2,1
101040,35/11-5,2103.9799967999998,2,2,1
101041,35/11-5,2104.1319968,2,2,1
101042,35/11-5,2104.2839968,2,2,1
101043,35/11-5,2104.4359968,2,2,1
101044,35/11-5,2104.5879968,2,2,1
101045,35/11-5,2104.7399968,2,2,1
101046,35/11-5,2104.8919968,2,2,1
101047,35/11-5,2105.0439968,2,2,1
101048,35/11-5,2105.1959967999996,2,2,1
101049,35/11-5,2105.3479967999997,2,2,1
101050,35/11-5,2105.4999967999997,2,2,1
101051,35/11-5,2105.6519968,2,2,1
101052,35/11-5,2105.8039968,2,2,1
101053,35/11-5,2105.9559968,2,2,1
101054,35/11-5,2106.1079968,2,2,1
101055,35/11-5,2106.2599968,2,2,1
101056,35/11-5,2106.4119968,2,2,1
101057,35/11-5,2106.5639968,2,2,1
101058,35/11-5,2106.7159967999996,2,2,1
101059,35/11-5,2106.8679967999997,2,2,1
101060,35/11-5,2107.0199967999997,2,2,1
101061,35/11-5,2107.1719967999998,2,2,1
101062,35/11-5,2107.3239968,2,2,1
101063,35/11-5,2107.4759968,2,2,1
101064,35/11-5,2107.6279968,2,2,1
101065,35/11-5,2107.7799968,0,2,0
101066,35/11-5,2107.9319968,0,2,0
101067,35/11-5,2108.0839968,0,2,0
101068,35/11-5,2108.2359968,0,2,0
101069,35/11-5,2108.3879967999997,0,2,0
101070,35/11-5,2108.5399967999997,2,2,1
101071,35/11-5,2108.6919967999997,2,2,1
101072,35/11-5,2108.8439968,2,2,1
101073,35/11-5,2108.9959968,2,2,1
101074,35/11-5,2109.1479968,2,2,1
101075,35/11-5,2109.2999968,2,2,1
101076,35/11-5,2109.4519968,2,2,1
101077,35/11-5,2109.6039968,2,2,1
101078,35/11-5,2109.7559968,2,2,1
101079,35/11-5,2109.9079967999996,2,2,1
101080,35/11-5,2110.0599967999997,2,2,1
101081,35/11-5,2110.2119967999997,2,2,1
101082,35/11-5,2110.3639967999998,2,2,1
101083,35/11-5,2110.5159968,2,2,1
101084,35/11-5,2110.6679968,2,2,1
101085,35/11-5,2110.8199968,2,2,1
101086,35/11-5,2110.9719968,2,2,1
101087,35/11-5,2111.1239968,2,2,1
101088,35/11-5,2111.2759968,2,2,1
101089,35/11-5,2111.4279968,2,2,1
101090,35/11-5,2111.5799967999997,2,2,1
101091,35/11-5,2111.7319967999997,2,2,1
101092,35/11-5,2111.8839967999997,2,2,1
101093,35/11-5,2112.0359968,2,2,1
101094,35/11-5,2112.1879968,2,2,1
101095,35/11-5,2112.3399968,2,2,1
101096,35/11-5,2112.4919968,2,2,1
101097,35/11-5,2112.6439968,2,2,1
101098,35/11-5,2112.7959968,2,2,1
101099,35/11-5,2112.9479968,2,2,1
101100,35/11-5,2113.0999967999996,2,2,1
101101,35/11-5,2113.2519967999997,0,2,0
101102,35/11-5,2113.4039967999997,0,2,0
101103,35/11-5,2113.5559968,0,2,0
101104,35/11-5,2113.7079968,0,2,0
101105,35/11-5,2113.8599968,2,2,1
101106,35/11-5,2114.0119968,2,2,1
101107,35/11-5,2114.1639968,2,2,1
101108,35/11-5,2114.3159968,2,2,1
101109,35/11-5,2114.4679968,2,2,1
101110,35/11-5,2114.6199967999996,2,2,1
101111,35/11-5,2114.7719967999997,2,2,1
101112,35/11-5,2114.9239967999997,2,2,1
101113,35/11-5,2115.0759967999998,2,2,1
101114,35/11-5,2115.2279968,2,2,1
101115,35/11-5,2115.3799968,2,2,1
101116,35/11-5,2115.5319968,2,2,1
101117,35/11-5,2115.6839968,2,2,1
101118,35/11-5,2115.8359968,2,2,1
101119,35/11-5,2115.9879968,2,2,1
101120,35/11-5,2116.1399968,2,2,1
101121,35/11-5,2116.2919967999997,2,2,1
101122,35/11-5,2116.4439967999997,2,2,1
101123,35/11-5,2116.5959967999997,2,2,1
101124,35/11-5,2116.7479968,2,2,1
101125,35/11-5,2116.8999968,2,2,1
101126,35/11-5,2117.0519968,2,2,1
101127,35/11-5,2117.2039968,2,2,1
101128,35/11-5,2117.3559968,2,2,1
101129,35/11-5,2117.5079968,2,2,1
101130,35/11-5,2117.6599968,2,2,1
101131,35/11-5,2117.8119967999996,2,2,1
101132,35/11-5,2117.9639967999997,2,2,1
101133,35/11-5,2118.1159967999997,2,2,1
101134,35/11-5,2118.2679967999998,2,2,1
101135,35/11-5,2118.4199968,2,2,1
101136,35/11-5,2118.5719968,2,2,1
101137,35/11-5,2118.7239968,2,2,1
101138,35/11-5,2118.8759968,2,2,1
101139,35/11-5,2119.0279968,2,2,1
101140,35/11-5,2119.1799968,2,2,1
101141,35/11-5,2119.3319968,2,2,1
101142,35/11-5,2119.4839967999997,2,2,1
101143,35/11-5,2119.6359967999997,2,2,1
101144,35/11-5,2119.7879967999997,2,2,1
101145,35/11-5,2119.9399968,2,2,1
101146,35/11-5,2120.0919968,2,2,1
101147,35/11-5,2120.2439968,2,2,1
101148,35/11-5,2120.3959968,2,2,1
101149,35/11-5,2120.5479968,0,2,0
101150,35/11-5,2120.6999968,0,2,0
101151,35/11-5,2120.8519968,0,2,0
101152,35/11-5,2121.0039967999996,0,2,0
101153,35/11-5,2121.1559967999997,0,2,0
101154,35/11-5,2121.3079967999997,0,2,0
101155,35/11-5,2121.4599967999998,0,2,0
101156,35/11-5,2121.6119968,0,2,0
101157,35/11-5,2121.7639968,0,2,0
101158,35/11-5,2121.9159968,2,2,1
101159,35/11-5,2122.0679968,2,2,1
101160,35/11-5,2122.2199968,2,2,1
101161,35/11-5,2122.3719968,2,2,1
101162,35/11-5,2122.5239967999996,2,2,1
101163,35/11-5,2122.6759967999997,2,2,1
101164,35/11-5,2122.8279967999997,2,2,1
101165,35/11-5,2122.9799967999998,2,2,1
101166,35/11-5,2123.1319968,2,2,1
101167,35/11-5,2123.2839968,2,2,1
101168,35/11-5,2123.4359968,2,2,1
101169,35/11-5,2123.5879968,2,2,1
101170,35/11-5,2123.7399968,2,2,1
101171,35/11-5,2123.8919968,2,2,1
101172,35/11-5,2124.0439968,2,2,1
101173,35/11-5,2124.1959967999996,2,2,1
101174,35/11-5,2124.3479967999997,2,2,1
101175,35/11-5,2124.4999967999997,2,2,1
101176,35/11-5,2124.6519968,2,2,1
101177,35/11-5,2124.8039968,2,2,1
101178,35/11-5,2124.9559968,2,2,1
101179,35/11-5,2125.1079968,2,2,1
101180,35/11-5,2125.2599968,2,2,1
101181,35/11-5,2125.4119968,2,2,1
101182,35/11-5,2125.5639968,2,2,1
101183,35/11-5,2125.7159967999996,2,2,1
101184,35/11-5,2125.8679967999997,2,2,1
101185,35/11-5,2126.0199967999997,2,2,1
101186,35/11-5,2126.1719967999998,2,2,1
101187,35/11-5,2126.3239968,2,2,1
101188,35/11-5,2126.4759968,2,2,1
101189,35/11-5,2126.6279968,2,2,1
101190,35/11-5,2126.7799968,2,2,1
101191,35/11-5,2126.9319968,2,2,1
101192,35/11-5,2127.0839968,2,2,1
101193,35/11-5,2127.2359968,2,2,1
101194,35/11-5,2127.3879967999997,2,2,1
101195,35/11-5,2127.5399967999997,2,2,1
101196,35/11-5,2127.6919967999997,2,2,1
101197,35/11-5,2127.8439968,2,2,1
101198,35/11-5,2127.9959968,2,2,1
101199,35/11-5,2128.1479968,2,2,1
101200,35/11-5,2128.2999968,2,2,1
101201,35/11-5,2128.4519968,2,2,1
101202,35/11-5,2128.6039968,2,2,1
101203,35/11-5,2128.7559968,2,2,1
101204,35/11-5,2128.9079967999996,2,2,1
101205,35/11-5,2129.0599967999997,2,2,1
101206,35/11-5,2129.2119967999997,2,2,1
101207,35/11-5,2129.3639967999998,2,2,1
101208,35/11-5,2129.5159968,2,2,1
101209,35/11-5,2129.6679968,2,2,1
101210,35/11-5,2129.8199968,2,2,1
101211,35/11-5,2129.9719968,2,2,1
101212,35/11-5,2130.1239968,2,2,1
101213,35/11-5,2130.2759968,2,2,1
101214,35/11-5,2130.4279968,2,2,1
101215,35/11-5,2130.5799967999997,2,2,1
101216,35/11-5,2130.7319967999997,2,2,1
101217,35/11-5,2130.8839967999997,2,2,1
101218,35/11-5,2131.0359968,2,2,1
101219,35/11-5,2131.1879968,2,2,1
101220,35/11-5,2131.3399968,2,2,1
101221,35/11-5,2131.4919968,2,2,1
101222,35/11-5,2131.6439968,2,2,1
101223,35/11-5,2131.7959968,2,2,1
101224,35/11-5,2131.9479968,2,2,1
101225,35/11-5,2132.0999967999996,2,2,1
101226,35/11-5,2132.2519967999997,2,2,1
101227,35/11-5,2132.4039967999997,2,2,1
101228,35/11-5,2132.5559968,2,2,1
101229,35/11-5,2132.7079968,2,2,1
101230,35/11-5,2132.8599968,2,2,1
101231,35/11-5,2133.0119968,2,2,1
101232,35/11-5,2133.1639968,2,2,1
101233,35/11-5,2133.3159968,2,2,1
101234,35/11-5,2133.4679968,2,2,1
101235,35/11-5,2133.6199967999996,2,2,1
101236,35/11-5,2133.7719967999997,2,2,1
101237,35/11-5,2133.9239967999997,2,2,1
101238,35/11-5,2134.0759967999998,2,2,1
101239,35/11-5,2134.2279968,2,2,1
101240,35/11-5,2134.3799968,2,2,1
101241,35/11-5,2134.5319968,2,2,1
101242,35/11-5,2134.6839968,2,2,1
101243,35/11-5,2134.8359968,2,2,1
101244,35/11-5,2134.9879968,2,2,1
101245,35/11-5,2135.1399968,2,2,1
101246,35/11-5,2135.2919967999997,2,2,1
101247,35/11-5,2135.4439967999997,2,2,1
101248,35/11-5,2135.5959967999997,2,2,1
101249,35/11-5,2135.7479968,2,2,1
101250,35/11-5,2135.8999968,2,2,1
101251,35/11-5,2136.0519968,2,2,1
101252,35/11-5,2136.2039968,2,2,1
101253,35/11-5,2136.3559968,2,2,1
101254,35/11-5,2136.5079968,2,2,1
101255,35/11-5,2136.6599968,2,2,1
101256,35/11-5,2136.8119967999996,2,2,1
101257,35/11-5,2136.9639967999997,2,2,1
101258,35/11-5,2137.1159967999997,2,2,1
101259,35/11-5,2137.2679967999998,2,2,1
101260,35/11-5,2137.4199968,2,2,1
101261,35/11-5,2137.5719968,2,2,1
101262,35/11-5,2137.7239968,2,2,1
101263,35/11-5,2137.8759968,2,2,1
101264,35/11-5,2138.0279968,2,2,1
101265,35/11-5,2138.1799968,2,2,1
101266,35/11-5,2138.3319968,2,2,1
101267,35/11-5,2138.4839967999997,2,2,1
101268,35/11-5,2138.6359967999997,2,2,1
101269,35/11-5,2138.7879967999997,2,2,1
101270,35/11-5,2138.9399968,2,2,1
101271,35/11-5,2139.0919968,2,2,1
101272,35/11-5,2139.2439968,2,2,1
101273,35/11-5,2139.3959968,2,2,1
101274,35/11-5,2139.5479968,2,2,1
101275,35/11-5,2139.6999968,2,2,1
101276,35/11-5,2139.8519968,2,2,1
101277,35/11-5,2140.0039967999996,2,2,1
101278,35/11-5,2140.1559967999997,2,2,1
101279,35/11-5,2140.3079967999997,2,2,1
101280,35/11-5,2140.4599967999998,2,2,1
101281,35/11-5,2140.6119968,2,2,1
101282,35/11-5,2140.7639968,2,2,1
101283,35/11-5,2140.9159968,2,2,1
101284,35/11-5,2141.0679968,2,2,1
101285,35/11-5,2141.2199968,2,2,1
101286,35/11-5,2141.3719968,2,2,1
101287,35/11-5,2141.5239967999996,2,2,1
101288,35/11-5,2141.6759967999997,2,2,1
101289,35/11-5,2141.8279967999997,2,2,1
101290,35/11-5,2141.9799967999998,2,2,1
101291,35/11-5,2142.1319968,2,2,1
101292,35/11-5,2142.2839968,2,2,1
101293,35/11-5,2142.4359968,2,2,1
101294,35/11-5,2142.5879968,2,2,1
101295,35/11-5,2142.7399968,2,2,1
101296,35/11-5,2142.8919968,2,2,1
101297,35/11-5,2143.0439968,2,2,1
101298,35/11-5,2143.1959967999996,2,2,1
101299,35/11-5,2143.3479967999997,2,2,1
101300,35/11-5,2143.4999967999997,2,2,1
101301,35/11-5,2143.6519968,2,2,1
101302,35/11-5,2143.8039968,2,2,1
101303,35/11-5,2143.9559968,2,2,1
101304,35/11-5,2144.1079968,2,2,1
101305,35/11-5,2144.2599968,2,2,1
101306,35/11-5,2144.4119968,2,2,1
101307,35/11-5,2144.5639968,2,2,1
101308,35/11-5,2144.7159967999996,2,2,1
101309,35/11-5,2144.8679967999997,2,2,1
101310,35/11-5,2145.0199967999997,0,2,0
101311,35/11-5,2145.1719967999998,0,2,0
101312,35/11-5,2145.3239968,0,2,0
101313,35/11-5,2145.4759968,0,2,0
101314,35/11-5,2145.6279968,0,2,0
101315,35/11-5,2145.7799968,0,2,0
101316,35/11-5,2145.9319968,2,2,1
101317,35/11-5,2146.0839968,2,2,1
101318,35/11-5,2146.2359968,2,2,1
101319,35/11-5,2146.3879967999997,2,2,1
101320,35/11-5,2146.5399967999997,2,2,1
101321,35/11-5,2146.6919967999997,2,2,1
101322,35/11-5,2146.8439968,2,2,1
101323,35/11-5,2146.9959968,2,2,1
101324,35/11-5,2147.1479968,2,2,1
101325,35/11-5,2147.2999968,2,2,1
101326,35/11-5,2147.4519968,2,2,1
101327,35/11-5,2147.6039968,2,2,1
101328,35/11-5,2147.7559968,2,2,1
101329,35/11-5,2147.9079968,2,2,1
101330,35/11-5,2148.0599968,2,2,1
101331,35/11-5,2148.2119968,2,2,1
101332,35/11-5,2148.3639968,2,2,1
101333,35/11-5,2148.5159968000003,2,2,1
101334,35/11-5,2148.6679968000003,2,2,1
101335,35/11-5,2148.8199968000004,2,2,1
101336,35/11-5,2148.9719968000004,2,2,1
101337,35/11-5,2149.1239968000004,2,2,1
101338,35/11-5,2149.2759968,2,2,1
101339,35/11-5,2149.4279968,0,2,0
101340,35/11-5,2149.5799968,0,2,0
101341,35/11-5,2149.7319968,0,2,0
101342,35/11-5,2149.8839968,0,2,0
101343,35/11-5,2150.0359968000002,0,2,0
101344,35/11-5,2150.1879968000003,2,2,1
101345,35/11-5,2150.3399968000003,2,2,1
101346,35/11-5,2150.4919968000004,2,2,1
101347,35/11-5,2150.6439968000004,2,2,1
101348,35/11-5,2150.7959968,2,2,1
101349,35/11-5,2150.9479968,2,2,1
101350,35/11-5,2151.0999968,2,2,1
101351,35/11-5,2151.2519968,2,2,1
101352,35/11-5,2151.4039968,2,2,1
101353,35/11-5,2151.5559968000002,2,2,1
101354,35/11-5,2151.7079968000003,2,2,1
101355,35/11-5,2151.8599968000003,2,2,1
101356,35/11-5,2152.0119968000004,2,2,1
101357,35/11-5,2152.1639968000004,2,2,1
101358,35/11-5,2152.3159968,2,2,1
101359,35/11-5,2152.4679968,2,2,1
101360,35/11-5,2152.6199968,2,2,1
101361,35/11-5,2152.7719968,2,2,1
101362,35/11-5,2152.9239968,2,2,1
101363,35/11-5,2153.0759968,2,2,1
101364,35/11-5,2153.2279968000003,2,2,1
101365,35/11-5,2153.3799968000003,2,2,1
101366,35/11-5,2153.5319968000003,2,2,1
101367,35/11-5,2153.6839968000004,2,2,1
101368,35/11-5,2153.8359968000004,2,2,1
101369,35/11-5,2153.9879968,2,2,1
101370,35/11-5,2154.1399968,2,2,1
101371,35/11-5,2154.2919968,2,2,1
101372,35/11-5,2154.4439968,2,2,1
101373,35/11-5,2154.5959968,2,2,1
101374,35/11-5,2154.7479968000002,2,2,1
101375,35/11-5,2154.8999968000003,2,2,1
101376,35/11-5,2155.0519968000003,2,2,1
101377,35/11-5,2155.2039968000004,2,2,1
101378,35/11-5,2155.3559968000004,2,2,1
101379,35/11-5,2155.5079968,2,2,1
101380,35/11-5,2155.6599968,2,2,1
101381,35/11-5,2155.8119968,2,2,1
101382,35/11-5,2155.9639968,2,2,1
101383,35/11-5,2156.1159968,2,2,1
101384,35/11-5,2156.2679968,2,2,1
101385,35/11-5,2156.4199968000003,2,2,1
101386,35/11-5,2156.5719968000003,2,2,1
101387,35/11-5,2156.7239968000004,2,2,1
101388,35/11-5,2156.8759968000004,2,2,1
101389,35/11-5,2157.0279968000004,2,2,1
101390,35/11-5,2157.1799968,2,2,1
101391,35/11-5,2157.3319968,2,2,1
101392,35/11-5,2157.4839968,2,2,1
101393,35/11-5,2157.6359968,2,2,1
101394,35/11-5,2157.7879968,2,2,1
101395,35/11-5,2157.9399968000002,2,2,1
101396,35/11-5,2158.0919968000003,2,2,1
101397,35/11-5,2158.2439968000003,2,2,1
101398,35/11-5,2158.3959968000004,2,2,1
101399,35/11-5,2158.5479968000004,2,2,1
101400,35/11-5,2158.6999968,2,2,1
101401,35/11-5,2158.8519968,2,2,1
101402,35/11-5,2159.0039968,2,2,1
101403,35/11-5,2159.1559968,2,2,1
101404,35/11-5,2159.3079968,2,2,1
101405,35/11-5,2159.4599968,2,2,1
101406,35/11-5,2159.6119968000003,2,2,1
101407,35/11-5,2159.7639968000003,2,2,1
101408,35/11-5,2159.9159968000004,2,2,1
101409,35/11-5,2160.0679968000004,2,2,1
101410,35/11-5,2160.2199968000004,2,2,1
101411,35/11-5,2160.3719968,2,2,1
101412,35/11-5,2160.5239968,2,2,1
101413,35/11-5,2160.6759968,2,2,1
101414,35/11-5,2160.8279968,2,2,1
101415,35/11-5,2160.9799968,2,2,1
101416,35/11-5,2161.1319968000003,2,2,1
101417,35/11-5,2161.2839968000003,2,2,1
101418,35/11-5,2161.4359968000003,2,2,1
101419,35/11-5,2161.5879968000004,2,2,1
101420,35/11-5,2161.7399968000004,2,2,1
101421,35/11-5,2161.8919968,2,2,1
101422,35/11-5,2162.0439968,2,2,1
101423,35/11-5,2162.1959968,2,2,1
101424,35/11-5,2162.3479968,2,2,1
101425,35/11-5,2162.4999968,2,2,1
101426,35/11-5,2162.6519968000002,2,2,1
101427,35/11-5,2162.8039968000003,2,2,1
101428,35/11-5,2162.9559968000003,2,2,1
101429,35/11-5,2163.1079968000004,2,2,1
101430,35/11-5,2163.2599968000004,2,2,1
101431,35/11-5,2163.4119968,2,2,1
101432,35/11-5,2163.5639968,2,2,1
101433,35/11-5,2163.7159968,2,2,1
101434,35/11-5,2163.8679968,2,2,1
101435,35/11-5,2164.0199968,2,2,1
101436,35/11-5,2164.1719968,2,2,1
101437,35/11-5,2164.3239968000003,2,2,1
101438,35/11-5,2164.4759968000003,2,2,1
101439,35/11-5,2164.6279968000003,2,2,1
101440,35/11-5,2164.7799968000004,2,2,1
101441,35/11-5,2164.9319968000004,2,2,1
101442,35/11-5,2165.0839968,2,2,1
101443,35/11-5,2165.2359968,2,2,1
101444,35/11-5,2165.3879968,2,2,1
101445,35/11-5,2165.5399968,2,2,1
101446,35/11-5,2165.6919968,2,2,1
101447,35/11-5,2165.8439968000002,2,2,1
101448,35/11-5,2165.9959968000003,2,2,1
101449,35/11-5,2166.1479968000003,2,2,1
101450,35/11-5,2166.2999968000004,2,2,1
101451,35/11-5,2166.4519968000004,2,2,1
101452,35/11-5,2166.6039968,2,2,1
101453,35/11-5,2166.7559968,2,2,1
101454,35/11-5,2166.9079968,2,2,1
101455,35/11-5,2167.0599968,2,2,1
101456,35/11-5,2167.2119968,2,2,1
101457,35/11-5,2167.3639968,2,2,1
101458,35/11-5,2167.5159968000003,2,2,1
101459,35/11-5,2167.6679968000003,2,2,1
101460,35/11-5,2167.8199968000004,2,2,1
101461,35/11-5,2167.9719968000004,2,2,1
101462,35/11-5,2168.1239968000004,2,2,1
101463,35/11-5,2168.2759968,2,2,1
101464,35/11-5,2168.4279968,2,2,1
101465,35/11-5,2168.5799968,2,2,1
101466,35/11-5,2168.7319968,2,2,1
101467,35/11-5,2168.8839968,2,2,1
101468,35/11-5,2169.0359968000002,2,2,1
101469,35/11-5,2169.1879968000003,2,2,1
101470,35/11-5,2169.3399968000003,2,2,1
101471,35/11-5,2169.4919968000004,2,2,1
101472,35/11-5,2169.6439968000004,2,2,1
101473,35/11-5,2169.7959968,2,2,1
101474,35/11-5,2169.9479968,2,2,1
101475,35/11-5,2170.0999968,2,2,1
101476,35/11-5,2170.2519968,2,2,1
101477,35/11-5,2170.4039968,2,2,1
101478,35/11-5,2170.5559968000002,2,2,1
101479,35/11-5,2170.7079968000003,2,2,1
101480,35/11-5,2170.8599968000003,2,2,1
101481,35/11-5,2171.0119968000004,2,2,1
101482,35/11-5,2171.1639968000004,2,2,1
101483,35/11-5,2171.3159968,2,2,1
101484,35/11-5,2171.4679968,2,2,1
101485,35/11-5,2171.6199968,2,2,1
101486,35/11-5,2171.7719968,2,2,1
101487,35/11-5,2171.9239968,2,2,1
101488,35/11-5,2172.0759968,2,2,1
101489,35/11-5,2172.2279968000003,2,2,1
101490,35/11-5,2172.3799968000003,2,2,1
101491,35/11-5,2172.5319968000003,2,2,1
101492,35/11-5,2172.6839968000004,2,2,1
101493,35/11-5,2172.8359968000004,2,2,1
101494,35/11-5,2172.9879968,2,2,1
101495,35/11-5,2173.1399968,2,2,1
101496,35/11-5,2173.2919968,2,2,1
101497,35/11-5,2173.4439968,2,2,1
101498,35/11-5,2173.5959968,2,2,1
101499,35/11-5,2173.7479968000002,2,2,1
101500,35/11-5,2173.8999968000003,2,2,1
101501,35/11-5,2174.0519968000003,2,2,1
101502,35/11-5,2174.2039968000004,2,2,1
101503,35/11-5,2174.3559968000004,2,2,1
101504,35/11-5,2174.5079968,2,2,1
101505,35/11-5,2174.6599968,2,2,1
101506,35/11-5,2174.8119968,2,2,1
101507,35/11-5,2174.9639968,2,2,1
101508,35/11-5,2175.1159968,2,2,1
101509,35/11-5,2175.2679968,2,2,1
101510,35/11-5,2175.4199968000003,2,2,1
101511,35/11-5,2175.5719968000003,2,2,1
101512,35/11-5,2175.7239968000004,2,2,1
101513,35/11-5,2175.8759968000004,2,2,1
101514,35/11-5,2176.0279968000004,2,2,1
101515,35/11-5,2176.1799968,2,2,1
101516,35/11-5,2176.3319968,2,2,1
101517,35/11-5,2176.4839968,2,2,1
101518,35/11-5,2176.6359968,2,2,1
101519,35/11-5,2176.7879968,5,2,0
101520,35/11-5,2176.9399968000002,5,2,0
101521,35/11-5,2177.0919968000003,5,2,0
101522,35/11-5,2177.2439968000003,5,2,0
101523,35/11-5,2177.3959968000004,5,2,0
101524,35/11-5,2177.5479968000004,2,2,1
101525,35/11-5,2177.6999968,2,2,1
101526,35/11-5,2177.8519968,2,2,1
101527,35/11-5,2178.0039968,2,2,1
101528,35/11-5,2178.1559968,2,2,1
101529,35/11-5,2178.3079968,2,2,1
101530,35/11-5,2178.4599968,2,2,1
101531,35/11-5,2178.6119968000003,2,2,1
101532,35/11-5,2178.7639968000003,2,2,1
101533,35/11-5,2178.9159968000004,2,2,1
101534,35/11-5,2179.0679968000004,2,2,1
101535,35/11-5,2179.2199968000004,2,2,1
101536,35/11-5,2179.3719968,2,2,1
101537,35/11-5,2179.5239968,2,2,1
101538,35/11-5,2179.6759968,2,2,1
101539,35/11-5,2179.8279968,2,2,1
101540,35/11-5,2179.9799968,2,2,1
101541,35/11-5,2180.1319968000003,2,2,1
101542,35/11-5,2180.2839968000003,2,2,1
101543,35/11-5,2180.4359968000003,2,2,1
101544,35/11-5,2180.5879968000004,2,2,1
101545,35/11-5,2180.7399968000004,2,2,1
101546,35/11-5,2180.8919968,2,2,1
101547,35/11-5,2181.0439968,2,2,1
101548,35/11-5,2181.1959968,2,2,1
101549,35/11-5,2181.3479968,2,2,1
101550,35/11-5,2181.4999968,2,2,1
101551,35/11-5,2181.6519968000002,2,2,1
101552,35/11-5,2181.8039968000003,2,2,1
101553,35/11-5,2181.9559968000003,2,2,1
101554,35/11-5,2182.1079968000004,2,2,1
101555,35/11-5,2182.2599968000004,2,2,1
101556,35/11-5,2182.4119968,2,2,1
101557,35/11-5,2182.5639968,2,2,1
101558,35/11-5,2182.7159968,2,2,1
101559,35/11-5,2182.8679968,2,2,1
101560,35/11-5,2183.0199968,2,2,1
101561,35/11-5,2183.1719968,2,2,1
101562,35/11-5,2183.3239968000003,2,2,1
101563,35/11-5,2183.4759968000003,2,2,1
101564,35/11-5,2183.6279968000003,2,2,1
101565,35/11-5,2183.7799968000004,2,2,1
101566,35/11-5,2183.9319968000004,2,2,1
101567,35/11-5,2184.0839968,2,2,1
101568,35/11-5,2184.2359968,2,2,1
101569,35/11-5,2184.3879968,2,2,1
101570,35/11-5,2184.5399968,2,2,1
101571,35/11-5,2184.6919968,2,2,1
101572,35/11-5,2184.8439968000002,2,2,1
101573,35/11-5,2184.9959968000003,2,2,1
101574,35/11-5,2185.1479968000003,2,2,1
101575,35/11-5,2185.2999968000004,2,2,1
101576,35/11-5,2185.4519968000004,2,2,1
101577,35/11-5,2185.6039968,2,2,1
101578,35/11-5,2185.7559968,2,2,1
101579,35/11-5,2185.9079968,2,2,1
101580,35/11-5,2186.0599968,2,2,1
101581,35/11-5,2186.2119968,2,2,1
101582,35/11-5,2186.3639968,2,2,1
101583,35/11-5,2186.5159968000003,2,2,1
101584,35/11-5,2186.6679968000003,2,2,1
101585,35/11-5,2186.8199968000004,2,2,1
101586,35/11-5,2186.9719968000004,2,2,1
101587,35/11-5,2187.1239968000004,2,2,1
101588,35/11-5,2187.2759968,2,2,1
101589,35/11-5,2187.4279968,5,2,0
101590,35/11-5,2187.5799968,5,5,1
101591,35/11-5,2187.7319968,5,2,0
101592,35/11-5,2187.8839968,5,2,0
101593,35/11-5,2188.0359968000002,5,2,0
101594,35/11-5,2188.1879968000003,5,2,0
101595,35/11-5,2188.3399968000003,5,2,0
101596,35/11-5,2188.4919968000004,2,2,1
101597,35/11-5,2188.6439968000004,2,2,1
101598,35/11-5,2188.7959968,2,2,1
101599,35/11-5,2188.9479968,2,2,1
101600,35/11-5,2189.0999968,2,2,1
101601,35/11-5,2189.2519968,2,2,1
101602,35/11-5,2189.4039968,2,2,1
101603,35/11-5,2189.5559968000002,2,2,1
101604,35/11-5,2189.7079968000003,2,2,1
101605,35/11-5,2189.8599968000003,2,2,1
101606,35/11-5,2190.0119968000004,2,2,1
101607,35/11-5,2190.1639968000004,2,2,1
101608,35/11-5,2190.3159968,2,2,1
101609,35/11-5,2190.4679968,2,2,1
101610,35/11-5,2190.6199968,2,2,1
101611,35/11-5,2190.7719968,2,2,1
101612,35/11-5,2190.9239968,2,2,1
101613,35/11-5,2191.0759968,2,2,1
101614,35/11-5,2191.2279968000003,2,2,1
101615,35/11-5,2191.3799968000003,2,2,1
101616,35/11-5,2191.5319968000003,2,2,1
101617,35/11-5,2191.6839968000004,2,2,1
101618,35/11-5,2191.8359968000004,2,2,1
101619,35/11-5,2191.9879968,2,2,1
101620,35/11-5,2192.1399968,2,2,1
101621,35/11-5,2192.2919968,2,2,1
101622,35/11-5,2192.4439968,2,2,1
101623,35/11-5,2192.5959968,2,2,1
101624,35/11-5,2192.7479968000002,2,2,1
101625,35/11-5,2192.8999968000003,2,2,1
101626,35/11-5,2193.0519968000003,2,2,1
101627,35/11-5,2193.2039968000004,2,2,1
101628,35/11-5,2193.3559968000004,2,2,1
101629,35/11-5,2193.5079968,2,2,1
101630,35/11-5,2193.6599968,2,2,1
101631,35/11-5,2193.8119968,2,2,1
101632,35/11-5,2193.9639968,2,2,1
101633,35/11-5,2194.1159968,2,2,1
101634,35/11-5,2194.2679968,2,2,1
101635,35/11-5,2194.4199968000003,2,2,1
101636,35/11-5,2194.5719968000003,2,2,1
101637,35/11-5,2194.7239968000004,2,2,1
101638,35/11-5,2194.8759968000004,2,2,1
101639,35/11-5,2195.0279968000004,2,2,1
101640,35/11-5,2195.1799968,2,2,1
101641,35/11-5,2195.3319968,2,2,1
101642,35/11-5,2195.4839968,2,2,1
101643,35/11-5,2195.6359968,2,2,1
101644,35/11-5,2195.7879968,2,2,1
101645,35/11-5,2195.9399968000002,2,2,1
101646,35/11-5,2196.0919968000003,2,2,1
101647,35/11-5,2196.2439968000003,2,2,1
101648,35/11-5,2196.3959968000004,2,2,1
101649,35/11-5,2196.5479968000004,2,2,1
101650,35/11-5,2196.6999968,2,2,1
101651,35/11-5,2196.8519968,2,2,1
101652,35/11-5,2197.0039968,2,2,1
101653,35/11-5,2197.1559968,2,2,1
101654,35/11-5,2197.3079968,2,2,1
101655,35/11-5,2197.4599968,2,2,1
101656,35/11-5,2197.6119968000003,2,2,1
101657,35/11-5,2197.7639968000003,2,2,1
101658,35/11-5,2197.9159968000004,2,2,1
101659,35/11-5,2198.0679968000004,2,2,1
101660,35/11-5,2198.2199968000004,2,2,1
101661,35/11-5,2198.3719968,2,2,1
101662,35/11-5,2198.5239968,2,2,1
101663,35/11-5,2198.6759968,2,2,1
101664,35/11-5,2198.8279968,2,2,1
101665,35/11-5,2198.9799968,2,2,1
101666,35/11-5,2199.1319968000003,2,2,1
101667,35/11-5,2199.2839968000003,2,2,1
101668,35/11-5,2199.4359968000003,2,2,1
101669,35/11-5,2199.5879968000004,2,2,1
101670,35/11-5,2199.7399968000004,2,2,1
101671,35/11-5,2199.8919968,2,2,1
101672,35/11-5,2200.0439968,2,2,1
101673,35/11-5,2200.1959968,2,2,1
101674,35/11-5,2200.3479968,2,2,1
101675,35/11-5,2200.4999968,2,2,1
101676,35/11-5,2200.6519968000002,2,2,1
101677,35/11-5,2200.8039968000003,2,2,1
101678,35/11-5,2200.9559968000003,2,2,1
101679,35/11-5,2201.1079968000004,2,2,1
101680,35/11-5,2201.2599968000004,2,2,1
101681,35/11-5,2201.4119968,2,2,1
101682,35/11-5,2201.5639968,2,2,1
101683,35/11-5,2201.7159968,2,2,1
101684,35/11-5,2201.8679968,2,2,1
101685,35/11-5,2202.0199968,2,2,1
101686,35/11-5,2202.1719968,2,2,1
101687,35/11-5,2202.3239968000003,2,2,1
101688,35/11-5,2202.4759968000003,2,2,1
101689,35/11-5,2202.6279968000003,2,2,1
101690,35/11-5,2202.7799968000004,2,2,1
101691,35/11-5,2202.9319968000004,2,2,1
101692,35/11-5,2203.0839968,2,2,1
101693,35/11-5,2203.2359968,2,2,1
101694,35/11-5,2203.3879968,2,2,1
101695,35/11-5,2203.5399968,2,2,1
101696,35/11-5,2203.6919968,2,2,1
101697,35/11-5,2203.8439968000002,2,2,1
101698,35/11-5,2203.9959968000003,2,2,1
101699,35/11-5,2204.1479968000003,2,2,1
101700,35/11-5,2204.2999968000004,2,2,1
101701,35/11-5,2204.4519968000004,2,2,1
101702,35/11-5,2204.6039968,2,2,1
101703,35/11-5,2204.7559968,2,2,1
101704,35/11-5,2204.9079968,2,2,1
101705,35/11-5,2205.0599968,2,2,1
101706,35/11-5,2205.2119968,2,2,1
101707,35/11-5,2205.3639968,2,2,1
101708,35/11-5,2205.5159968000003,2,2,1
101709,35/11-5,2205.6679968000003,2,2,1
101710,35/11-5,2205.8199968000004,2,2,1
101711,35/11-5,2205.9719968000004,2,2,1
101712,35/11-5,2206.1239968000004,2,2,1
101713,35/11-5,2206.2759968,2,2,1
101714,35/11-5,2206.4279968,2,2,1
101715,35/11-5,2206.5799968,2,2,1
101716,35/11-5,2206.7319968,2,2,1
101717,35/11-5,2206.8839968,2,2,1
101718,35/11-5,2207.0359968000002,2,2,1
101719,35/11-5,2207.1879968000003,2,2,1
101720,35/11-5,2207.3399968000003,2,2,1
101721,35/11-5,2207.4919968000004,2,2,1
101722,35/11-5,2207.6439968000004,2,2,1
101723,35/11-5,2207.7959968,2,2,1
101724,35/11-5,2207.9479968,2,2,1
101725,35/11-5,2208.0999968,2,2,1
101726,35/11-5,2208.2519968,2,2,1
101727,35/11-5,2208.4039968,2,2,1
101728,35/11-5,2208.5559968000002,2,2,1
101729,35/11-5,2208.7079968000003,2,2,1
101730,35/11-5,2208.8599968000003,2,2,1
101731,35/11-5,2209.0119968000004,2,2,1
101732,35/11-5,2209.1639968000004,2,2,1
101733,35/11-5,2209.3159968,2,2,1
101734,35/11-5,2209.4679968,2,2,1
101735,35/11-5,2209.6199968,2,2,1
101736,35/11-5,2209.7719968,2,2,1
101737,35/11-5,2209.9239968,2,2,1
101738,35/11-5,2210.0759968,2,2,1
101739,35/11-5,2210.2279968000003,2,2,1
101740,35/11-5,2210.3799968000003,2,2,1
101741,35/11-5,2210.5319968000003,2,2,1
101742,35/11-5,2210.6839968000004,2,2,1
101743,35/11-5,2210.8359968000004,2,2,1
101744,35/11-5,2210.9879968,2,2,1
101745,35/11-5,2211.1399968,2,2,1
101746,35/11-5,2211.2919968,2,2,1
101747,35/11-5,2211.4439968,2,2,1
101748,35/11-5,2211.5959968,2,2,1
101749,35/11-5,2211.7479968000002,2,2,1
101750,35/11-5,2211.8999968000003,2,2,1
101751,35/11-5,2212.0519968000003,2,2,1
101752,35/11-5,2212.2039968000004,2,2,1
101753,35/11-5,2212.3559968000004,2,2,1
101754,35/11-5,2212.5079968,2,2,1
101755,35/11-5,2212.6599968,2,2,1
101756,35/11-5,2212.8119968,2,2,1
101757,35/11-5,2212.9639968,2,2,1
101758,35/11-5,2213.1159968,2,2,1
101759,35/11-5,2213.2679968,2,2,1
101760,35/11-5,2213.4199968000003,2,2,1
101761,35/11-5,2213.5719968000003,2,2,1
101762,35/11-5,2213.7239968000004,2,2,1
101763,35/11-5,2213.8759968000004,2,2,1
101764,35/11-5,2214.0279968000004,2,2,1
101765,35/11-5,2214.1799968,2,2,1
101766,35/11-5,2214.3319968,2,2,1
101767,35/11-5,2214.4839968,2,2,1
101768,35/11-5,2214.6359968,2,2,1
101769,35/11-5,2214.7879968,2,2,1
101770,35/11-5,2214.9399968000002,2,2,1
101771,35/11-5,2215.0919968000003,2,2,1
101772,35/11-5,2215.2439968000003,2,2,1
101773,35/11-5,2215.3959968000004,2,2,1
101774,35/11-5,2215.5479968000004,2,2,1
101775,35/11-5,2215.6999968,2,2,1
101776,35/11-5,2215.8519968,2,2,1
101777,35/11-5,2216.0039968,2,2,1
101778,35/11-5,2216.1559968,2,2,1
101779,35/11-5,2216.3079968,2,2,1
101780,35/11-5,2216.4599968,2,2,1
101781,35/11-5,2216.6119968000003,2,2,1
101782,35/11-5,2216.7639968000003,2,2,1
101783,35/11-5,2216.9159968000004,2,2,1
101784,35/11-5,2217.0679968000004,2,2,1
101785,35/11-5,2217.2199968000004,2,2,1
101786,35/11-5,2217.3719968,2,2,1
101787,35/11-5,2217.5239968,2,2,1
101788,35/11-5,2217.6759968,2,2,1
101789,35/11-5,2217.8279968,2,2,1
101790,35/11-5,2217.9799968,2,2,1
101791,35/11-5,2218.1319968000003,2,2,1
101792,35/11-5,2218.2839968000003,2,2,1
101793,35/11-5,2218.4359968000003,2,2,1
101794,35/11-5,2218.5879968000004,2,2,1
101795,35/11-5,2218.7399968000004,2,2,1
101796,35/11-5,2218.8919968,2,2,1
101797,35/11-5,2219.0439968,2,2,1
101798,35/11-5,2219.1959968,2,2,1
101799,35/11-5,2219.3479968,2,2,1
101800,35/11-5,2219.4999968,2,2,1
101801,35/11-5,2219.6519968000002,2,2,1
101802,35/11-5,2219.8039968000003,2,2,1
101803,35/11-5,2219.9559968000003,2,2,1
101804,35/11-5,2220.1079968000004,2,2,1
101805,35/11-5,2220.2599968000004,2,2,1
101806,35/11-5,2220.4119968,2,2,1
101807,35/11-5,2220.5639968,2,2,1
101808,35/11-5,2220.7159968,2,2,1
101809,35/11-5,2220.8679968,2,2,1
101810,35/11-5,2221.0199968,2,2,1
101811,35/11-5,2221.1719968,2,2,1
101812,35/11-5,2221.3239968000003,2,2,1
101813,35/11-5,2221.4759968000003,2,2,1
101814,35/11-5,2221.6279968000003,2,2,1
101815,35/11-5,2221.7799968000004,2,2,1
101816,35/11-5,2221.9319968000004,2,2,1
101817,35/11-5,2222.0839968,2,2,1
101818,35/11-5,2222.2359968,2,2,1
101819,35/11-5,2222.3879968,2,2,1
101820,35/11-5,2222.5399968,2,2,1
101821,35/11-5,2222.6919968,2,2,1
101822,35/11-5,2222.8439968000002,2,2,1
101823,35/11-5,2222.9959968000003,2,2,1
101824,35/11-5,2223.1479968000003,2,2,1
101825,35/11-5,2223.2999968000004,2,2,1
101826,35/11-5,2223.4519968000004,2,2,1
101827,35/11-5,2223.6039968,2,2,1
101828,35/11-5,2223.7559968,2,2,1
101829,35/11-5,2223.9079968,2,2,1
101830,35/11-5,2224.0599968,2,2,1
101831,35/11-5,2224.2119968,2,2,1
101832,35/11-5,2224.3639968,2,2,1
101833,35/11-5,2224.5159968000003,2,2,1
101834,35/11-5,2224.6679968000003,2,2,1
101835,35/11-5,2224.8199968000004,2,2,1
101836,35/11-5,2224.9719968000004,2,2,1
101837,35/11-5,2225.1239968000004,2,2,1
101838,35/11-5,2225.2759968,2,2,1
101839,35/11-5,2225.4279968,2,2,1
101840,35/11-5,2225.5799968,2,2,1
101841,35/11-5,2225.7319968,2,2,1
101842,35/11-5,2225.8839968,2,2,1
101843,35/11-5,2226.0359968000002,2,2,1
101844,35/11-5,2226.1879968000003,2,2,1
101845,35/11-5,2226.3399968000003,2,2,1
101846,35/11-5,2226.4919968000004,2,2,1
101847,35/11-5,2226.6439968000004,2,2,1
101848,35/11-5,2226.7959968,2,2,1
101849,35/11-5,2226.9479968,2,2,1
101850,35/11-5,2227.0999968,2,2,1
101851,35/11-5,2227.2519968,2,2,1
101852,35/11-5,2227.4039968,2,2,1
101853,35/11-5,2227.5559968000002,2,2,1
101854,35/11-5,2227.7079968000003,2,2,1
101855,35/11-5,2227.8599968000003,2,2,1
101856,35/11-5,2228.0119968000004,2,2,1
101857,35/11-5,2228.1639968000004,2,2,1
101858,35/11-5,2228.3159968,2,2,1
101859,35/11-5,2228.4679968,2,2,1
101860,35/11-5,2228.6199968,2,2,1
101861,35/11-5,2228.7719968,2,2,1
101862,35/11-5,2228.9239968,2,2,1
101863,35/11-5,2229.0759968,2,2,1
101864,35/11-5,2229.2279968000003,2,2,1
101865,35/11-5,2229.3799968000003,2,2,1
101866,35/11-5,2229.5319968000003,2,2,1
101867,35/11-5,2229.6839968000004,2,2,1
101868,35/11-5,2229.8359968000004,2,2,1
101869,35/11-5,2229.9879968,2,2,1
101870,35/11-5,2230.1399968,2,2,1
101871,35/11-5,2230.2919968,2,2,1
101872,35/11-5,2230.4439968,2,2,1
101873,35/11-5,2230.5959968,2,2,1
101874,35/11-5,2230.7479968000002,2,2,1
101875,35/11-5,2230.8999968000003,2,2,1
101876,35/11-5,2231.0519968000003,2,2,1
101877,35/11-5,2231.2039968000004,2,2,1
101878,35/11-5,2231.3559968000004,2,2,1
101879,35/11-5,2231.5079968,2,2,1
101880,35/11-5,2231.6599968,2,2,1
101881,35/11-5,2231.8119968,2,2,1
101882,35/11-5,2231.9639968,2,2,1
101883,35/11-5,2232.1159968,2,2,1
101884,35/11-5,2232.2679968,2,2,1
101885,35/11-5,2232.4199968000003,2,2,1
101886,35/11-5,2232.5719968000003,2,2,1
101887,35/11-5,2232.7239968000004,2,2,1
101888,35/11-5,2232.8759968000004,2,2,1
101889,35/11-5,2233.0279968000004,2,2,1
101890,35/11-5,2233.1799968,2,2,1
101891,35/11-5,2233.3319968,2,2,1
101892,35/11-5,2233.4839968,2,2,1
101893,35/11-5,2233.6359968,2,2,1
101894,35/11-5,2233.7879968,2,2,1
101895,35/11-5,2233.9399968000002,2,2,1
101896,35/11-5,2234.0919968000003,2,2,1
101897,35/11-5,2234.2439968000003,2,2,1
101898,35/11-5,2234.3959968000004,2,2,1
101899,35/11-5,2234.5479968000004,2,2,1
101900,35/11-5,2234.6999968,2,2,1
101901,35/11-5,2234.8519968,2,2,1
101902,35/11-5,2235.0039968,2,2,1
101903,35/11-5,2235.1559968,2,2,1
101904,35/11-5,2235.3079968,2,2,1
101905,35/11-5,2235.4599968,2,2,1
101906,35/11-5,2235.6119968000003,2,2,1
101907,35/11-5,2235.7639968000003,2,2,1
101908,35/11-5,2235.9159968000004,2,2,1
101909,35/11-5,2236.0679968000004,2,2,1
101910,35/11-5,2236.2199968000004,2,2,1
101911,35/11-5,2236.3719968,2,2,1
101912,35/11-5,2236.5239968,2,2,1
101913,35/11-5,2236.6759968,2,2,1
101914,35/11-5,2236.8279968,2,2,1
101915,35/11-5,2236.9799968,2,2,1
101916,35/11-5,2237.1319968000003,2,2,1
101917,35/11-5,2237.2839968000003,2,2,1
101918,35/11-5,2237.4359968000003,2,2,1
101919,35/11-5,2237.5879968000004,2,2,1
101920,35/11-5,2237.7399968000004,2,2,1
101921,35/11-5,2237.8919968,2,2,1
101922,35/11-5,2238.0439968,5,2,0
101923,35/11-5,2238.1959968,5,2,0
101924,35/11-5,2238.3479968,5,2,0
101925,35/11-5,2238.4999968,5,2,0
101926,35/11-5,2238.6519968000002,2,2,1
101927,35/11-5,2238.8039968000003,2,2,1
101928,35/11-5,2238.9559968000003,2,2,1
101929,35/11-5,2239.1079968000004,2,2,1
101930,35/11-5,2239.2599968000004,2,2,1
101931,35/11-5,2239.4119968,2,2,1
101932,35/11-5,2239.5639968,2,2,1
101933,35/11-5,2239.7159968,2,2,1
101934,35/11-5,2239.8679968,2,2,1
101935,35/11-5,2240.0199968,2,2,1
101936,35/11-5,2240.1719968,2,2,1
101937,35/11-5,2240.3239968000003,2,2,1
101938,35/11-5,2240.4759968000003,2,2,1
101939,35/11-5,2240.6279968000003,2,2,1
101940,35/11-5,2240.7799968000004,2,2,1
101941,35/11-5,2240.9319968000004,2,2,1
101942,35/11-5,2241.0839968,2,2,1
101943,35/11-5,2241.2359968,5,2,0
101944,35/11-5,2241.3879968,5,2,0
101945,35/11-5,2241.5399968,2,2,1
101946,35/11-5,2241.6919968,2,2,1
101947,35/11-5,2241.8439968000002,2,2,1
101948,35/11-5,2241.9959968000003,2,2,1
101949,35/11-5,2242.1479968000003,2,2,1
101950,35/11-5,2242.2999968000004,2,2,1
101951,35/11-5,2242.4519968000004,2,2,1
101952,35/11-5,2242.6039968,2,2,1
101953,35/11-5,2242.7559968,2,2,1
101954,35/11-5,2242.9079968,2,2,1
101955,35/11-5,2243.0599968,2,2,1
101956,35/11-5,2243.2119968,2,2,1
101957,35/11-5,2243.3639968,2,2,1
101958,35/11-5,2243.5159968000003,2,2,1
101959,35/11-5,2243.6679968000003,2,2,1
101960,35/11-5,2243.8199968000004,2,2,1
101961,35/11-5,2243.9719968000004,2,2,1
101962,35/11-5,2244.1239968000004,2,2,1
101963,35/11-5,2244.2759968,2,2,1
101964,35/11-5,2244.4279968,2,2,1
101965,35/11-5,2244.5799968,2,2,1
101966,35/11-5,2244.7319968,2,2,1
101967,35/11-5,2244.8839968,2,2,1
101968,35/11-5,2245.0359968000002,2,2,1
101969,35/11-5,2245.1879968000003,2,2,1
101970,35/11-5,2245.3399968000003,2,2,1
101971,35/11-5,2245.4919968000004,2,2,1
101972,35/11-5,2245.6439968000004,2,2,1
101973,35/11-5,2245.7959968,2,2,1
101974,35/11-5,2245.9479968,2,2,1
101975,35/11-5,2246.0999968,2,2,1
101976,35/11-5,2246.2519968,2,2,1
101977,35/11-5,2246.4039968,2,2,1
101978,35/11-5,2246.5559968000002,2,2,1
101979,35/11-5,2246.7079968000003,2,2,1
101980,35/11-5,2246.8599968000003,2,2,1
101981,35/11-5,2247.0119968000004,2,2,1
101982,35/11-5,2247.1639968000004,2,2,1
101983,35/11-5,2247.3159968,2,2,1
101984,35/11-5,2247.4679968,2,2,1
101985,35/11-5,2247.6199968,2,2,1
101986,35/11-5,2247.7719968,2,2,1
101987,35/11-5,2247.9239968,2,2,1
101988,35/11-5,2248.0759968,2,2,1
101989,35/11-5,2248.2279968000003,2,2,1
101990,35/11-5,2248.3799968000003,2,2,1
101991,35/11-5,2248.5319968000003,2,2,1
101992,35/11-5,2248.6839968000004,2,2,1
101993,35/11-5,2248.8359968000004,2,2,1
101994,35/11-5,2248.9879968,2,2,1
101995,35/11-5,2249.1399968,2,2,1
101996,35/11-5,2249.2919968,2,2,1
101997,35/11-5,2249.4439968,2,2,1
101998,35/11-5,2249.5959968,2,2,1
101999,35/11-5,2249.7479968000002,2,2,1
102000,35/11-5,2249.8999968000003,2,2,1
102001,35/11-5,2250.0519968000003,2,2,1
102002,35/11-5,2250.2039968000004,2,2,1
102003,35/11-5,2250.3559968000004,2,2,1
102004,35/11-5,2250.5079968,2,2,1
102005,35/11-5,2250.6599968,2,2,1
102006,35/11-5,2250.8119968,2,2,1
102007,35/11-5,2250.9639968,2,2,1
102008,35/11-5,2251.1159968,2,2,1
102009,35/11-5,2251.2679968,2,2,1
102010,35/11-5,2251.4199968000003,2,2,1
102011,35/11-5,2251.5719968000003,2,2,1
102012,35/11-5,2251.7239968000004,2,2,1
102013,35/11-5,2251.8759968000004,2,2,1
102014,35/11-5,2252.0279968000004,2,2,1
102015,35/11-5,2252.1799968,2,2,1
102016,35/11-5,2252.3319968,2,2,1
102017,35/11-5,2252.4839968,2,2,1
102018,35/11-5,2252.6359968,2,2,1
102019,35/11-5,2252.7879968,2,2,1
102020,35/11-5,2252.9399968000002,2,2,1
102021,35/11-5,2253.0919968000003,2,2,1
102022,35/11-5,2253.2439968000003,2,2,1
102023,35/11-5,2253.3959968000004,2,2,1
102024,35/11-5,2253.5479968000004,2,2,1
102025,35/11-5,2253.6999968,2,2,1
102026,35/11-5,2253.8519968,2,2,1
102027,35/11-5,2254.0039968,2,2,1
102028,35/11-5,2254.1559968,2,2,1
102029,35/11-5,2254.3079968,2,2,1
102030,35/11-5,2254.4599968,2,2,1
102031,35/11-5,2254.6119968000003,2,2,1
102032,35/11-5,2254.7639968000003,2,2,1
102033,35/11-5,2254.9159968000004,2,2,1
102034,35/11-5,2255.0679968000004,2,2,1
102035,35/11-5,2255.2199968000004,2,2,1
102036,35/11-5,2255.3719968,2,2,1
102037,35/11-5,2255.5239968,2,2,1
102038,35/11-5,2255.6759968,2,2,1
102039,35/11-5,2255.8279968,2,2,1
102040,35/11-5,2255.9799968,2,2,1
102041,35/11-5,2256.1319968000003,2,2,1
102042,35/11-5,2256.2839968000003,2,2,1
102043,35/11-5,2256.4359968000003,2,2,1
102044,35/11-5,2256.5879968000004,2,2,1
102045,35/11-5,2256.7399968000004,2,2,1
102046,35/11-5,2256.8919968,2,2,1
102047,35/11-5,2257.0439968,2,2,1
102048,35/11-5,2257.1959968,2,2,1
102049,35/11-5,2257.3479968,2,2,1
102050,35/11-5,2257.4999968,2,2,1
102051,35/11-5,2257.6519968000002,2,2,1
102052,35/11-5,2257.8039968000003,2,2,1
102053,35/11-5,2257.9559968000003,2,2,1
102054,35/11-5,2258.1079968000004,2,2,1
102055,35/11-5,2258.2599968000004,2,2,1
102056,35/11-5,2258.4119968,2,2,1
102057,35/11-5,2258.5639968,2,2,1
102058,35/11-5,2258.7159968,2,2,1
102059,35/11-5,2258.8679968,2,2,1
102060,35/11-5,2259.0199968,2,2,1
102061,35/11-5,2259.1719968,2,2,1
102062,35/11-5,2259.3239968000003,2,2,1
102063,35/11-5,2259.4759968000003,2,2,1
102064,35/11-5,2259.6279968000003,2,2,1
102065,35/11-5,2259.7799968000004,2,2,1
102066,35/11-5,2259.9319968000004,2,2,1
102067,35/11-5,2260.0839968,2,2,1
102068,35/11-5,2260.2359968,2,2,1
102069,35/11-5,2260.3879968,2,2,1
102070,35/11-5,2260.5399968,2,2,1
102071,35/11-5,2260.6919968,2,2,1
102072,35/11-5,2260.8439968000002,2,2,1
102073,35/11-5,2260.9959968000003,2,2,1
102074,35/11-5,2261.1479968000003,2,2,1
102075,35/11-5,2261.2999968000004,2,2,1
102076,35/11-5,2261.4519968000004,2,2,1
102077,35/11-5,2261.6039968,2,2,1
102078,35/11-5,2261.7559968,2,2,1
102079,35/11-5,2261.9079968,2,2,1
102080,35/11-5,2262.0599968,2,2,1
102081,35/11-5,2262.2119968,2,2,1
102082,35/11-5,2262.3639968,2,2,1
102083,35/11-5,2262.5159968000003,2,2,1
102084,35/11-5,2262.6679968000003,2,2,1
102085,35/11-5,2262.8199968000004,2,2,1
102086,35/11-5,2262.9719968000004,2,2,1
102087,35/11-5,2263.1239968000004,2,2,1
102088,35/11-5,2263.2759968,2,2,1
102089,35/11-5,2263.4279968,2,2,1
102090,35/11-5,2263.5799968,2,2,1
102091,35/11-5,2263.7319968,2,2,1
102092,35/11-5,2263.8839968,2,2,1
102093,35/11-5,2264.0359968000002,2,2,1
102094,35/11-5,2264.1879968000003,2,2,1
102095,35/11-5,2264.3399968000003,2,2,1
102096,35/11-5,2264.4919968000004,2,2,1
102097,35/11-5,2264.6439968000004,2,2,1
102098,35/11-5,2264.7959968,2,2,1
102099,35/11-5,2264.9479968,2,2,1
102100,35/11-5,2265.0999968,2,2,1
102101,35/11-5,2265.2519968,2,2,1
102102,35/11-5,2265.4039968,2,2,1
102103,35/11-5,2265.5559968000002,2,2,1
102104,35/11-5,2265.7079968000003,2,2,1
102105,35/11-5,2265.8599968000003,2,2,1
102106,35/11-5,2266.0119968000004,2,2,1
102107,35/11-5,2266.1639968000004,2,2,1
102108,35/11-5,2266.3159968,2,2,1
102109,35/11-5,2266.4679968,2,2,1
102110,35/11-5,2266.6199968,2,2,1
102111,35/11-5,2266.7719968,2,2,1
102112,35/11-5,2266.9239968,2,2,1
102113,35/11-5,2267.0759968,2,2,1
102114,35/11-5,2267.2279968000003,2,2,1
102115,35/11-5,2267.3799968000003,2,2,1
102116,35/11-5,2267.5319968000003,2,2,1
102117,35/11-5,2267.6839968000004,2,2,1
102118,35/11-5,2267.8359968000004,2,2,1
102119,35/11-5,2267.9879968,2,2,1
102120,35/11-5,2268.1399968,2,2,1
102121,35/11-5,2268.2919968,2,2,1
102122,35/11-5,2268.4439968,2,2,1
102123,35/11-5,2268.5959968,2,2,1
102124,35/11-5,2268.7479968000002,2,2,1
102125,35/11-5,2268.8999968000003,2,2,1
102126,35/11-5,2269.0519968000003,2,2,1
102127,35/11-5,2269.2039968000004,2,2,1
102128,35/11-5,2269.3559968000004,2,2,1
102129,35/11-5,2269.5079968,2,2,1
102130,35/11-5,2269.6599968,2,2,1
102131,35/11-5,2269.8119968,2,2,1
102132,35/11-5,2269.9639968,2,2,1
102133,35/11-5,2270.1159968,2,2,1
102134,35/11-5,2270.2679968,2,2,1
102135,35/11-5,2270.4199968000003,2,2,1
102136,35/11-5,2270.5719968000003,2,2,1
102137,35/11-5,2270.7239968000004,2,2,1
102138,35/11-5,2270.8759968000004,2,2,1
102139,35/11-5,2271.0279968000004,2,2,1
102140,35/11-5,2271.1799968,2,2,1
102141,35/11-5,2271.3319968,2,2,1
102142,35/11-5,2271.4839968,2,2,1
102143,35/11-5,2271.6359968,2,2,1
102144,35/11-5,2271.7879968,2,2,1
102145,35/11-5,2271.9399968000002,2,2,1
102146,35/11-5,2272.0919968000003,2,2,1
102147,35/11-5,2272.2439968000003,2,2,1
102148,35/11-5,2272.3959968000004,2,2,1
102149,35/11-5,2272.5479968000004,2,2,1
102150,35/11-5,2272.6999968,2,2,1
102151,35/11-5,2272.8519968,2,2,1
102152,35/11-5,2273.0039968,2,2,1
102153,35/11-5,2273.1559968,2,2,1
102154,35/11-5,2273.3079968,2,2,1
102155,35/11-5,2273.4599968,2,2,1
102156,35/11-5,2273.6119968000003,2,2,1
102157,35/11-5,2273.7639968000003,2,2,1
102158,35/11-5,2273.9159968000004,2,2,1
102159,35/11-5,2274.0679968000004,2,2,1
102160,35/11-5,2274.2199968000004,2,2,1
102161,35/11-5,2274.3719968,2,2,1
102162,35/11-5,2274.5239968,2,2,1
102163,35/11-5,2274.6759968,2,2,1
102164,35/11-5,2274.8279968,2,2,1
102165,35/11-5,2274.9799968,2,2,1
102166,35/11-5,2275.1319968000003,2,2,1
102167,35/11-5,2275.2839968000003,2,2,1
102168,35/11-5,2275.4359968000003,2,2,1
102169,35/11-5,2275.5879968000004,2,2,1
102170,35/11-5,2275.7399968000004,2,2,1
102171,35/11-5,2275.8919968,2,2,1
102172,35/11-5,2276.0439968,2,2,1
102173,35/11-5,2276.1959968,2,2,1
102174,35/11-5,2276.3479968,2,2,1
102175,35/11-5,2276.4999968,2,2,1
102176,35/11-5,2276.6519968000002,2,2,1
102177,35/11-5,2276.8039968000003,2,2,1
102178,35/11-5,2276.9559968000003,2,2,1
102179,35/11-5,2277.1079968000004,2,2,1
102180,35/11-5,2277.2599968000004,2,2,1
102181,35/11-5,2277.4119968,2,2,1
102182,35/11-5,2277.5639968,2,2,1
102183,35/11-5,2277.7159968,2,2,1
102184,35/11-5,2277.8679968,2,2,1
102185,35/11-5,2278.0199968,2,2,1
102186,35/11-5,2278.1719968,2,2,1
102187,35/11-5,2278.3239968000003,2,2,1
102188,35/11-5,2278.4759968000003,2,2,1
102189,35/11-5,2278.6279968000003,2,2,1
102190,35/11-5,2278.7799968000004,2,2,1
102191,35/11-5,2278.9319968000004,2,2,1
102192,35/11-5,2279.0839968,2,2,1
102193,35/11-5,2279.2359968,2,2,1
102194,35/11-5,2279.3879968,2,2,1
102195,35/11-5,2279.5399968,2,2,1
102196,35/11-5,2279.6919968,2,2,1
102197,35/11-5,2279.8439968000002,2,2,1
102198,35/11-5,2279.9959968000003,2,2,1
102199,35/11-5,2280.1479968000003,2,2,1
102200,35/11-5,2280.2999968000004,2,2,1
102201,35/11-5,2280.4519968000004,2,2,1
102202,35/11-5,2280.6039968,2,2,1
102203,35/11-5,2280.7559968,2,2,1
102204,35/11-5,2280.9079968,2,2,1
102205,35/11-5,2281.0599968,2,2,1
102206,35/11-5,2281.2119968,2,2,1
102207,35/11-5,2281.3639968,2,2,1
102208,35/11-5,2281.5159968000003,2,2,1
102209,35/11-5,2281.6679968000003,2,2,1
102210,35/11-5,2281.8199968000004,2,2,1
102211,35/11-5,2281.9719968000004,2,2,1
102212,35/11-5,2282.1239968000004,2,2,1
102213,35/11-5,2282.2759968,2,2,1
102214,35/11-5,2282.4279968,2,2,1
102215,35/11-5,2282.5799968,2,2,1
102216,35/11-5,2282.7319968,2,2,1
102217,35/11-5,2282.8839968,2,2,1
102218,35/11-5,2283.0359968000002,2,2,1
102219,35/11-5,2283.1879968000003,2,2,1
102220,35/11-5,2283.3399968000003,2,2,1
102221,35/11-5,2283.4919968000004,2,2,1
102222,35/11-5,2283.6439968000004,2,2,1
102223,35/11-5,2283.7959968,2,2,1
102224,35/11-5,2283.9479968,2,2,1
102225,35/11-5,2284.0999968,2,2,1
102226,35/11-5,2284.2519968,2,2,1
102227,35/11-5,2284.4039968,2,2,1
102228,35/11-5,2284.5559968000002,2,2,1
102229,35/11-5,2284.7079968000003,2,2,1
102230,35/11-5,2284.8599968000003,2,2,1
102231,35/11-5,2285.0119968000004,2,2,1
102232,35/11-5,2285.1639968000004,2,2,1
102233,35/11-5,2285.3159968,2,2,1
102234,35/11-5,2285.4679968,2,2,1
102235,35/11-5,2285.6199968,2,2,1
102236,35/11-5,2285.7719968,2,2,1
102237,35/11-5,2285.9239968,2,2,1
102238,35/11-5,2286.0759968,2,2,1
102239,35/11-5,2286.2279968000003,2,2,1
102240,35/11-5,2286.3799968000003,2,2,1
102241,35/11-5,2286.5319968000003,2,2,1
102242,35/11-5,2286.6839968000004,2,2,1
102243,35/11-5,2286.8359968000004,2,2,1
102244,35/11-5,2286.9879968,2,2,1
102245,35/11-5,2287.1399968,2,2,1
102246,35/11-5,2287.2919968,2,2,1
102247,35/11-5,2287.4439968,2,2,1
102248,35/11-5,2287.5959968,2,2,1
102249,35/11-5,2287.7479968000002,2,2,1
102250,35/11-5,2287.8999968000003,2,2,1
102251,35/11-5,2288.0519968000003,2,2,1
102252,35/11-5,2288.2039968000004,2,2,1
102253,35/11-5,2288.3559968000004,2,2,1
102254,35/11-5,2288.5079968,2,2,1
102255,35/11-5,2288.6599968,2,2,1
102256,35/11-5,2288.8119968,2,2,1
102257,35/11-5,2288.9639968,2,2,1
102258,35/11-5,2289.1159968,2,2,1
102259,35/11-5,2289.2679968,2,2,1
102260,35/11-5,2289.4199968000003,2,2,1
102261,35/11-5,2289.5719968000003,2,2,1
102262,35/11-5,2289.7239968000004,2,2,1
102263,35/11-5,2289.8759968000004,2,2,1
102264,35/11-5,2290.0279968000004,2,2,1
102265,35/11-5,2290.1799968,2,2,1
102266,35/11-5,2290.3319968,2,2,1
102267,35/11-5,2290.4839968,2,2,1
102268,35/11-5,2290.6359968,2,2,1
102269,35/11-5,2290.7879968,2,2,1
102270,35/11-5,2290.9399968000002,2,2,1
102271,35/11-5,2291.0919968000003,2,2,1
102272,35/11-5,2291.2439968000003,2,2,1
102273,35/11-5,2291.3959968000004,2,2,1
102274,35/11-5,2291.5479968000004,2,2,1
102275,35/11-5,2291.6999968,5,2,0
102276,35/11-5,2291.8519968,5,2,0
102277,35/11-5,2292.0039968,5,2,0
102278,35/11-5,2292.1559968,5,2,0
102279,35/11-5,2292.3079968,2,2,1
102280,35/11-5,2292.4599968,2,2,1
102281,35/11-5,2292.6119968000003,2,2,1
102282,35/11-5,2292.7639968000003,2,2,1
102283,35/11-5,2292.9159968000004,2,2,1
102284,35/11-5,2293.0679968000004,2,2,1
102285,35/11-5,2293.2199968000004,2,2,1
102286,35/11-5,2293.3719968,2,2,1
102287,35/11-5,2293.5239968,2,2,1
102288,35/11-5,2293.6759968,2,2,1
102289,35/11-5,2293.8279968,2,2,1
102290,35/11-5,2293.9799968,2,2,1
102291,35/11-5,2294.1319968000003,2,2,1
102292,35/11-5,2294.2839968000003,2,2,1
102293,35/11-5,2294.4359968000003,2,2,1
102294,35/11-5,2294.5879968000004,2,2,1
102295,35/11-5,2294.7399968000004,2,2,1
102296,35/11-5,2294.8919968,2,2,1
102297,35/11-5,2295.0439968,2,2,1
102298,35/11-5,2295.1959968,2,2,1
102299,35/11-5,2295.3479968,2,2,1
102300,35/11-5,2295.4999968,2,2,1
102301,35/11-5,2295.6519968000002,2,2,1
102302,35/11-5,2295.8039968000003,2,2,1
102303,35/11-5,2295.9559968000003,2,2,1
102304,35/11-5,2296.1079968000004,2,2,1
102305,35/11-5,2296.2599968000004,2,2,1
102306,35/11-5,2296.4119968,2,2,1
102307,35/11-5,2296.5639968,2,2,1
102308,35/11-5,2296.7159968,2,2,1
102309,35/11-5,2296.8679968,2,2,1
102310,35/11-5,2297.0199968,2,2,1
102311,35/11-5,2297.1719968,2,2,1
102312,35/11-5,2297.3239968000003,2,2,1
102313,35/11-5,2297.4759968000003,2,2,1
102314,35/11-5,2297.6279968000003,2,2,1
102315,35/11-5,2297.7799968000004,2,2,1
102316,35/11-5,2297.9319968000004,2,2,1
102317,35/11-5,2298.0839968,2,2,1
102318,35/11-5,2298.2359968,2,2,1
102319,35/11-5,2298.3879968,2,2,1
102320,35/11-5,2298.5399968,2,2,1
102321,35/11-5,2298.6919968,2,2,1
102322,35/11-5,2298.8439968000002,2,2,1
102323,35/11-5,2298.9959968000003,2,2,1
102324,35/11-5,2299.1479968000003,2,2,1
102325,35/11-5,2299.2999968000004,2,2,1
102326,35/11-5,2299.4519968000004,2,2,1
102327,35/11-5,2299.6039968,2,2,1
102328,35/11-5,2299.7559968,2,2,1
102329,35/11-5,2299.9079968,2,2,1
102330,35/11-5,2300.0599968,2,2,1
102331,35/11-5,2300.2119968,2,2,1
102332,35/11-5,2300.3639968,2,2,1
102333,35/11-5,2300.5159968000003,2,2,1
102334,35/11-5,2300.6679968000003,2,2,1
102335,35/11-5,2300.8199968000004,2,2,1
102336,35/11-5,2300.9719968000004,2,2,1
102337,35/11-5,2301.1239968000004,2,2,1
102338,35/11-5,2301.2759968,2,2,1
102339,35/11-5,2301.4279968,2,2,1
102340,35/11-5,2301.5799968,2,2,1
102341,35/11-5,2301.7319968,2,2,1
102342,35/11-5,2301.8839968,2,2,1
102343,35/11-5,2302.0359968000002,2,2,1
102344,35/11-5,2302.1879968000003,2,2,1
102345,35/11-5,2302.3399968000003,2,2,1
102346,35/11-5,2302.4919968000004,2,2,1
102347,35/11-5,2302.6439968000004,2,2,1
102348,35/11-5,2302.7959968,2,2,1
102349,35/11-5,2302.9479968,2,2,1
102350,35/11-5,2303.0999968,2,2,1
102351,35/11-5,2303.2519968,2,2,1
102352,35/11-5,2303.4039968,2,2,1
102353,35/11-5,2303.5559968000002,2,2,1
102354,35/11-5,2303.7079968000003,2,2,1
102355,35/11-5,2303.8599968000003,2,2,1
102356,35/11-5,2304.0119968000004,2,2,1
102357,35/11-5,2304.1639968000004,2,2,1
102358,35/11-5,2304.3159968,2,2,1
102359,35/11-5,2304.4679968,2,2,1
102360,35/11-5,2304.6199968,2,2,1
102361,35/11-5,2304.7719968,2,2,1
102362,35/11-5,2304.9239968,2,2,1
102363,35/11-5,2305.0759968,2,2,1
102364,35/11-5,2305.2279968000003,2,2,1
102365,35/11-5,2305.3799968000003,2,2,1
102366,35/11-5,2305.5319968000003,2,2,1
102367,35/11-5,2305.6839968000004,2,2,1
102368,35/11-5,2305.8359968000004,2,2,1
102369,35/11-5,2305.9879968,2,2,1
102370,35/11-5,2306.1399968,2,2,1
102371,35/11-5,2306.2919968,2,2,1
102372,35/11-5,2306.4439968,2,2,1
102373,35/11-5,2306.5959968,2,2,1
102374,35/11-5,2306.7479968000002,2,2,1
102375,35/11-5,2306.8999968000003,2,2,1
102376,35/11-5,2307.0519968000003,2,2,1
102377,35/11-5,2307.2039968000004,2,2,1
102378,35/11-5,2307.3559968000004,2,2,1
102379,35/11-5,2307.5079968,2,2,1
102380,35/11-5,2307.6599968,2,2,1
102381,35/11-5,2307.8119968,5,2,0
102382,35/11-5,2307.9639968,5,2,0
102383,35/11-5,2308.1159968,5,2,0
102384,35/11-5,2308.2679968,5,2,0
102385,35/11-5,2308.4199968000003,2,2,1
102386,35/11-5,2308.5719968000003,2,2,1
102387,35/11-5,2308.7239968000004,2,2,1
102388,35/11-5,2308.8759968000004,2,2,1
102389,35/11-5,2309.0279968000004,2,2,1
102390,35/11-5,2309.1799968,2,2,1
102391,35/11-5,2309.3319968,2,2,1
102392,35/11-5,2309.4839968,2,2,1
102393,35/11-5,2309.6359968,2,2,1
102394,35/11-5,2309.7879968,2,2,1
102395,35/11-5,2309.9399968000002,2,2,1
102396,35/11-5,2310.0919968000003,2,2,1
102397,35/11-5,2310.2439968000003,2,2,1
102398,35/11-5,2310.3959968000004,2,2,1
102399,35/11-5,2310.5479968000004,2,2,1
102400,35/11-5,2310.6999968,2,2,1
102401,35/11-5,2310.8519968,2,2,1
102402,35/11-5,2311.0039968,2,2,1
102403,35/11-5,2311.1559968,2,2,1
102404,35/11-5,2311.3079968,2,2,1
102405,35/11-5,2311.4599968,2,2,1
102406,35/11-5,2311.6119968000003,2,2,1
102407,35/11-5,2311.7639968000003,2,2,1
102408,35/11-5,2311.9159968000004,2,2,1
102409,35/11-5,2312.0679968000004,2,2,1
102410,35/11-5,2312.2199968000004,2,2,1
102411,35/11-5,2312.3719968,2,2,1
102412,35/11-5,2312.5239968,2,2,1
102413,35/11-5,2312.6759968,2,2,1
102414,35/11-5,2312.8279968,2,2,1
102415,35/11-5,2312.9799968,2,2,1
102416,35/11-5,2313.1319968000003,2,2,1
102417,35/11-5,2313.2839968000003,2,2,1
102418,35/11-5,2313.4359968000003,2,2,1
102419,35/11-5,2313.5879968000004,2,2,1
102420,35/11-5,2313.7399968000004,2,2,1
102421,35/11-5,2313.8919968,2,2,1
102422,35/11-5,2314.0439968,2,2,1
102423,35/11-5,2314.1959968,2,2,1
102424,35/11-5,2314.3479968,2,2,1
102425,35/11-5,2314.4999968,2,2,1
102426,35/11-5,2314.6519968000002,2,2,1
102427,35/11-5,2314.8039968000003,2,2,1
102428,35/11-5,2314.9559968000003,2,2,1
102429,35/11-5,2315.1079968000004,2,2,1
102430,35/11-5,2315.2599968000004,2,2,1
102431,35/11-5,2315.4119968,2,2,1
102432,35/11-5,2315.5639968,2,2,1
102433,35/11-5,2315.7159968,2,2,1
102434,35/11-5,2315.8679968,2,2,1
102435,35/11-5,2316.0199968,2,2,1
102436,35/11-5,2316.1719968,2,2,1
102437,35/11-5,2316.3239968000003,2,2,1
102438,35/11-5,2316.4759968000003,2,2,1
102439,35/11-5,2316.6279968000003,2,2,1
102440,35/11-5,2316.7799968000004,2,2,1
102441,35/11-5,2316.9319968000004,2,2,1
102442,35/11-5,2317.0839968,2,2,1
102443,35/11-5,2317.2359968,2,2,1
102444,35/11-5,2317.3879968,2,2,1
102445,35/11-5,2317.5399968,2,2,1
102446,35/11-5,2317.6919968,2,2,1
102447,35/11-5,2317.8439968000002,2,2,1
102448,35/11-5,2317.9959968000003,2,2,1
102449,35/11-5,2318.1479968000003,2,2,1
102450,35/11-5,2318.2999968000004,2,2,1
102451,35/11-5,2318.4519968000004,2,2,1
102452,35/11-5,2318.6039968,2,2,1
102453,35/11-5,2318.7559968,2,2,1
102454,35/11-5,2318.9079968,2,2,1
102455,35/11-5,2319.0599968,2,2,1
102456,35/11-5,2319.2119968,2,2,1
102457,35/11-5,2319.3639968,2,2,1
102458,35/11-5,2319.5159968000003,2,2,1
102459,35/11-5,2319.6679968000003,2,2,1
102460,35/11-5,2319.8199968000004,2,2,1
102461,35/11-5,2319.9719968000004,2,2,1
102462,35/11-5,2320.1239968000004,2,2,1
102463,35/11-5,2320.2759968,2,2,1
102464,35/11-5,2320.4279968,2,2,1
102465,35/11-5,2320.5799968,2,2,1
102466,35/11-5,2320.7319968,2,2,1
102467,35/11-5,2320.8839968,2,2,1
102468,35/11-5,2321.0359968000002,2,2,1
102469,35/11-5,2321.1879968000003,2,2,1
102470,35/11-5,2321.3399968000003,2,2,1
102471,35/11-5,2321.4919968000004,2,2,1
102472,35/11-5,2321.6439968000004,2,2,1
102473,35/11-5,2321.7959968,2,2,1
102474,35/11-5,2321.9479968,2,2,1
102475,35/11-5,2322.0999968,2,2,1
102476,35/11-5,2322.2519968,2,2,1
102477,35/11-5,2322.4039968,2,2,1
102478,35/11-5,2322.5559968000002,2,2,1
102479,35/11-5,2322.7079968000003,2,2,1
102480,35/11-5,2322.8599968000003,2,2,1
102481,35/11-5,2323.0119968000004,2,2,1
102482,35/11-5,2323.1639968000004,2,2,1
102483,35/11-5,2323.3159968,2,2,1
102484,35/11-5,2323.4679968,2,2,1
102485,35/11-5,2323.6199968,2,2,1
102486,35/11-5,2323.7719968,2,2,1
102487,35/11-5,2323.9239968,2,2,1
102488,35/11-5,2324.0759968,2,2,1
102489,35/11-5,2324.2279968000003,2,2,1
102490,35/11-5,2324.3799968000003,2,2,1
102491,35/11-5,2324.5319968000003,2,2,1
102492,35/11-5,2324.6839968000004,2,2,1
102493,35/11-5,2324.8359968000004,2,2,1
102494,35/11-5,2324.9879968,2,2,1
102495,35/11-5,2325.1399968,2,2,1
102496,35/11-5,2325.2919968,2,2,1
102497,35/11-5,2325.4439968,2,2,1
102498,35/11-5,2325.5959968,2,2,1
102499,35/11-5,2325.7479968000002,2,2,1
102500,35/11-5,2325.8999968000003,2,2,1
102501,35/11-5,2326.0519968000003,2,2,1
102502,35/11-5,2326.2039968000004,2,2,1
102503,35/11-5,2326.3559968000004,2,2,1
102504,35/11-5,2326.5079968,2,2,1
102505,35/11-5,2326.6599968,2,2,1
102506,35/11-5,2326.8119968,2,2,1
102507,35/11-5,2326.9639968,2,2,1
102508,35/11-5,2327.1159968,2,2,1
102509,35/11-5,2327.2679968,2,2,1
102510,35/11-5,2327.4199968000003,2,2,1
102511,35/11-5,2327.5719968000003,2,2,1
102512,35/11-5,2327.7239968000004,2,2,1
102513,35/11-5,2327.8759968000004,2,2,1
102514,35/11-5,2328.0279968000004,2,2,1
102515,35/11-5,2328.1799968,2,2,1
102516,35/11-5,2328.3319968,2,2,1
102517,35/11-5,2328.4839968,2,2,1
102518,35/11-5,2328.6359968,2,2,1
102519,35/11-5,2328.7879968,2,2,1
102520,35/11-5,2328.9399968000002,2,2,1
102521,35/11-5,2329.0919968000003,2,2,1
102522,35/11-5,2329.2439968000003,2,2,1
102523,35/11-5,2329.3959968000004,2,2,1
102524,35/11-5,2329.5479968000004,2,2,1
102525,35/11-5,2329.6999968,2,2,1
102526,35/11-5,2329.8519968,2,2,1
102527,35/11-5,2330.0039968,2,2,1
102528,35/11-5,2330.1559968,2,2,1
102529,35/11-5,2330.3079968,2,2,1
102530,35/11-5,2330.4599968,2,2,1
102531,35/11-5,2330.6119968000003,2,2,1
102532,35/11-5,2330.7639968000003,2,2,1
102533,35/11-5,2330.9159968000004,2,2,1
102534,35/11-5,2331.0679968000004,2,2,1
102535,35/11-5,2331.2199968000004,2,2,1
102536,35/11-5,2331.3719968,2,2,1
102537,35/11-5,2331.5239968,2,2,1
102538,35/11-5,2331.6759968,2,2,1
102539,35/11-5,2331.8279968,2,2,1
102540,35/11-5,2331.9799968,2,2,1
102541,35/11-5,2332.1319968000003,2,2,1
102542,35/11-5,2332.2839968000003,2,2,1
102543,35/11-5,2332.4359968000003,2,2,1
102544,35/11-5,2332.5879968000004,2,2,1
102545,35/11-5,2332.7399968000004,2,2,1
102546,35/11-5,2332.8919968,2,2,1
102547,35/11-5,2333.0439968,2,2,1
102548,35/11-5,2333.1959968,2,2,1
102549,35/11-5,2333.3479968,2,2,1
102550,35/11-5,2333.4999968,2,2,1
102551,35/11-5,2333.6519968000002,2,2,1
102552,35/11-5,2333.8039968000003,2,2,1
102553,35/11-5,2333.9559968000003,2,2,1
102554,35/11-5,2334.1079968000004,2,2,1
102555,35/11-5,2334.2599968000004,2,2,1
102556,35/11-5,2334.4119968,2,2,1
102557,35/11-5,2334.5639968,2,2,1
102558,35/11-5,2334.7159968,2,2,1
102559,35/11-5,2334.8679968,2,2,1
102560,35/11-5,2335.0199968,2,2,1
102561,35/11-5,2335.1719968,2,2,1
102562,35/11-5,2335.3239968000003,2,2,1
102563,35/11-5,2335.4759968000003,2,2,1
102564,35/11-5,2335.6279968000003,2,2,1
102565,35/11-5,2335.7799968000004,2,2,1
102566,35/11-5,2335.9319968000004,2,2,1
102567,35/11-5,2336.0839968,2,2,1
102568,35/11-5,2336.2359968,2,2,1
102569,35/11-5,2336.3879968,2,2,1
102570,35/11-5,2336.5399968,2,2,1
102571,35/11-5,2336.6919968,2,2,1
102572,35/11-5,2336.8439968000002,2,2,1
102573,35/11-5,2336.9959968000003,2,2,1
102574,35/11-5,2337.1479968000003,2,2,1
102575,35/11-5,2337.2999968000004,2,2,1
102576,35/11-5,2337.4519968000004,2,2,1
102577,35/11-5,2337.6039968,2,2,1
102578,35/11-5,2337.7559968,2,2,1
102579,35/11-5,2337.9079968,2,2,1
102580,35/11-5,2338.0599968,2,2,1
102581,35/11-5,2338.2119968,2,2,1
102582,35/11-5,2338.3639968,2,2,1
102583,35/11-5,2338.5159968000003,2,2,1
102584,35/11-5,2338.6679968000003,2,2,1
102585,35/11-5,2338.8199968000004,2,2,1
102586,35/11-5,2338.9719968000004,2,2,1
102587,35/11-5,2339.1239968000004,2,2,1
102588,35/11-5,2339.2759968,2,2,1
102589,35/11-5,2339.4279968,2,2,1
102590,35/11-5,2339.5799968,2,2,1
102591,35/11-5,2339.7319968,2,2,1
102592,35/11-5,2339.8839968,2,2,1
102593,35/11-5,2340.0359968000002,2,2,1
102594,35/11-5,2340.1879968000003,2,2,1
102595,35/11-5,2340.3399968000003,2,2,1
102596,35/11-5,2340.4919968000004,2,2,1
102597,35/11-5,2340.6439968000004,2,2,1
102598,35/11-5,2340.7959968,2,2,1
102599,35/11-5,2340.9479968,2,2,1
102600,35/11-5,2341.0999968,2,2,1
102601,35/11-5,2341.2519968,2,2,1
102602,35/11-5,2341.4039968,2,2,1
102603,35/11-5,2341.5559968000002,2,2,1
102604,35/11-5,2341.7079968000003,2,2,1
102605,35/11-5,2341.8599968000003,2,2,1
102606,35/11-5,2342.0119968000004,2,2,1
102607,35/11-5,2342.1639968000004,2,2,1
102608,35/11-5,2342.3159968,2,2,1
102609,35/11-5,2342.4679968,2,2,1
102610,35/11-5,2342.6199968,2,2,1
102611,35/11-5,2342.7719968,2,2,1
102612,35/11-5,2342.9239968,2,2,1
102613,35/11-5,2343.0759968,2,2,1
102614,35/11-5,2343.2279968000003,2,2,1
102615,35/11-5,2343.3799968000003,2,2,1
102616,35/11-5,2343.5319968000003,2,2,1
102617,35/11-5,2343.6839968000004,2,2,1
102618,35/11-5,2343.8359968000004,2,2,1
102619,35/11-5,2343.9879968,2,2,1
102620,35/11-5,2344.1399968,2,2,1
102621,35/11-5,2344.2919968,2,2,1
102622,35/11-5,2344.4439968,2,2,1
102623,35/11-5,2344.5959968,2,2,1
102624,35/11-5,2344.7479968000002,2,2,1
102625,35/11-5,2344.8999968000003,2,2,1
102626,35/11-5,2345.0519968000003,2,2,1
102627,35/11-5,2345.2039968000004,2,2,1
102628,35/11-5,2345.3559968000004,2,2,1
102629,35/11-5,2345.5079968,2,2,1
102630,35/11-5,2345.6599968,2,2,1
102631,35/11-5,2345.8119968,2,2,1
102632,35/11-5,2345.9639968,2,2,1
102633,35/11-5,2346.1159968,2,2,1
102634,35/11-5,2346.2679968,2,2,1
102635,35/11-5,2346.4199968000003,2,2,1
102636,35/11-5,2346.5719968000003,2,2,1
102637,35/11-5,2346.7239968000004,2,2,1
102638,35/11-5,2346.8759968000004,2,2,1
102639,35/11-5,2347.0279968000004,2,2,1
102640,35/11-5,2347.1799968,2,2,1
102641,35/11-5,2347.3319968,2,2,1
102642,35/11-5,2347.4839968,2,2,1
102643,35/11-5,2347.6359968,2,2,1
102644,35/11-5,2347.7879968,2,2,1
102645,35/11-5,2347.9399968000002,2,2,1
102646,35/11-5,2348.0919968000003,2,2,1
102647,35/11-5,2348.2439968000003,2,2,1
102648,35/11-5,2348.3959968000004,2,2,1
102649,35/11-5,2348.5479968000004,2,2,1
102650,35/11-5,2348.6999968,2,2,1
102651,35/11-5,2348.8519968,5,2,0
102652,35/11-5,2349.0039968,5,2,0
102653,35/11-5,2349.1559968,5,2,0
102654,35/11-5,2349.3079968,5,2,0
102655,35/11-5,2349.4599968,2,2,1
102656,35/11-5,2349.6119968000003,2,2,1
102657,35/11-5,2349.7639968000003,2,2,1
102658,35/11-5,2349.9159968000004,2,2,1
102659,35/11-5,2350.0679968000004,2,2,1
102660,35/11-5,2350.2199968000004,2,2,1
102661,35/11-5,2350.3719968,2,2,1
102662,35/11-5,2350.5239968,2,2,1
102663,35/11-5,2350.6759968,2,2,1
102664,35/11-5,2350.8279968,2,2,1
102665,35/11-5,2350.9799968,2,2,1
102666,35/11-5,2351.1319968000003,2,2,1
102667,35/11-5,2351.2839968000003,2,2,1
102668,35/11-5,2351.4359968000003,2,2,1
102669,35/11-5,2351.5879968000004,2,2,1
102670,35/11-5,2351.7399968000004,2,2,1
102671,35/11-5,2351.8919968,2,2,1
102672,35/11-5,2352.0439968,2,2,1
102673,35/11-5,2352.1959968,2,2,1
102674,35/11-5,2352.3479968,2,2,1
102675,35/11-5,2352.4999968,2,2,1
102676,35/11-5,2352.6519968000002,2,2,1
102677,35/11-5,2352.8039968000003,2,2,1
102678,35/11-5,2352.9559968000003,2,2,1
102679,35/11-5,2353.1079968000004,2,2,1
102680,35/11-5,2353.2599968000004,2,2,1
102681,35/11-5,2353.4119968,2,2,1
102682,35/11-5,2353.5639968,2,2,1
102683,35/11-5,2353.7159968,2,2,1
102684,35/11-5,2353.8679968,2,2,1
102685,35/11-5,2354.0199968,2,2,1
102686,35/11-5,2354.1719968,5,2,0
102687,35/11-5,2354.3239968000003,5,2,0
102688,35/11-5,2354.4759968000003,5,2,0
102689,35/11-5,2354.6279968000003,2,2,1
102690,35/11-5,2354.7799968000004,2,2,1
102691,35/11-5,2354.9319968000004,2,2,1
102692,35/11-5,2355.0839968,2,2,1
102693,35/11-5,2355.2359968,2,2,1
102694,35/11-5,2355.3879968,2,2,1
102695,35/11-5,2355.5399968,2,2,1
102696,35/11-5,2355.6919968,2,2,1
102697,35/11-5,2355.8439968000002,2,2,1
102698,35/11-5,2355.9959968000003,2,2,1
102699,35/11-5,2356.1479968000003,2,2,1
102700,35/11-5,2356.2999968000004,2,2,1
102701,35/11-5,2356.4519968000004,2,2,1
102702,35/11-5,2356.6039968,2,2,1
102703,35/11-5,2356.7559968,2,2,1
102704,35/11-5,2356.9079968,2,2,1
102705,35/11-5,2357.0599968,2,2,1
102706,35/11-5,2357.2119968,2,2,1
102707,35/11-5,2357.3639968,2,2,1
102708,35/11-5,2357.5159968000003,2,2,1
102709,35/11-5,2357.6679968000003,2,2,1
102710,35/11-5,2357.8199968000004,2,2,1
102711,35/11-5,2357.9719968000004,2,2,1
102712,35/11-5,2358.1239968000004,2,2,1
102713,35/11-5,2358.2759968,2,2,1
102714,35/11-5,2358.4279968,2,2,1
102715,35/11-5,2358.5799968,2,2,1
102716,35/11-5,2358.7319968,2,2,1
102717,35/11-5,2358.8839968,2,2,1
102718,35/11-5,2359.0359968000002,2,2,1
102719,35/11-5,2359.1879968000003,2,2,1
102720,35/11-5,2359.3399968000003,2,2,1
102721,35/11-5,2359.4919968000004,2,2,1
102722,35/11-5,2359.6439968000004,2,2,1
102723,35/11-5,2359.7959968,2,2,1
102724,35/11-5,2359.9479968,2,2,1
102725,35/11-5,2360.0999968,2,2,1
102726,35/11-5,2360.2519968,2,2,1
102727,35/11-5,2360.4039968,2,2,1
102728,35/11-5,2360.5559968000002,2,2,1
102729,35/11-5,2360.7079968000003,2,2,1
102730,35/11-5,2360.8599968000003,2,2,1
102731,35/11-5,2361.0119968000004,2,2,1
102732,35/11-5,2361.1639968000004,2,2,1
102733,35/11-5,2361.3159968,5,2,0
102734,35/11-5,2361.4679968,5,2,0
102735,35/11-5,2361.6199968,5,2,0
102736,35/11-5,2361.7719968,2,2,1
102737,35/11-5,2361.9239968,2,2,1
102738,35/11-5,2362.0759968,2,2,1
102739,35/11-5,2362.2279968000003,2,2,1
102740,35/11-5,2362.3799968000003,2,2,1
102741,35/11-5,2362.5319968000003,2,2,1
102742,35/11-5,2362.6839968000004,2,2,1
102743,35/11-5,2362.8359968000004,2,2,1
102744,35/11-5,2362.9879968,2,2,1
102745,35/11-5,2363.1399968,2,2,1
102746,35/11-5,2363.2919968,2,2,1
102747,35/11-5,2363.4439968,2,2,1
102748,35/11-5,2363.5959968,2,2,1
102749,35/11-5,2363.7479968000002,2,2,1
102750,35/11-5,2363.8999968000003,2,2,1
102751,35/11-5,2364.0519968000003,2,2,1
102752,35/11-5,2364.2039968000004,2,2,1
102753,35/11-5,2364.3559968000004,2,2,1
102754,35/11-5,2364.5079968,2,2,1
102755,35/11-5,2364.6599968,2,2,1
102756,35/11-5,2364.8119968,2,2,1
102757,35/11-5,2364.9639968,2,2,1
102758,35/11-5,2365.1159968,2,2,1
102759,35/11-5,2365.2679968,2,2,1
102760,35/11-5,2365.4199968000003,2,2,1
102761,35/11-5,2365.5719968000003,2,2,1
102762,35/11-5,2365.7239968000004,2,2,1
102763,35/11-5,2365.8759968000004,2,2,1
102764,35/11-5,2366.0279968000004,2,2,1
102765,35/11-5,2366.1799968,2,2,1
102766,35/11-5,2366.3319968,2,2,1
102767,35/11-5,2366.4839968,2,2,1
102768,35/11-5,2366.6359968,2,2,1
102769,35/11-5,2366.7879968,2,2,1
102770,35/11-5,2366.9399968000002,2,2,1
102771,35/11-5,2367.0919968000003,2,2,1
102772,35/11-5,2367.2439968000003,2,2,1
102773,35/11-5,2367.3959968000004,2,2,1
102774,35/11-5,2367.5479968000004,2,2,1
102775,35/11-5,2367.6999968,2,2,1
102776,35/11-5,2367.8519968,2,2,1
102777,35/11-5,2368.0039968,2,2,1
102778,35/11-5,2368.1559968,2,2,1
102779,35/11-5,2368.3079968,2,2,1
102780,35/11-5,2368.4599968,2,2,1
102781,35/11-5,2368.6119968000003,2,2,1
102782,35/11-5,2368.7639968000003,2,2,1
102783,35/11-5,2368.9159968000004,2,2,1
102784,35/11-5,2369.0679968000004,2,2,1
102785,35/11-5,2369.2199968000004,2,2,1
102786,35/11-5,2369.3719968,2,2,1
102787,35/11-5,2369.5239968,2,2,1
102788,35/11-5,2369.6759968,2,2,1
102789,35/11-5,2369.8279968,2,2,1
102790,35/11-5,2369.9799968,2,2,1
102791,35/11-5,2370.1319968000003,2,2,1
102792,35/11-5,2370.2839968000003,2,2,1
102793,35/11-5,2370.4359968000003,2,2,1
102794,35/11-5,2370.5879968000004,2,2,1
102795,35/11-5,2370.7399968000004,2,2,1
102796,35/11-5,2370.8919968,2,2,1
102797,35/11-5,2371.0439968,2,2,1
102798,35/11-5,2371.1959968,2,2,1
102799,35/11-5,2371.3479968,2,2,1
102800,35/11-5,2371.4999968,2,2,1
102801,35/11-5,2371.6519968000002,2,2,1
102802,35/11-5,2371.8039968000003,2,2,1
102803,35/11-5,2371.9559968000003,2,2,1
102804,35/11-5,2372.1079968000004,2,2,1
102805,35/11-5,2372.2599968000004,2,2,1
102806,35/11-5,2372.4119968,2,2,1
102807,35/11-5,2372.5639968,2,2,1
102808,35/11-5,2372.7159968,2,2,1
102809,35/11-5,2372.8679968,2,2,1
102810,35/11-5,2373.0199968,2,2,1
102811,35/11-5,2373.1719968,2,2,1
102812,35/11-5,2373.3239968000003,2,2,1
102813,35/11-5,2373.4759968000003,2,2,1
102814,35/11-5,2373.6279968000003,2,2,1
102815,35/11-5,2373.7799968000004,2,2,1
102816,35/11-5,2373.9319968000004,2,2,1
102817,35/11-5,2374.0839968,2,2,1
102818,35/11-5,2374.2359968,2,2,1
102819,35/11-5,2374.3879968,2,2,1
102820,35/11-5,2374.5399968,2,2,1
102821,35/11-5,2374.6919968,2,2,1
102822,35/11-5,2374.8439968000002,2,2,1
102823,35/11-5,2374.9959968000003,2,2,1
102824,35/11-5,2375.1479968000003,2,2,1
102825,35/11-5,2375.2999968000004,2,2,1
102826,35/11-5,2375.4519968000004,2,2,1
102827,35/11-5,2375.6039968,2,2,1
102828,35/11-5,2375.7559968,2,2,1
102829,35/11-5,2375.9079968,2,2,1
102830,35/11-5,2376.0599968,2,2,1
102831,35/11-5,2376.2119968,2,2,1
102832,35/11-5,2376.3639968,2,2,1
102833,35/11-5,2376.5159968000003,2,2,1
102834,35/11-5,2376.6679968000003,2,2,1
102835,35/11-5,2376.8199968000004,2,2,1
102836,35/11-5,2376.9719968000004,2,2,1
102837,35/11-5,2377.1239968000004,2,2,1
102838,35/11-5,2377.2759968,2,2,1
102839,35/11-5,2377.4279968,2,2,1
102840,35/11-5,2377.5799968,2,2,1
102841,35/11-5,2377.7319968,2,2,1
102842,35/11-5,2377.8839968,2,2,1
102843,35/11-5,2378.0359968000002,2,2,1
102844,35/11-5,2378.1879968000003,2,2,1
102845,35/11-5,2378.3399968000003,2,2,1
102846,35/11-5,2378.4919968000004,2,2,1
102847,35/11-5,2378.6439968000004,2,2,1
102848,35/11-5,2378.7959968,2,2,1
102849,35/11-5,2378.9479968,2,2,1
102850,35/11-5,2379.0999968,2,2,1
102851,35/11-5,2379.2519968,2,2,1
102852,35/11-5,2379.4039968,2,2,1
102853,35/11-5,2379.5559968000002,2,2,1
102854,35/11-5,2379.7079968000003,2,2,1
102855,35/11-5,2379.8599968000003,2,2,1
102856,35/11-5,2380.0119968000004,2,2,1
102857,35/11-5,2380.1639968000004,2,2,1
102858,35/11-5,2380.3159968,2,2,1
102859,35/11-5,2380.4679968,2,2,1
102860,35/11-5,2380.6199968,2,2,1
102861,35/11-5,2380.7719968,2,2,1
102862,35/11-5,2380.9239968,2,2,1
102863,35/11-5,2381.0759968,2,2,1
102864,35/11-5,2381.2279968000003,2,2,1
102865,35/11-5,2381.3799968000003,2,2,1
102866,35/11-5,2381.5319968000003,2,2,1
102867,35/11-5,2381.6839968000004,2,2,1
102868,35/11-5,2381.8359968000004,2,2,1
102869,35/11-5,2381.9879968,2,2,1
102870,35/11-5,2382.1399968,2,2,1
102871,35/11-5,2382.2919968,2,2,1
102872,35/11-5,2382.4439968,2,2,1
102873,35/11-5,2382.5959968,2,2,1
102874,35/11-5,2382.7479968000002,2,2,1
102875,35/11-5,2382.8999968000003,2,2,1
102876,35/11-5,2383.0519968000003,2,2,1
102877,35/11-5,2383.2039968000004,2,2,1
102878,35/11-5,2383.3559968000004,2,2,1
102879,35/11-5,2383.5079968,2,2,1
102880,35/11-5,2383.6599968,2,2,1
102881,35/11-5,2383.8119968,2,2,1
102882,35/11-5,2383.9639968,2,2,1
102883,35/11-5,2384.1159968,2,2,1
102884,35/11-5,2384.2679968,2,2,1
102885,35/11-5,2384.4199968000003,2,2,1
102886,35/11-5,2384.5719968000003,2,2,1
102887,35/11-5,2384.7239968000004,2,2,1
102888,35/11-5,2384.8759968000004,2,2,1
102889,35/11-5,2385.0279968000004,2,2,1
102890,35/11-5,2385.1799968,2,2,1
102891,35/11-5,2385.3319968,2,2,1
102892,35/11-5,2385.4839968,2,2,1
102893,35/11-5,2385.6359968,2,2,1
102894,35/11-5,2385.7879968,2,2,1
102895,35/11-5,2385.9399968000002,2,2,1
102896,35/11-5,2386.0919968000003,2,2,1
102897,35/11-5,2386.2439968000003,2,2,1
102898,35/11-5,2386.3959968000004,2,2,1
102899,35/11-5,2386.5479968000004,2,2,1
102900,35/11-5,2386.6999968,2,2,1
102901,35/11-5,2386.8519968,2,2,1
102902,35/11-5,2387.0039968,2,2,1
102903,35/11-5,2387.1559968,2,2,1
102904,35/11-5,2387.3079968,2,2,1
102905,35/11-5,2387.4599968,2,2,1
102906,35/11-5,2387.6119968000003,2,2,1
102907,35/11-5,2387.7639968000003,2,2,1
102908,35/11-5,2387.9159968000004,2,2,1
102909,35/11-5,2388.0679968000004,2,2,1
102910,35/11-5,2388.2199968000004,2,2,1
102911,35/11-5,2388.3719968,2,2,1
102912,35/11-5,2388.5239968,2,2,1
102913,35/11-5,2388.6759968,2,2,1
102914,35/11-5,2388.8279968,2,2,1
102915,35/11-5,2388.9799968,2,2,1
102916,35/11-5,2389.1319968000003,2,2,1
102917,35/11-5,2389.2839968000003,2,2,1
102918,35/11-5,2389.4359968000003,2,2,1
102919,35/11-5,2389.5879968000004,2,2,1
102920,35/11-5,2389.7399968000004,2,2,1
102921,35/11-5,2389.8919968,2,2,1
102922,35/11-5,2390.0439968,2,2,1
102923,35/11-5,2390.1959968,2,2,1
102924,35/11-5,2390.3479968,2,2,1
102925,35/11-5,2390.4999968,2,2,1
102926,35/11-5,2390.6519968000002,2,2,1
102927,35/11-5,2390.8039968000003,2,2,1
102928,35/11-5,2390.9559968000003,2,2,1
102929,35/11-5,2391.1079968000004,2,2,1
102930,35/11-5,2391.2599968000004,2,2,1
102931,35/11-5,2391.4119968,2,2,1
102932,35/11-5,2391.5639968,2,2,1
102933,35/11-5,2391.7159968,2,2,1
102934,35/11-5,2391.8679968,2,2,1
102935,35/11-5,2392.0199968,2,2,1
102936,35/11-5,2392.1719968,2,2,1
102937,35/11-5,2392.3239968000003,2,2,1
102938,35/11-5,2392.4759968000003,2,2,1
102939,35/11-5,2392.6279968000003,2,2,1
102940,35/11-5,2392.7799968000004,2,2,1
102941,35/11-5,2392.9319968000004,2,2,1
102942,35/11-5,2393.0839968,2,2,1
102943,35/11-5,2393.2359968,2,2,1
102944,35/11-5,2393.3879968,2,2,1
102945,35/11-5,2393.5399968,2,2,1
102946,35/11-5,2393.6919968,2,2,1
102947,35/11-5,2393.8439968000002,2,2,1
102948,35/11-5,2393.9959968000003,2,2,1
102949,35/11-5,2394.1479968000003,2,2,1
102950,35/11-5,2394.2999968000004,2,2,1
102951,35/11-5,2394.4519968000004,2,2,1
102952,35/11-5,2394.6039968,2,2,1
102953,35/11-5,2394.7559968,2,2,1
102954,35/11-5,2394.9079968,2,2,1
102955,35/11-5,2395.0599968,2,2,1
102956,35/11-5,2395.2119968,2,2,1
102957,35/11-5,2395.3639968,2,2,1
102958,35/11-5,2395.5159968000003,2,2,1
102959,35/11-5,2395.6679968000003,2,2,1
102960,35/11-5,2395.8199968000004,2,2,1
102961,35/11-5,2395.9719968000004,2,2,1
102962,35/11-5,2396.1239968000004,2,2,1
102963,35/11-5,2396.2759968,2,2,1
102964,35/11-5,2396.4279968,2,2,1
102965,35/11-5,2396.5799968,2,2,1
102966,35/11-5,2396.7319968,2,2,1
102967,35/11-5,2396.8839968,2,2,1
102968,35/11-5,2397.0359968000002,2,2,1
102969,35/11-5,2397.1879968000003,2,2,1
102970,35/11-5,2397.3399968000003,2,2,1
102971,35/11-5,2397.4919968000004,2,2,1
102972,35/11-5,2397.6439968000004,2,2,1
102973,35/11-5,2397.7959968,2,2,1
102974,35/11-5,2397.9479968,2,2,1
102975,35/11-5,2398.0999968,2,2,1
102976,35/11-5,2398.2519968,2,2,1
102977,35/11-5,2398.4039968,2,2,1
102978,35/11-5,2398.5559968000002,2,2,1
102979,35/11-5,2398.7079968000003,2,2,1
102980,35/11-5,2398.8599968000003,2,2,1
102981,35/11-5,2399.0119968000004,2,2,1
102982,35/11-5,2399.1639968000004,2,2,1
102983,35/11-5,2399.3159968,2,2,1
102984,35/11-5,2399.4679968,2,2,1
102985,35/11-5,2399.6199968,2,2,1
102986,35/11-5,2399.7719968,2,2,1
102987,35/11-5,2399.9239968,2,2,1
102988,35/11-5,2400.0759968,2,2,1
102989,35/11-5,2400.2279968000003,2,2,1
102990,35/11-5,2400.3799968000003,2,2,1
102991,35/11-5,2400.5319968000003,2,2,1
102992,35/11-5,2400.6839968000004,2,2,1
102993,35/11-5,2400.8359968000004,2,2,1
102994,35/11-5,2400.9879968,2,2,1
102995,35/11-5,2401.1399968,2,2,1
102996,35/11-5,2401.2919968,2,2,1
102997,35/11-5,2401.4439968,2,2,1
102998,35/11-5,2401.5959968,2,2,1
102999,35/11-5,2401.7479968000002,2,2,1
103000,35/11-5,2401.8999968000003,2,2,1
103001,35/11-5,2402.0519968000003,2,2,1
103002,35/11-5,2402.2039968000004,2,2,1
103003,35/11-5,2402.3559968000004,2,2,1
103004,35/11-5,2402.5079968,2,2,1
103005,35/11-5,2402.6599968,2,2,1
103006,35/11-5,2402.8119968,2,2,1
103007,35/11-5,2402.9639968,2,2,1
103008,35/11-5,2403.1159968,2,2,1
103009,35/11-5,2403.2679968,2,2,1
103010,35/11-5,2403.4199968000003,2,2,1
103011,35/11-5,2403.5719968000003,2,2,1
103012,35/11-5,2403.7239968000004,2,2,1
103013,35/11-5,2403.8759968000004,2,2,1
103014,35/11-5,2404.0279968000004,2,2,1
103015,35/11-5,2404.1799968,2,2,1
103016,35/11-5,2404.3319968,2,2,1
103017,35/11-5,2404.4839968,2,2,1
103018,35/11-5,2404.6359968,2,2,1
103019,35/11-5,2404.7879968,2,2,1
103020,35/11-5,2404.9399968000002,2,2,1
103021,35/11-5,2405.0919968000003,2,2,1
103022,35/11-5,2405.2439968000003,2,2,1
103023,35/11-5,2405.3959968000004,2,2,1
103024,35/11-5,2405.5479968000004,2,2,1
103025,35/11-5,2405.6999968,2,2,1
103026,35/11-5,2405.8519968,2,2,1
103027,35/11-5,2406.0039968,2,2,1
103028,35/11-5,2406.1559968,2,2,1
103029,35/11-5,2406.3079968,2,2,1
103030,35/11-5,2406.4599968,2,2,1
103031,35/11-5,2406.6119968000003,2,2,1
103032,35/11-5,2406.7639968000003,2,2,1
103033,35/11-5,2406.9159968000004,2,2,1
103034,35/11-5,2407.0679968000004,2,2,1
103035,35/11-5,2407.2199968000004,2,2,1
103036,35/11-5,2407.3719968,2,2,1
103037,35/11-5,2407.5239968,2,2,1
103038,35/11-5,2407.6759968,2,2,1
103039,35/11-5,2407.8279968,2,2,1
103040,35/11-5,2407.9799968,2,2,1
103041,35/11-5,2408.1319968000003,2,2,1
103042,35/11-5,2408.2839968000003,2,2,1
103043,35/11-5,2408.4359968000003,2,2,1
103044,35/11-5,2408.5879968000004,2,2,1
103045,35/11-5,2408.7399968000004,2,2,1
103046,35/11-5,2408.8919968,2,2,1
103047,35/11-5,2409.0439968,2,2,1
103048,35/11-5,2409.1959968,2,2,1
103049,35/11-5,2409.3479968,2,2,1
103050,35/11-5,2409.4999968,2,2,1
103051,35/11-5,2409.6519968000002,2,2,1
103052,35/11-5,2409.8039968000003,2,2,1
103053,35/11-5,2409.9559968000003,2,2,1
103054,35/11-5,2410.1079968000004,2,2,1
103055,35/11-5,2410.2599968000004,2,2,1
103056,35/11-5,2410.4119968,2,2,1
103057,35/11-5,2410.5639968,2,2,1
103058,35/11-5,2410.7159968,2,2,1
103059,35/11-5,2410.8679968,2,2,1
103060,35/11-5,2411.0199968,2,2,1
103061,35/11-5,2411.1719968,2,2,1
103062,35/11-5,2411.3239968000003,2,2,1
103063,35/11-5,2411.4759968000003,2,2,1
103064,35/11-5,2411.6279968000003,2,2,1
103065,35/11-5,2411.7799968000004,2,2,1
103066,35/11-5,2411.9319968000004,2,2,1
103067,35/11-5,2412.0839968,2,2,1
103068,35/11-5,2412.2359968,2,2,1
103069,35/11-5,2412.3879968,2,2,1
103070,35/11-5,2412.5399968,2,2,1
103071,35/11-5,2412.6919968,2,2,1
103072,35/11-5,2412.8439968000002,2,2,1
103073,35/11-5,2412.9959968000003,2,2,1
103074,35/11-5,2413.1479968000003,2,2,1
103075,35/11-5,2413.2999968000004,2,2,1
103076,35/11-5,2413.4519968000004,2,2,1
103077,35/11-5,2413.6039968,2,2,1
103078,35/11-5,2413.7559968,2,2,1
103079,35/11-5,2413.9079968,2,2,1
103080,35/11-5,2414.0599968,2,2,1
103081,35/11-5,2414.2119968,2,2,1
103082,35/11-5,2414.3639968,2,2,1
103083,35/11-5,2414.5159968000003,2,2,1
103084,35/11-5,2414.6679968000003,2,2,1
103085,35/11-5,2414.8199968000004,2,2,1
103086,35/11-5,2414.9719968000004,2,2,1
103087,35/11-5,2415.1239968000004,2,2,1
103088,35/11-5,2415.2759968,2,2,1
103089,35/11-5,2415.4279968,2,2,1
103090,35/11-5,2415.5799968,2,2,1
103091,35/11-5,2415.7319968,2,2,1
103092,35/11-5,2415.8839968,2,2,1
103093,35/11-5,2416.0359968000002,2,2,1
103094,35/11-5,2416.1879968000003,2,2,1
103095,35/11-5,2416.3399968000003,2,2,1
103096,35/11-5,2416.4919968000004,2,2,1
103097,35/11-5,2416.6439968000004,2,2,1
103098,35/11-5,2416.7959968,2,2,1
103099,35/11-5,2416.9479968,2,2,1
103100,35/11-5,2417.0999968,2,2,1
103101,35/11-5,2417.2519968,2,2,1
103102,35/11-5,2417.4039968,2,2,1
103103,35/11-5,2417.5559968000002,2,2,1
103104,35/11-5,2417.7079968000003,2,2,1
103105,35/11-5,2417.8599968000003,2,2,1
103106,35/11-5,2418.0119968000004,5,2,0
103107,35/11-5,2418.1639968000004,5,2,0
103108,35/11-5,2418.3159968,5,2,0
103109,35/11-5,2418.4679968,5,2,0
103110,35/11-5,2418.6199968,5,2,0
103111,35/11-5,2418.7719968,2,2,1
103112,35/11-5,2418.9239968,2,2,1
103113,35/11-5,2419.0759968,2,2,1
103114,35/11-5,2419.2279968000003,2,2,1
103115,35/11-5,2419.3799968000003,2,2,1
103116,35/11-5,2419.5319968000003,2,2,1
103117,35/11-5,2419.6839968000004,2,2,1
103118,35/11-5,2419.8359968000004,2,2,1
103119,35/11-5,2419.9879968,2,2,1
103120,35/11-5,2420.1399968,2,2,1
103121,35/11-5,2420.2919968,2,2,1
103122,35/11-5,2420.4439968,2,2,1
103123,35/11-5,2420.5959968,2,2,1
103124,35/11-5,2420.7479968000002,2,2,1
103125,35/11-5,2420.8999968000003,2,2,1
103126,35/11-5,2421.0519968000003,2,2,1
103127,35/11-5,2421.2039968000004,2,2,1
103128,35/11-5,2421.3559968000004,2,2,1
103129,35/11-5,2421.5079968,2,2,1
103130,35/11-5,2421.6599968,2,2,1
103131,35/11-5,2421.8119968,2,2,1
103132,35/11-5,2421.9639968,2,2,1
103133,35/11-5,2422.1159968,2,2,1
103134,35/11-5,2422.2679968,2,2,1
103135,35/11-5,2422.4199968000003,2,2,1
103136,35/11-5,2422.5719968000003,2,2,1
103137,35/11-5,2422.7239968000004,2,2,1
103138,35/11-5,2422.8759968000004,2,2,1
103139,35/11-5,2423.0279968000004,2,2,1
103140,35/11-5,2423.1799968,2,2,1
103141,35/11-5,2423.3319968,2,2,1
103142,35/11-5,2423.4839968,2,2,1
103143,35/11-5,2423.6359968,2,2,1
103144,35/11-5,2423.7879968,2,2,1
103145,35/11-5,2423.9399968000002,2,2,1
103146,35/11-5,2424.0919968000003,2,2,1
103147,35/11-5,2424.2439968000003,2,2,1
103148,35/11-5,2424.3959968000004,2,2,1
103149,35/11-5,2424.5479968000004,2,2,1
103150,35/11-5,2424.6999968,2,2,1
103151,35/11-5,2424.8519968,2,2,1
103152,35/11-5,2425.0039968,2,2,1
103153,35/11-5,2425.1559968,2,2,1
103154,35/11-5,2425.3079968,2,2,1
103155,35/11-5,2425.4599968,2,2,1
103156,35/11-5,2425.6119968000003,2,2,1
103157,35/11-5,2425.7639968000003,2,2,1
103158,35/11-5,2425.9159968000004,5,2,0
103159,35/11-5,2426.0679968000004,5,2,0
103160,35/11-5,2426.2199968000004,5,2,0
103161,35/11-5,2426.3719968,5,2,0
103162,35/11-5,2426.5239968,5,2,0
103163,35/11-5,2426.6759968,2,2,1
103164,35/11-5,2426.8279968,2,2,1
103165,35/11-5,2426.9799968,2,2,1
103166,35/11-5,2427.1319968000003,2,2,1
103167,35/11-5,2427.2839968000003,2,2,1
103168,35/11-5,2427.4359968000003,2,2,1
103169,35/11-5,2427.5879968000004,2,2,1
103170,35/11-5,2427.7399968000004,2,2,1
103171,35/11-5,2427.8919968,2,2,1
103172,35/11-5,2428.0439968,2,2,1
103173,35/11-5,2428.1959968,2,2,1
103174,35/11-5,2428.3479968,2,2,1
103175,35/11-5,2428.4999968,2,2,1
103176,35/11-5,2428.6519968000002,2,2,1
103177,35/11-5,2428.8039968000003,2,2,1
103178,35/11-5,2428.9559968000003,2,2,1
103179,35/11-5,2429.1079968000004,2,2,1
103180,35/11-5,2429.2599968000004,2,2,1
103181,35/11-5,2429.4119968,2,2,1
103182,35/11-5,2429.5639968,2,2,1
103183,35/11-5,2429.7159968,2,2,1
103184,35/11-5,2429.8679968,2,2,1
103185,35/11-5,2430.0199968,2,2,1
103186,35/11-5,2430.1719968,2,2,1
103187,35/11-5,2430.3239968000003,2,2,1
103188,35/11-5,2430.4759968000003,2,2,1
103189,35/11-5,2430.6279968000003,2,2,1
103190,35/11-5,2430.7799968000004,2,2,1
103191,35/11-5,2430.9319968000004,2,2,1
103192,35/11-5,2431.0839968,2,2,1
103193,35/11-5,2431.2359968,2,2,1
103194,35/11-5,2431.3879968,2,2,1
103195,35/11-5,2431.5399968,2,2,1
103196,35/11-5,2431.6919968,2,2,1
103197,35/11-5,2431.8439968000002,2,2,1
103198,35/11-5,2431.9959968000003,2,2,1
103199,35/11-5,2432.1479968000003,2,2,1
103200,35/11-5,2432.2999968000004,2,2,1
103201,35/11-5,2432.4519968000004,2,2,1
103202,35/11-5,2432.6039968,2,2,1
103203,35/11-5,2432.7559968,2,2,1
103204,35/11-5,2432.9079968,2,2,1
103205,35/11-5,2433.0599968,2,2,1
103206,35/11-5,2433.2119968,2,2,1
103207,35/11-5,2433.3639968,2,2,1
103208,35/11-5,2433.5159968000003,2,2,1
103209,35/11-5,2433.6679968000003,2,2,1
103210,35/11-5,2433.8199968000004,2,2,1
103211,35/11-5,2433.9719968000004,2,2,1
103212,35/11-5,2434.1239968000004,2,2,1
103213,35/11-5,2434.2759968,2,2,1
103214,35/11-5,2434.4279968,2,2,1
103215,35/11-5,2434.5799968,2,2,1
103216,35/11-5,2434.7319968,2,2,1
103217,35/11-5,2434.8839968,2,2,1
103218,35/11-5,2435.0359968000002,2,2,1
103219,35/11-5,2435.1879968000003,2,2,1
103220,35/11-5,2435.3399968000003,2,2,1
103221,35/11-5,2435.4919968000004,2,2,1
103222,35/11-5,2435.6439968000004,2,2,1
103223,35/11-5,2435.7959968,2,2,1
103224,35/11-5,2435.9479968,2,2,1
103225,35/11-5,2436.0999968,2,2,1
103226,35/11-5,2436.2519968,2,2,1
103227,35/11-5,2436.4039968,2,2,1
103228,35/11-5,2436.5559968000002,2,2,1
103229,35/11-5,2436.7079968000003,2,2,1
103230,35/11-5,2436.8599968000003,2,2,1
103231,35/11-5,2437.0119968000004,2,2,1
103232,35/11-5,2437.1639968000004,2,2,1
103233,35/11-5,2437.3159968,2,2,1
103234,35/11-5,2437.4679968,2,2,1
103235,35/11-5,2437.6199968,2,2,1
103236,35/11-5,2437.7719968,2,2,1
103237,35/11-5,2437.9239968,2,2,1
103238,35/11-5,2438.0759968,2,2,1
103239,35/11-5,2438.2279968000003,2,2,1
103240,35/11-5,2438.3799968000003,2,2,1
103241,35/11-5,2438.5319968000003,5,2,0
103242,35/11-5,2438.6839968000004,5,2,0
103243,35/11-5,2438.8359968000004,5,2,0
103244,35/11-5,2438.9879968,5,2,0
103245,35/11-5,2439.1399968,5,2,0
103246,35/11-5,2439.2919968,2,2,1
103247,35/11-5,2439.4439968,2,2,1
103248,35/11-5,2439.5959968,2,2,1
103249,35/11-5,2439.7479968000002,2,2,1
103250,35/11-5,2439.8999968000003,2,2,1
103251,35/11-5,2440.0519968000003,2,2,1
103252,35/11-5,2440.2039968000004,2,2,1
103253,35/11-5,2440.3559968000004,2,2,1
103254,35/11-5,2440.5079968,2,2,1
103255,35/11-5,2440.6599968,2,2,1
103256,35/11-5,2440.8119968,2,2,1
103257,35/11-5,2440.9639968,2,2,1
103258,35/11-5,2441.1159968,2,2,1
103259,35/11-5,2441.2679968,2,2,1
103260,35/11-5,2441.4199968000003,2,2,1
103261,35/11-5,2441.5719968000003,2,2,1
103262,35/11-5,2441.7239968000004,2,2,1
103263,35/11-5,2441.8759968000004,2,2,1
103264,35/11-5,2442.0279968000004,2,2,1
103265,35/11-5,2442.1799968,2,2,1
103266,35/11-5,2442.3319968,2,2,1
103267,35/11-5,2442.4839968,2,2,1
103268,35/11-5,2442.6359968,2,2,1
103269,35/11-5,2442.7879968,2,2,1
103270,35/11-5,2442.9399968000002,2,2,1
103271,35/11-5,2443.0919968000003,2,2,1
103272,35/11-5,2443.2439968000003,2,2,1
103273,35/11-5,2443.3959968000004,2,2,1
103274,35/11-5,2443.5479968000004,2,2,1
103275,35/11-5,2443.6999968,2,2,1
103276,35/11-5,2443.8519968,2,2,1
103277,35/11-5,2444.0039968,2,2,1
103278,35/11-5,2444.1559968,2,2,1
103279,35/11-5,2444.3079968,2,2,1
103280,35/11-5,2444.4599968,2,2,1
103281,35/11-5,2444.6119968000003,2,2,1
103282,35/11-5,2444.7639968000003,2,2,1
103283,35/11-5,2444.9159968000004,2,2,1
103284,35/11-5,2445.0679968000004,2,2,1
103285,35/11-5,2445.2199968000004,2,2,1
103286,35/11-5,2445.3719968,2,2,1
103287,35/11-5,2445.5239968,2,2,1
103288,35/11-5,2445.6759968,2,2,1
103289,35/11-5,2445.8279968,2,2,1
103290,35/11-5,2445.9799968,2,2,1
103291,35/11-5,2446.1319968000003,2,2,1
103292,35/11-5,2446.2839968000003,2,2,1
103293,35/11-5,2446.4359968000003,2,2,1
103294,35/11-5,2446.5879968000004,2,2,1
103295,35/11-5,2446.7399968000004,2,2,1
103296,35/11-5,2446.8919968,2,2,1
103297,35/11-5,2447.0439968,2,2,1
103298,35/11-5,2447.1959968,2,2,1
103299,35/11-5,2447.3479968,2,2,1
103300,35/11-5,2447.4999968,2,2,1
103301,35/11-5,2447.6519968000002,2,2,1
103302,35/11-5,2447.8039968000003,2,2,1
103303,35/11-5,2447.9559968000003,2,2,1
103304,35/11-5,2448.1079968000004,2,2,1
103305,35/11-5,2448.2599968000004,2,2,1
103306,35/11-5,2448.4119968,2,2,1
103307,35/11-5,2448.5639968,2,2,1
103308,35/11-5,2448.7159968,2,2,1
103309,35/11-5,2448.8679968,2,2,1
103310,35/11-5,2449.0199968,2,2,1
103311,35/11-5,2449.1719968,2,2,1
103312,35/11-5,2449.3239968000003,2,2,1
103313,35/11-5,2449.4759968000003,2,2,1
103314,35/11-5,2449.6279968000003,2,2,1
103315,35/11-5,2449.7799968000004,2,2,1
103316,35/11-5,2449.9319968000004,2,2,1
103317,35/11-5,2450.0839968,2,2,1
103318,35/11-5,2450.2359968,2,2,1
103319,35/11-5,2450.3879968,2,2,1
103320,35/11-5,2450.5399968,2,2,1
103321,35/11-5,2450.6919968,2,2,1
103322,35/11-5,2450.8439968000002,2,2,1
103323,35/11-5,2450.9959968000003,2,2,1
103324,35/11-5,2451.1479968000003,2,2,1
103325,35/11-5,2451.2999968000004,2,2,1
103326,35/11-5,2451.4519968000004,2,2,1
103327,35/11-5,2451.6039968,2,2,1
103328,35/11-5,2451.7559968,2,2,1
103329,35/11-5,2451.9079968,2,2,1
103330,35/11-5,2452.0599968,2,2,1
103331,35/11-5,2452.2119968,2,2,1
103332,35/11-5,2452.3639968,2,2,1
103333,35/11-5,2452.5159968000003,2,2,1
103334,35/11-5,2452.6679968000003,2,2,1
103335,35/11-5,2452.8199968000004,2,2,1
103336,35/11-5,2452.9719968000004,2,2,1
103337,35/11-5,2453.1239968000004,2,2,1
103338,35/11-5,2453.2759968,2,2,1
103339,35/11-5,2453.4279968,2,2,1
103340,35/11-5,2453.5799968,2,2,1
103341,35/11-5,2453.7319968,2,2,1
103342,35/11-5,2453.8839968,2,2,1
103343,35/11-5,2454.0359968000002,2,2,1
103344,35/11-5,2454.1879968000003,2,2,1
103345,35/11-5,2454.3399968000003,2,2,1
103346,35/11-5,2454.4919968000004,2,2,1
103347,35/11-5,2454.6439968000004,2,2,1
103348,35/11-5,2454.7959968,2,2,1
103349,35/11-5,2454.9479968,2,2,1
103350,35/11-5,2455.0999968,2,2,1
103351,35/11-5,2455.2519968,2,2,1
103352,35/11-5,2455.4039968,2,2,1
103353,35/11-5,2455.5559968000002,2,2,1
103354,35/11-5,2455.7079968000003,2,2,1
103355,35/11-5,2455.8599968000003,2,2,1
103356,35/11-5,2456.0119968000004,2,2,1
103357,35/11-5,2456.1639968000004,2,2,1
103358,35/11-5,2456.3159968,2,2,1
103359,35/11-5,2456.4679968,2,2,1
103360,35/11-5,2456.6199968,2,2,1
103361,35/11-5,2456.7719968,2,2,1
103362,35/11-5,2456.9239968,2,2,1
103363,35/11-5,2457.0759968,2,2,1
103364,35/11-5,2457.2279968000003,2,2,1
103365,35/11-5,2457.3799968000003,2,2,1
103366,35/11-5,2457.5319968000003,2,2,1
103367,35/11-5,2457.6839968000004,2,2,1
103368,35/11-5,2457.8359968000004,2,2,1
103369,35/11-5,2457.9879968,2,2,1
103370,35/11-5,2458.1399968,2,2,1
103371,35/11-5,2458.2919968,2,2,1
103372,35/11-5,2458.4439968,2,2,1
103373,35/11-5,2458.5959968,2,2,1
103374,35/11-5,2458.7479968000002,2,2,1
103375,35/11-5,2458.8999968000003,2,2,1
103376,35/11-5,2459.0519968000003,2,2,1
103377,35/11-5,2459.2039968000004,2,2,1
103378,35/11-5,2459.3559968000004,2,2,1
103379,35/11-5,2459.5079968,2,2,1
103380,35/11-5,2459.6599968,2,2,1
103381,35/11-5,2459.8119968,2,2,1
103382,35/11-5,2459.9639968,2,2,1
103383,35/11-5,2460.1159968,2,2,1
103384,35/11-5,2460.2679968,2,2,1
103385,35/11-5,2460.4199968000003,2,2,1
103386,35/11-5,2460.5719968000003,2,2,1
103387,35/11-5,2460.7239968000004,2,2,1
103388,35/11-5,2460.8759968000004,2,2,1
103389,35/11-5,2461.0279968000004,2,2,1
103390,35/11-5,2461.1799968,2,2,1
103391,35/11-5,2461.3319968,2,2,1
103392,35/11-5,2461.4839968,2,2,1
103393,35/11-5,2461.6359968,2,2,1
103394,35/11-5,2461.7879968,2,2,1
103395,35/11-5,2461.9399968000002,2,2,1
103396,35/11-5,2462.0919968000003,2,2,1
103397,35/11-5,2462.2439968000003,2,2,1
103398,35/11-5,2462.3959968000004,2,2,1
103399,35/11-5,2462.5479968000004,2,2,1
103400,35/11-5,2462.6999968,2,2,1
103401,35/11-5,2462.8519968,2,2,1
103402,35/11-5,2463.0039968,2,2,1
103403,35/11-5,2463.1559968,2,2,1
103404,35/11-5,2463.3079968,2,2,1
103405,35/11-5,2463.4599968,2,2,1
103406,35/11-5,2463.6119968000003,2,2,1
103407,35/11-5,2463.7639968000003,2,2,1
103408,35/11-5,2463.9159968000004,2,2,1
103409,35/11-5,2464.0679968000004,2,2,1
103410,35/11-5,2464.2199968000004,2,2,1
103411,35/11-5,2464.3719968,2,2,1
103412,35/11-5,2464.5239968,2,2,1
103413,35/11-5,2464.6759968,2,2,1
103414,35/11-5,2464.8279968,2,2,1
103415,35/11-5,2464.9799968,2,2,1
103416,35/11-5,2465.1319968000003,2,2,1
103417,35/11-5,2465.2839968000003,2,2,1
103418,35/11-5,2465.4359968000003,2,2,1
103419,35/11-5,2465.5879968000004,2,2,1
103420,35/11-5,2465.7399968000004,2,2,1
103421,35/11-5,2465.8919968,2,2,1
103422,35/11-5,2466.0439968,2,2,1
103423,35/11-5,2466.1959968,2,2,1
103424,35/11-5,2466.3479968,2,2,1
103425,35/11-5,2466.4999968,2,2,1
103426,35/11-5,2466.6519968000002,2,2,1
103427,35/11-5,2466.8039968000003,2,2,1
103428,35/11-5,2466.9559968000003,2,2,1
103429,35/11-5,2467.1079968000004,2,2,1
103430,35/11-5,2467.2599968000004,2,2,1
103431,35/11-5,2467.4119968,2,2,1
103432,35/11-5,2467.5639968,2,2,1
103433,35/11-5,2467.7159968,2,2,1
103434,35/11-5,2467.8679968,2,2,1
103435,35/11-5,2468.0199968,2,2,1
103436,35/11-5,2468.1719968,2,2,1
103437,35/11-5,2468.3239968000003,2,2,1
103438,35/11-5,2468.4759968000003,2,2,1
103439,35/11-5,2468.6279968000003,2,2,1
103440,35/11-5,2468.7799968000004,2,2,1
103441,35/11-5,2468.9319968000004,2,2,1
103442,35/11-5,2469.0839968,2,2,1
103443,35/11-5,2469.2359968,2,2,1
103444,35/11-5,2469.3879968,2,2,1
103445,35/11-5,2469.5399968,2,2,1
103446,35/11-5,2469.6919968,2,2,1
103447,35/11-5,2469.8439968000002,2,2,1
103448,35/11-5,2469.9959968000003,2,2,1
103449,35/11-5,2470.1479968000003,2,2,1
103450,35/11-5,2470.2999968000004,2,2,1
103451,35/11-5,2470.4519968000004,2,2,1
103452,35/11-5,2470.6039968,2,2,1
103453,35/11-5,2470.7559968,2,2,1
103454,35/11-5,2470.9079968,2,2,1
103455,35/11-5,2471.0599968,2,2,1
103456,35/11-5,2471.2119968,2,2,1
103457,35/11-5,2471.3639968,2,2,1
103458,35/11-5,2471.5159968000003,2,2,1
103459,35/11-5,2471.6679968000003,2,2,1
103460,35/11-5,2471.8199968000004,2,2,1
103461,35/11-5,2471.9719968000004,2,2,1
103462,35/11-5,2472.1239968000004,2,2,1
103463,35/11-5,2472.2759968,2,2,1
103464,35/11-5,2472.4279968,2,2,1
103465,35/11-5,2472.5799968,2,2,1
103466,35/11-5,2472.7319968,2,2,1
103467,35/11-5,2472.8839968,2,2,1
103468,35/11-5,2473.0359968000002,2,2,1
103469,35/11-5,2473.1879968000003,2,2,1
103470,35/11-5,2473.3399968000003,2,2,1
103471,35/11-5,2473.4919968000004,2,2,1
103472,35/11-5,2473.6439968000004,2,2,1
103473,35/11-5,2473.7959968,2,2,1
103474,35/11-5,2473.9479968,2,2,1
103475,35/11-5,2474.0999968,2,2,1
103476,35/11-5,2474.2519968,2,2,1
103477,35/11-5,2474.4039968,2,2,1
103478,35/11-5,2474.5559968000002,2,2,1
103479,35/11-5,2474.7079968000003,2,2,1
103480,35/11-5,2474.8599968000003,2,2,1
103481,35/11-5,2475.0119968000004,2,2,1
103482,35/11-5,2475.1639968000004,2,2,1
103483,35/11-5,2475.3159968,2,2,1
103484,35/11-5,2475.4679968,2,2,1
103485,35/11-5,2475.6199968,2,2,1
103486,35/11-5,2475.7719968,2,2,1
103487,35/11-5,2475.9239968,2,2,1
103488,35/11-5,2476.0759968,2,2,1
103489,35/11-5,2476.2279968000003,2,2,1
103490,35/11-5,2476.3799968000003,2,2,1
103491,35/11-5,2476.5319968000003,2,2,1
103492,35/11-5,2476.6839968000004,2,2,1
103493,35/11-5,2476.8359968000004,2,2,1
103494,35/11-5,2476.9879968,2,2,1
103495,35/11-5,2477.1399968,2,2,1
103496,35/11-5,2477.2919968,2,2,1
103497,35/11-5,2477.4439968,2,2,1
103498,35/11-5,2477.5959968,2,2,1
103499,35/11-5,2477.7479968000002,2,2,1
103500,35/11-5,2477.8999968000003,2,2,1
103501,35/11-5,2478.0519968000003,2,2,1
103502,35/11-5,2478.2039968000004,2,2,1
103503,35/11-5,2478.3559968000004,2,2,1
103504,35/11-5,2478.5079968,2,2,1
103505,35/11-5,2478.6599968,2,2,1
103506,35/11-5,2478.8119968,2,2,1
103507,35/11-5,2478.9639968,2,2,1
103508,35/11-5,2479.1159968,2,2,1
103509,35/11-5,2479.2679968,2,2,1
103510,35/11-5,2479.4199968000003,2,2,1
103511,35/11-5,2479.5719968000003,2,2,1
103512,35/11-5,2479.7239968000004,2,2,1
103513,35/11-5,2479.8759968000004,2,2,1
103514,35/11-5,2480.0279968000004,2,2,1
103515,35/11-5,2480.1799968,2,2,1
103516,35/11-5,2480.3319968,2,2,1
103517,35/11-5,2480.4839968,2,2,1
103518,35/11-5,2480.6359968,2,2,1
103519,35/11-5,2480.7879968,2,2,1
103520,35/11-5,2480.9399968000002,2,2,1
103521,35/11-5,2481.0919968000003,2,2,1
103522,35/11-5,2481.2439968000003,2,2,1
103523,35/11-5,2481.3959968000004,2,2,1
103524,35/11-5,2481.5479968000004,2,2,1
103525,35/11-5,2481.6999968,2,2,1
103526,35/11-5,2481.8519968,2,2,1
103527,35/11-5,2482.0039968,2,2,1
103528,35/11-5,2482.1559968,2,2,1
103529,35/11-5,2482.3079968,2,2,1
103530,35/11-5,2482.4599968,2,2,1
103531,35/11-5,2482.6119968000003,2,2,1
103532,35/11-5,2482.7639968000003,2,2,1
103533,35/11-5,2482.9159968000004,2,2,1
103534,35/11-5,2483.0679968000004,2,2,1
103535,35/11-5,2483.2199968000004,2,2,1
103536,35/11-5,2483.3719968,2,2,1
103537,35/11-5,2483.5239968,2,2,1
103538,35/11-5,2483.6759968,2,2,1
103539,35/11-5,2483.8279968,2,2,1
103540,35/11-5,2483.9799968,2,2,1
103541,35/11-5,2484.1319968000003,2,2,1
103542,35/11-5,2484.2839968000003,2,2,1
103543,35/11-5,2484.4359968000003,2,2,1
103544,35/11-5,2484.5879968000004,2,2,1
103545,35/11-5,2484.7399968000004,2,2,1
103546,35/11-5,2484.8919968,2,2,1
103547,35/11-5,2485.0439968,2,2,1
103548,35/11-5,2485.1959968,2,2,1
103549,35/11-5,2485.3479968,2,2,1
103550,35/11-5,2485.4999968,2,2,1
103551,35/11-5,2485.6519968000002,2,2,1
103552,35/11-5,2485.8039968000003,2,2,1
103553,35/11-5,2485.9559968000003,2,2,1
103554,35/11-5,2486.1079968000004,2,2,1
103555,35/11-5,2486.2599968000004,2,2,1
103556,35/11-5,2486.4119968,2,2,1
103557,35/11-5,2486.5639968,2,2,1
103558,35/11-5,2486.7159968,2,2,1
103559,35/11-5,2486.8679968,2,2,1
103560,35/11-5,2487.0199968,2,2,1
103561,35/11-5,2487.1719968,2,2,1
103562,35/11-5,2487.3239968000003,2,2,1
103563,35/11-5,2487.4759968000003,2,2,1
103564,35/11-5,2487.6279968000003,2,2,1
103565,35/11-5,2487.7799968000004,2,2,1
103566,35/11-5,2487.9319968000004,2,2,1
103567,35/11-5,2488.0839968,2,2,1
103568,35/11-5,2488.2359968,2,2,1
103569,35/11-5,2488.3879968,2,2,1
103570,35/11-5,2488.5399968,2,2,1
103571,35/11-5,2488.6919968,2,2,1
103572,35/11-5,2488.8439968000002,2,2,1
103573,35/11-5,2488.9959968000003,2,2,1
103574,35/11-5,2489.1479968000003,2,2,1
103575,35/11-5,2489.2999968000004,2,2,1
103576,35/11-5,2489.4519968000004,2,2,1
103577,35/11-5,2489.6039968,2,2,1
103578,35/11-5,2489.7559968,2,2,1
103579,35/11-5,2489.9079968,2,2,1
103580,35/11-5,2490.0599968,2,2,1
103581,35/11-5,2490.2119968,2,2,1
103582,35/11-5,2490.3639968,2,2,1
103583,35/11-5,2490.5159968000003,2,2,1
103584,35/11-5,2490.6679968000003,2,2,1
103585,35/11-5,2490.8199968000004,2,2,1
103586,35/11-5,2490.9719968000004,2,2,1
103587,35/11-5,2491.1239968000004,2,2,1
103588,35/11-5,2491.2759968,2,2,1
103589,35/11-5,2491.4279968,2,2,1
103590,35/11-5,2491.5799968,2,2,1
103591,35/11-5,2491.7319968,2,2,1
103592,35/11-5,2491.8839968,2,2,1
103593,35/11-5,2492.0359968000002,2,2,1
103594,35/11-5,2492.1879968000003,2,2,1
103595,35/11-5,2492.3399968000003,2,2,1
103596,35/11-5,2492.4919968000004,2,2,1
103597,35/11-5,2492.6439968000004,2,2,1
103598,35/11-5,2492.7959968,2,2,1
103599,35/11-5,2492.9479968,2,2,1
103600,35/11-5,2493.0999968,2,2,1
103601,35/11-5,2493.2519968,2,2,1
103602,35/11-5,2493.4039968,2,2,1
103603,35/11-5,2493.5559968000002,2,2,1
103604,35/11-5,2493.7079968000003,2,2,1
103605,35/11-5,2493.8599968000003,2,2,1
103606,35/11-5,2494.0119968000004,2,2,1
103607,35/11-5,2494.1639968000004,2,2,1
103608,35/11-5,2494.3159968,2,2,1
103609,35/11-5,2494.4679968,2,2,1
103610,35/11-5,2494.6199968,2,2,1
103611,35/11-5,2494.7719968,2,2,1
103612,35/11-5,2494.9239968,2,2,1
103613,35/11-5,2495.0759968,2,2,1
103614,35/11-5,2495.2279968000003,2,2,1
103615,35/11-5,2495.3799968000003,2,2,1
103616,35/11-5,2495.5319968000003,2,2,1
103617,35/11-5,2495.6839968000004,2,2,1
103618,35/11-5,2495.8359968000004,2,2,1
103619,35/11-5,2495.9879968,2,2,1
103620,35/11-5,2496.1399968,2,2,1
103621,35/11-5,2496.2919968,2,2,1
103622,35/11-5,2496.4439968,2,2,1
103623,35/11-5,2496.5959968,2,2,1
103624,35/11-5,2496.7479968000002,2,2,1
103625,35/11-5,2496.8999968000003,2,2,1
103626,35/11-5,2497.0519968000003,2,2,1
103627,35/11-5,2497.2039968000004,2,2,1
103628,35/11-5,2497.3559968000004,2,2,1
103629,35/11-5,2497.5079968,2,2,1
103630,35/11-5,2497.6599968,2,2,1
103631,35/11-5,2497.8119968,2,2,1
103632,35/11-5,2497.9639968,2,2,1
103633,35/11-5,2498.1159968,2,2,1
103634,35/11-5,2498.2679968,2,2,1
103635,35/11-5,2498.4199968000003,2,2,1
103636,35/11-5,2498.5719968000003,2,2,1
103637,35/11-5,2498.7239968000004,2,2,1
103638,35/11-5,2498.8759968000004,2,2,1
103639,35/11-5,2499.0279968000004,2,2,1
103640,35/11-5,2499.1799968,2,2,1
103641,35/11-5,2499.3319968,2,2,1
103642,35/11-5,2499.4839968,2,2,1
103643,35/11-5,2499.6359968,2,2,1
103644,35/11-5,2499.7879968,2,2,1
103645,35/11-5,2499.9399968000002,2,2,1
103646,35/11-5,2500.0919968000003,2,2,1
103647,35/11-5,2500.2439968000003,2,2,1
103648,35/11-5,2500.3959968000004,2,2,1
103649,35/11-5,2500.5479968000004,2,2,1
103650,35/11-5,2500.6999968,2,2,1
103651,35/11-5,2500.8519968,2,2,1
103652,35/11-5,2501.0039968,2,2,1
103653,35/11-5,2501.1559968,2,2,1
103654,35/11-5,2501.3079968,2,2,1
103655,35/11-5,2501.4599968,2,2,1
103656,35/11-5,2501.6119968000003,2,2,1
103657,35/11-5,2501.7639968000003,2,2,1
103658,35/11-5,2501.9159968000004,2,2,1
103659,35/11-5,2502.0679968000004,2,2,1
103660,35/11-5,2502.2199968000004,2,2,1
103661,35/11-5,2502.3719968,2,2,1
103662,35/11-5,2502.5239968,2,2,1
103663,35/11-5,2502.6759968,2,2,1
103664,35/11-5,2502.8279968,2,2,1
103665,35/11-5,2502.9799968,2,2,1
103666,35/11-5,2503.1319968000003,2,2,1
103667,35/11-5,2503.2839968000003,2,2,1
103668,35/11-5,2503.4359968000003,2,2,1
103669,35/11-5,2503.5879968000004,2,2,1
103670,35/11-5,2503.7399968000004,2,2,1
103671,35/11-5,2503.8919968,2,2,1
103672,35/11-5,2504.0439968,5,2,0
103673,35/11-5,2504.1959968,5,2,0
103674,35/11-5,2504.3479968,5,2,0
103675,35/11-5,2504.4999968,2,2,1
103676,35/11-5,2504.6519968000002,2,2,1
103677,35/11-5,2504.8039968000003,2,2,1
103678,35/11-5,2504.9559968000003,2,2,1
103679,35/11-5,2505.1079968000004,2,2,1
103680,35/11-5,2505.2599968000004,2,2,1
103681,35/11-5,2505.4119968,2,2,1
103682,35/11-5,2505.5639968,2,2,1
103683,35/11-5,2505.7159968,2,2,1
103684,35/11-5,2505.8679968,2,2,1
103685,35/11-5,2506.0199968,2,2,1
103686,35/11-5,2506.1719968,2,2,1
103687,35/11-5,2506.3239968000003,2,2,1
103688,35/11-5,2506.4759968000003,2,2,1
103689,35/11-5,2506.6279968000003,2,2,1
103690,35/11-5,2506.7799968000004,2,2,1
103691,35/11-5,2506.9319968000004,2,2,1
103692,35/11-5,2507.0839968,2,2,1
103693,35/11-5,2507.2359968,2,2,1
103694,35/11-5,2507.3879968,2,2,1
103695,35/11-5,2507.5399968,2,2,1
103696,35/11-5,2507.6919968,2,2,1
103697,35/11-5,2507.8439968000002,2,2,1
103698,35/11-5,2507.9959968000003,2,2,1
103699,35/11-5,2508.1479968000003,2,2,1
103700,35/11-5,2508.2999968000004,2,2,1
103701,35/11-5,2508.4519968000004,2,2,1
103702,35/11-5,2508.6039968,2,2,1
103703,35/11-5,2508.7559968,2,2,1
103704,35/11-5,2508.9079968,2,2,1
103705,35/11-5,2509.0599968,2,2,1
103706,35/11-5,2509.2119968,2,2,1
103707,35/11-5,2509.3639968,2,2,1
103708,35/11-5,2509.5159968000003,2,2,1
103709,35/11-5,2509.6679968000003,2,2,1
103710,35/11-5,2509.8199968000004,2,2,1
103711,35/11-5,2509.9719968000004,2,2,1
103712,35/11-5,2510.1239968000004,2,2,1
103713,35/11-5,2510.2759968,2,2,1
103714,35/11-5,2510.4279968,2,2,1
103715,35/11-5,2510.5799968,2,2,1
103716,35/11-5,2510.7319968,2,2,1
103717,35/11-5,2510.8839968,2,2,1
103718,35/11-5,2511.0359968000002,2,2,1
103719,35/11-5,2511.1879968000003,2,2,1
103720,35/11-5,2511.3399968000003,2,2,1
103721,35/11-5,2511.4919968000004,2,2,1
103722,35/11-5,2511.6439968000004,2,2,1
103723,35/11-5,2511.7959968,2,2,1
103724,35/11-5,2511.9479968,2,2,1
103725,35/11-5,2512.0999968,2,2,1
103726,35/11-5,2512.2519968,2,2,1
103727,35/11-5,2512.4039968,2,2,1
103728,35/11-5,2512.5559968000002,2,2,1
103729,35/11-5,2512.7079968000003,2,2,1
103730,35/11-5,2512.8599968000003,2,2,1
103731,35/11-5,2513.0119968000004,2,2,1
103732,35/11-5,2513.1639968000004,2,2,1
103733,35/11-5,2513.3159968,2,2,1
103734,35/11-5,2513.4679968,2,2,1
103735,35/11-5,2513.6199968,2,2,1
103736,35/11-5,2513.7719968,2,2,1
103737,35/11-5,2513.9239968,2,2,1
103738,35/11-5,2514.0759968,2,2,1
103739,35/11-5,2514.2279968000003,2,2,1
103740,35/11-5,2514.3799968000003,2,2,1
103741,35/11-5,2514.5319968000003,2,2,1
103742,35/11-5,2514.6839968000004,2,2,1
103743,35/11-5,2514.8359968000004,2,2,1
103744,35/11-5,2514.9879968,2,2,1
103745,35/11-5,2515.1399968,2,2,1
103746,35/11-5,2515.2919968,2,2,1
103747,35/11-5,2515.4439968,2,2,1
103748,35/11-5,2515.5959968,2,2,1
103749,35/11-5,2515.7479968000002,2,2,1
103750,35/11-5,2515.8999968000003,2,2,1
103751,35/11-5,2516.0519968000003,2,2,1
103752,35/11-5,2516.2039968000004,2,2,1
103753,35/11-5,2516.3559968000004,2,2,1
103754,35/11-5,2516.5079968,2,2,1
103755,35/11-5,2516.6599968,2,2,1
103756,35/11-5,2516.8119968,2,2,1
103757,35/11-5,2516.9639968,2,2,1
103758,35/11-5,2517.1159968,2,2,1
103759,35/11-5,2517.2679968,2,2,1
103760,35/11-5,2517.4199968000003,2,2,1
103761,35/11-5,2517.5719968000003,2,2,1
103762,35/11-5,2517.7239968000004,2,2,1
103763,35/11-5,2517.8759968000004,2,2,1
103764,35/11-5,2518.0279968000004,2,2,1
103765,35/11-5,2518.1799968,2,2,1
103766,35/11-5,2518.3319968,2,2,1
103767,35/11-5,2518.4839968,2,2,1
103768,35/11-5,2518.6359968,2,2,1
103769,35/11-5,2518.7879968,2,2,1
103770,35/11-5,2518.9399968000002,2,2,1
103771,35/11-5,2519.0919968000003,2,2,1
103772,35/11-5,2519.2439968000003,2,2,1
103773,35/11-5,2519.3959968000004,2,2,1
103774,35/11-5,2519.5479968000004,2,2,1
103775,35/11-5,2519.6999968,2,2,1
103776,35/11-5,2519.8519968,2,2,1
103777,35/11-5,2520.0039968,2,2,1
103778,35/11-5,2520.1559968,2,2,1
103779,35/11-5,2520.3079968,2,2,1
103780,35/11-5,2520.4599968,2,2,1
103781,35/11-5,2520.6119968000003,2,2,1
103782,35/11-5,2520.7639968000003,2,2,1
103783,35/11-5,2520.9159968000004,2,2,1
103784,35/11-5,2521.0679968000004,2,2,1
103785,35/11-5,2521.2199968000004,2,2,1
103786,35/11-5,2521.3719968,2,2,1
103787,35/11-5,2521.5239968,2,2,1
103788,35/11-5,2521.6759968,2,2,1
103789,35/11-5,2521.8279968,2,2,1
103790,35/11-5,2521.9799968,2,2,1
103791,35/11-5,2522.1319968000003,2,2,1
103792,35/11-5,2522.2839968000003,2,2,1
103793,35/11-5,2522.4359968000003,2,2,1
103794,35/11-5,2522.5879968000004,2,2,1
103795,35/11-5,2522.7399968000004,2,2,1
103796,35/11-5,2522.8919968,2,2,1
103797,35/11-5,2523.0439968,2,2,1
103798,35/11-5,2523.1959968,2,2,1
103799,35/11-5,2523.3479968,2,2,1
103800,35/11-5,2523.4999968,2,2,1
103801,35/11-5,2523.6519968000002,2,2,1
103802,35/11-5,2523.8039968000003,2,2,1
103803,35/11-5,2523.9559968000003,2,2,1
103804,35/11-5,2524.1079968000004,2,2,1
103805,35/11-5,2524.2599968000004,5,2,0
103806,35/11-5,2524.4119968,5,2,0
103807,35/11-5,2524.5639968,5,2,0
103808,35/11-5,2524.7159968,5,2,0
103809,35/11-5,2524.8679968,5,2,0
103810,35/11-5,2525.0199968,5,2,0
103811,35/11-5,2525.1719968,2,2,1
103812,35/11-5,2525.3239968000003,2,2,1
103813,35/11-5,2525.4759968000003,2,2,1
103814,35/11-5,2525.6279968000003,2,2,1
103815,35/11-5,2525.7799968000004,2,2,1
103816,35/11-5,2525.9319968000004,2,2,1
103817,35/11-5,2526.0839968,2,2,1
103818,35/11-5,2526.2359968,2,2,1
103819,35/11-5,2526.3879968,2,2,1
103820,35/11-5,2526.5399968,2,2,1
103821,35/11-5,2526.6919968,2,2,1
103822,35/11-5,2526.8439968000002,2,2,1
103823,35/11-5,2526.9959968000003,2,2,1
103824,35/11-5,2527.1479968000003,2,2,1
103825,35/11-5,2527.2999968000004,2,2,1
103826,35/11-5,2527.4519968000004,2,2,1
103827,35/11-5,2527.6039968,2,2,1
103828,35/11-5,2527.7559968,2,2,1
103829,35/11-5,2527.9079968,2,2,1
103830,35/11-5,2528.0599968,2,2,1
103831,35/11-5,2528.2119968,2,2,1
103832,35/11-5,2528.3639968,2,2,1
103833,35/11-5,2528.5159968000003,2,2,1
103834,35/11-5,2528.6679968000003,2,2,1
103835,35/11-5,2528.8199968000004,2,2,1
103836,35/11-5,2528.9719968000004,2,2,1
103837,35/11-5,2529.1239968000004,2,2,1
103838,35/11-5,2529.2759968,2,2,1
103839,35/11-5,2529.4279968,2,2,1
103840,35/11-5,2529.5799968,2,2,1
103841,35/11-5,2529.7319968,2,2,1
103842,35/11-5,2529.8839968,2,2,1
103843,35/11-5,2530.0359968000002,2,2,1
103844,35/11-5,2530.1879968000003,2,2,1
103845,35/11-5,2530.3399968000003,2,2,1
103846,35/11-5,2530.4919968000004,2,2,1
103847,35/11-5,2530.6439968000004,2,2,1
103848,35/11-5,2530.7959968,2,2,1
103849,35/11-5,2530.9479968,2,2,1
103850,35/11-5,2531.0999968,2,2,1
103851,35/11-5,2531.2519968,2,2,1
103852,35/11-5,2531.4039968,2,2,1
103853,35/11-5,2531.5559968000002,2,2,1
103854,35/11-5,2531.7079968000003,2,2,1
103855,35/11-5,2531.8599968000003,2,2,1
103856,35/11-5,2532.0119968000004,2,2,1
103857,35/11-5,2532.1639968000004,2,2,1
103858,35/11-5,2532.3159968,2,2,1
103859,35/11-5,2532.4679968,2,2,1
103860,35/11-5,2532.6199968,2,2,1
103861,35/11-5,2532.7719968,2,2,1
103862,35/11-5,2532.9239968,2,2,1
103863,35/11-5,2533.0759968,2,2,1
103864,35/11-5,2533.2279968000003,2,2,1
103865,35/11-5,2533.3799968000003,2,2,1
103866,35/11-5,2533.5319968000003,2,2,1
103867,35/11-5,2533.6839968000004,2,2,1
103868,35/11-5,2533.8359968000004,2,2,1
103869,35/11-5,2533.9879968,2,2,1
103870,35/11-5,2534.1399968,2,2,1
103871,35/11-5,2534.2919968,2,2,1
103872,35/11-5,2534.4439968,2,2,1
103873,35/11-5,2534.5959968,2,2,1
103874,35/11-5,2534.7479968000002,2,2,1
103875,35/11-5,2534.8999968000003,2,2,1
103876,35/11-5,2535.0519968000003,2,2,1
103877,35/11-5,2535.2039968000004,2,2,1
103878,35/11-5,2535.3559968000004,2,2,1
103879,35/11-5,2535.5079968,2,2,1
103880,35/11-5,2535.6599968,2,2,1
103881,35/11-5,2535.8119968,2,2,1
103882,35/11-5,2535.9639968,2,2,1
103883,35/11-5,2536.1159968,2,2,1
103884,35/11-5,2536.2679968,2,2,1
103885,35/11-5,2536.4199968000003,2,2,1
103886,35/11-5,2536.5719968000003,2,2,1
103887,35/11-5,2536.7239968000004,2,2,1
103888,35/11-5,2536.8759968000004,2,2,1
103889,35/11-5,2537.0279968000004,2,2,1
103890,35/11-5,2537.1799968,2,2,1
103891,35/11-5,2537.3319968,2,2,1
103892,35/11-5,2537.4839968,2,2,1
103893,35/11-5,2537.6359968,2,2,1
103894,35/11-5,2537.7879968,2,2,1
103895,35/11-5,2537.9399968000002,2,2,1
103896,35/11-5,2538.0919968000003,2,2,1
103897,35/11-5,2538.2439968000003,2,2,1
103898,35/11-5,2538.3959968000004,2,2,1
103899,35/11-5,2538.5479968000004,2,2,1
103900,35/11-5,2538.6999968,2,2,1
103901,35/11-5,2538.8519968,2,2,1
103902,35/11-5,2539.0039968,2,2,1
103903,35/11-5,2539.1559968,2,2,1
103904,35/11-5,2539.3079968,2,2,1
103905,35/11-5,2539.4599968,2,2,1
103906,35/11-5,2539.6119968000003,2,2,1
103907,35/11-5,2539.7639968000003,2,2,1
103908,35/11-5,2539.9159968000004,2,2,1
103909,35/11-5,2540.0679968000004,2,2,1
103910,35/11-5,2540.2199968000004,2,2,1
103911,35/11-5,2540.3719968,2,2,1
103912,35/11-5,2540.5239968,2,2,1
103913,35/11-5,2540.6759968,2,2,1
103914,35/11-5,2540.8279968,2,2,1
103915,35/11-5,2540.9799968,2,2,1
103916,35/11-5,2541.1319968000003,2,2,1
103917,35/11-5,2541.2839968000003,2,2,1
103918,35/11-5,2541.4359968000003,2,2,1
103919,35/11-5,2541.5879968000004,2,2,1
103920,35/11-5,2541.7399968000004,2,2,1
103921,35/11-5,2541.8919968,2,2,1
103922,35/11-5,2542.0439968,2,2,1
103923,35/11-5,2542.1959968,2,2,1
103924,35/11-5,2542.3479968,2,2,1
103925,35/11-5,2542.4999968,2,2,1
103926,35/11-5,2542.6519968000002,2,2,1
103927,35/11-5,2542.8039968000003,2,2,1
103928,35/11-5,2542.9559968000003,2,2,1
103929,35/11-5,2543.1079968000004,2,2,1
103930,35/11-5,2543.2599968000004,2,2,1
103931,35/11-5,2543.4119968,2,2,1
103932,35/11-5,2543.5639968,2,2,1
103933,35/11-5,2543.7159968,2,2,1
103934,35/11-5,2543.8679968,2,2,1
103935,35/11-5,2544.0199968,2,2,1
103936,35/11-5,2544.1719968,2,2,1
103937,35/11-5,2544.3239968000003,2,2,1
103938,35/11-5,2544.4759968000003,2,2,1
103939,35/11-5,2544.6279968000003,2,2,1
103940,35/11-5,2544.7799968000004,2,2,1
103941,35/11-5,2544.9319968000004,2,2,1
103942,35/11-5,2545.0839968,2,2,1
103943,35/11-5,2545.2359968,2,2,1
103944,35/11-5,2545.3879968,2,2,1
103945,35/11-5,2545.5399968,2,2,1
103946,35/11-5,2545.6919968,2,2,1
103947,35/11-5,2545.8439968000002,2,2,1
103948,35/11-5,2545.9959968000003,2,2,1
103949,35/11-5,2546.1479968000003,2,2,1
103950,35/11-5,2546.2999968000004,2,2,1
103951,35/11-5,2546.4519968000004,2,2,1
103952,35/11-5,2546.6039968,2,2,1
103953,35/11-5,2546.7559968,2,2,1
103954,35/11-5,2546.9079968,2,2,1
103955,35/11-5,2547.0599968,2,2,1
103956,35/11-5,2547.2119968,2,2,1
103957,35/11-5,2547.3639968,2,2,1
103958,35/11-5,2547.5159968000003,2,2,1
103959,35/11-5,2547.6679968000003,2,2,1
103960,35/11-5,2547.8199968000004,2,2,1
103961,35/11-5,2547.9719968000004,2,2,1
103962,35/11-5,2548.1239968000004,2,2,1
103963,35/11-5,2548.2759968,2,2,1
103964,35/11-5,2548.4279968,2,2,1
103965,35/11-5,2548.5799968,2,2,1
103966,35/11-5,2548.7319968,2,2,1
103967,35/11-5,2548.8839968,2,2,1
103968,35/11-5,2549.0359968000002,2,2,1
103969,35/11-5,2549.1879968000003,2,2,1
103970,35/11-5,2549.3399968000003,2,2,1
103971,35/11-5,2549.4919968000004,2,2,1
103972,35/11-5,2549.6439968000004,2,2,1
103973,35/11-5,2549.7959968,2,2,1
103974,35/11-5,2549.9479968,2,2,1
103975,35/11-5,2550.0999968,2,2,1
103976,35/11-5,2550.2519968,2,2,1
103977,35/11-5,2550.4039968,3,2,0
103978,35/11-5,2550.5559968000002,3,2,0
103979,35/11-5,2550.7079968000003,3,2,0
103980,35/11-5,2550.8599968000003,3,2,0
103981,35/11-5,2551.0119968000004,3,2,0
103982,35/11-5,2551.1639968000004,3,2,0
103983,35/11-5,2551.3159968,3,2,0
103984,35/11-5,2551.4679968,3,2,0
103985,35/11-5,2551.6199968,3,2,0
103986,35/11-5,2551.7719968,3,2,0
103987,35/11-5,2551.9239968,3,2,0
103988,35/11-5,2552.0759968,3,1,0
103989,35/11-5,2552.2279968000003,3,1,0
103990,35/11-5,2552.3799968000003,3,2,0
103991,35/11-5,2552.5319968000003,3,5,0
103992,35/11-5,2552.6839968000004,3,5,0
103993,35/11-5,2552.8359968000004,5,5,1
103994,35/11-5,2552.9879968,5,5,1
103995,35/11-5,2553.1399968,5,2,0
103996,35/11-5,2553.2919968,5,2,0
103997,35/11-5,2553.4439968,5,2,0
103998,35/11-5,2553.5959968,3,2,0
103999,35/11-5,2553.7479968000002,3,2,0
104000,35/11-5,2553.8999968000003,3,2,0
104001,35/11-5,2554.0519968000003,3,2,0
104002,35/11-5,2554.2039968000004,3,2,0
104003,35/11-5,2554.3559968000004,3,2,0
104004,35/11-5,2554.5079968,3,2,0
104005,35/11-5,2554.6599968,3,2,0
104006,35/11-5,2554.8119968,3,2,0
104007,35/11-5,2554.9639968,3,2,0
104008,35/11-5,2555.1159968,3,2,0
104009,35/11-5,2555.2679968,3,2,0
104010,35/11-5,2555.4199968000003,3,2,0
104011,35/11-5,2555.5719968000003,3,2,0
104012,35/11-5,2555.7239968000004,3,2,0
104013,35/11-5,2555.8759968000004,3,2,0
104014,35/11-5,2556.0279968000004,3,2,0
104015,35/11-5,2556.1799968,3,2,0
104016,35/11-5,2556.3319968,3,2,0
104017,35/11-5,2556.4839968,3,2,0
104018,35/11-5,2556.6359968,3,1,0
104019,35/11-5,2556.7879968,3,2,0
104020,35/11-5,2556.9399968000002,3,2,0
104021,35/11-5,2557.0919968000003,3,2,0
104022,35/11-5,2557.2439968000003,3,2,0
104023,35/11-5,2557.3959968000004,3,2,0
104024,35/11-5,2557.5479968000004,3,2,0
104025,35/11-5,2557.6999968,3,2,0
104026,35/11-5,2557.8519968,3,2,0
104027,35/11-5,2558.0039968,3,2,0
104028,35/11-5,2558.1559968,3,2,0
104029,35/11-5,2558.3079968,3,2,0
104030,35/11-5,2558.4599968,3,2,0
104031,35/11-5,2558.6119968000003,3,2,0
104032,35/11-5,2558.7639968000003,3,2,0
104033,35/11-5,2558.9159968000004,3,2,0
104034,35/11-5,2559.0679968000004,3,2,0
104035,35/11-5,2559.2199968000004,3,2,0
104036,35/11-5,2559.3719968,3,2,0
104037,35/11-5,2559.5239968,3,2,0
104038,35/11-5,2559.6759968,3,2,0
104039,35/11-5,2559.8279968,3,2,0
104040,35/11-5,2559.9799968,3,2,0
104041,35/11-5,2560.1319968000003,3,2,0
104042,35/11-5,2560.2839968000003,3,2,0
104043,35/11-5,2560.4359968000003,3,2,0
104044,35/11-5,2560.5879968000004,3,2,0
104045,35/11-5,2560.7399968000004,3,2,0
104046,35/11-5,2560.8919968,3,2,0
104047,35/11-5,2561.0439968,3,2,0
104048,35/11-5,2561.1959968,3,2,0
104049,35/11-5,2561.3479968,3,2,0
104050,35/11-5,2561.4999968,3,2,0
104051,35/11-5,2561.6519968000002,3,2,0
104052,35/11-5,2561.8039968000003,3,2,0
104053,35/11-5,2561.9559968000003,3,2,0
104054,35/11-5,2562.1079968000004,3,2,0
104055,35/11-5,2562.2599968000004,3,2,0
104056,35/11-5,2562.4119968,3,2,0
104057,35/11-5,2562.5639968,3,2,0
104058,35/11-5,2562.7159968,3,2,0
104059,35/11-5,2562.8679968,3,2,0
104060,35/11-5,2563.0199968,3,2,0
104061,35/11-5,2563.1719968,3,2,0
104062,35/11-5,2563.3239968000003,3,2,0
104063,35/11-5,2563.4759968000003,3,2,0
104064,35/11-5,2563.6279968000003,3,2,0
104065,35/11-5,2563.7799968000004,3,2,0
104066,35/11-5,2563.9319968000004,3,2,0
104067,35/11-5,2564.0839968,3,2,0
104068,35/11-5,2564.2359968,3,2,0
104069,35/11-5,2564.3879968,3,2,0
104070,35/11-5,2564.5399968,3,2,0
104071,35/11-5,2564.6919968,3,2,0
104072,35/11-5,2564.8439968000002,3,2,0
104073,35/11-5,2564.9959968000003,3,2,0
104074,35/11-5,2565.1479968000003,3,2,0
104075,35/11-5,2565.2999968000004,3,2,0
104076,35/11-5,2565.4519968000004,3,2,0
104077,35/11-5,2565.6039968,3,2,0
104078,35/11-5,2565.7559968,3,2,0
104079,35/11-5,2565.9079968,3,2,0
104080,35/11-5,2566.0599968,3,2,0
104081,35/11-5,2566.2119968,3,2,0
104082,35/11-5,2566.3639968,3,2,0
104083,35/11-5,2566.5159968000003,3,2,0
104084,35/11-5,2566.6679968000003,3,2,0
104085,35/11-5,2566.8199968000004,3,2,0
104086,35/11-5,2566.9719968000004,3,2,0
104087,35/11-5,2567.1239968000004,3,2,0
104088,35/11-5,2567.2759968,3,2,0
104089,35/11-5,2567.4279968,3,2,0
104090,35/11-5,2567.5799968,3,2,0
104091,35/11-5,2567.7319968,3,2,0
104092,35/11-5,2567.8839968,3,2,0
104093,35/11-5,2568.0359968000002,3,2,0
104094,35/11-5,2568.1879968000003,3,2,0
104095,35/11-5,2568.3399968000003,3,2,0
104096,35/11-5,2568.4919968000004,3,2,0
104097,35/11-5,2568.6439968000004,3,2,0
104098,35/11-5,2568.7959968,3,2,0
104099,35/11-5,2568.9479968,3,2,0
104100,35/11-5,2569.0999968,3,2,0
104101,35/11-5,2569.2519968,3,2,0
104102,35/11-5,2569.4039968,3,2,0
104103,35/11-5,2569.5559968000002,3,2,0
104104,35/11-5,2569.7079968000003,3,2,0
104105,35/11-5,2569.8599968000003,3,2,0
104106,35/11-5,2570.0119968000004,3,2,0
104107,35/11-5,2570.1639968000004,3,2,0
104108,35/11-5,2570.3159968,3,2,0
104109,35/11-5,2570.4679968,3,2,0
104110,35/11-5,2570.6199968,3,2,0
104111,35/11-5,2570.7719968,3,2,0
104112,35/11-5,2570.9239968,3,2,0
104113,35/11-5,2571.0759968,3,2,0
104114,35/11-5,2571.2279968000003,3,2,0
104115,35/11-5,2571.3799968000003,3,2,0
104116,35/11-5,2571.5319968000003,3,2,0
104117,35/11-5,2571.6839968000004,3,2,0
104118,35/11-5,2571.8359968000004,3,2,0
104119,35/11-5,2571.9879968,3,2,0
104120,35/11-5,2572.1399968,3,2,0
104121,35/11-5,2572.2919968,3,2,0
104122,35/11-5,2572.4439968,3,2,0
104123,35/11-5,2572.5959968,3,2,0
104124,35/11-5,2572.7479968000002,3,2,0
104125,35/11-5,2572.8999968000003,3,2,0
104126,35/11-5,2573.0519968000003,3,2,0
104127,35/11-5,2573.2039968000004,3,2,0
104128,35/11-5,2573.3559968000004,3,2,0
104129,35/11-5,2573.5079968,3,2,0
104130,35/11-5,2573.6599968,3,2,0
104131,35/11-5,2573.8119968,3,2,0
104132,35/11-5,2573.9639968,3,2,0
104133,35/11-5,2574.1159968,3,2,0
104134,35/11-5,2574.2679968,3,2,0
104135,35/11-5,2574.4199968000003,3,2,0
104136,35/11-5,2574.5719968000003,3,2,0
104137,35/11-5,2574.7239968000004,3,2,0
104138,35/11-5,2574.8759968000004,3,2,0
104139,35/11-5,2575.0279968000004,3,2,0
104140,35/11-5,2575.1799968,3,2,0
104141,35/11-5,2575.3319968,3,2,0
104142,35/11-5,2575.4839968,3,2,0
104143,35/11-5,2575.6359968,3,2,0
104144,35/11-5,2575.7879968,3,2,0
104145,35/11-5,2575.9399968000002,3,2,0
104146,35/11-5,2576.0919968000003,3,2,0
104147,35/11-5,2576.2439968000003,3,2,0
104148,35/11-5,2576.3959968000004,3,2,0
104149,35/11-5,2576.5479968000004,3,2,0
104150,35/11-5,2576.6999968,3,2,0
104151,35/11-5,2576.8519968,3,2,0
104152,35/11-5,2577.0039968,3,2,0
104153,35/11-5,2577.1559968,3,2,0
104154,35/11-5,2577.3079968,3,2,0
104155,35/11-5,2577.4599968,3,2,0
104156,35/11-5,2577.6119968000003,3,2,0
104157,35/11-5,2577.7639968000003,5,2,0
104158,35/11-5,2577.9159968000004,5,2,0
104159,35/11-5,2578.0679968000004,5,2,0
104160,35/11-5,2578.2199968000004,5,2,0
104161,35/11-5,2578.3719968,5,2,0
104162,35/11-5,2578.5239968,3,2,0
104163,35/11-5,2578.6759968,3,2,0
104164,35/11-5,2578.8279968,3,2,0
104165,35/11-5,2578.9799968,3,2,0
104166,35/11-5,2579.1319968000003,3,2,0
104167,35/11-5,2579.2839968000003,3,2,0
104168,35/11-5,2579.4359968000003,3,2,0
104169,35/11-5,2579.5879968000004,3,2,0
104170,35/11-5,2579.7399968000004,3,2,0
104171,35/11-5,2579.8919968,3,2,0
104172,35/11-5,2580.0439968,3,2,0
104173,35/11-5,2580.1959968,3,2,0
104174,35/11-5,2580.3479968,3,2,0
104175,35/11-5,2580.4999968,3,2,0
104176,35/11-5,2580.6519968000002,3,2,0
104177,35/11-5,2580.8039968000003,3,2,0
104178,35/11-5,2580.9559968000003,3,2,0
104179,35/11-5,2581.1079968000004,3,2,0
104180,35/11-5,2581.2599968000004,3,2,0
104181,35/11-5,2581.4119968,3,2,0
104182,35/11-5,2581.5639968,3,2,0
104183,35/11-5,2581.7159968,3,2,0
104184,35/11-5,2581.8679968,3,2,0
104185,35/11-5,2582.0199968,2,2,1
104186,35/11-5,2582.1719968,2,2,1
104187,35/11-5,2582.3239968000003,2,2,1
104188,35/11-5,2582.4759968000003,2,2,1
104189,35/11-5,2582.6279968000003,2,2,1
104190,35/11-5,2582.7799968000004,2,2,1
104191,35/11-5,2582.9319968000004,2,2,1
104192,35/11-5,2583.0839968,2,2,1
104193,35/11-5,2583.2359968,2,2,1
104194,35/11-5,2583.3879968,2,2,1
104195,35/11-5,2583.5399968,2,2,1
104196,35/11-5,2583.6919968,2,2,1
104197,35/11-5,2583.8439968000002,2,2,1
104198,35/11-5,2583.9959968000003,2,2,1
104199,35/11-5,2584.1479968000003,2,2,1
104200,35/11-5,2584.2999968000004,2,2,1
104201,35/11-5,2584.4519968000004,2,2,1
104202,35/11-5,2584.6039968,2,2,1
104203,35/11-5,2584.7559968,2,2,1
104204,35/11-5,2584.9079968,2,2,1
104205,35/11-5,2585.0599968,2,2,1
104206,35/11-5,2585.2119968,2,2,1
104207,35/11-5,2585.3639968,2,2,1
104208,35/11-5,2585.5159968000003,2,2,1
104209,35/11-5,2585.6679968000003,2,2,1
104210,35/11-5,2585.8199968000004,2,2,1
104211,35/11-5,2585.9719968000004,2,2,1
104212,35/11-5,2586.1239968000004,2,2,1
104213,35/11-5,2586.2759968,2,2,1
104214,35/11-5,2586.4279968,2,2,1
104215,35/11-5,2586.5799968,2,2,1
104216,35/11-5,2586.7319968,2,2,1
104217,35/11-5,2586.8839968,2,2,1
104218,35/11-5,2587.0359968000002,2,2,1
104219,35/11-5,2587.1879968000003,2,2,1
104220,35/11-5,2587.3399968000003,2,2,1
104221,35/11-5,2587.4919968000004,2,2,1
104222,35/11-5,2587.6439968000004,2,2,1
104223,35/11-5,2587.7959968,2,2,1
104224,35/11-5,2587.9479968,2,2,1
104225,35/11-5,2588.0999968,2,2,1
104226,35/11-5,2588.2519968,2,2,1
104227,35/11-5,2588.4039968,2,2,1
104228,35/11-5,2588.5559968000002,2,2,1
104229,35/11-5,2588.7079968000003,2,2,1
104230,35/11-5,2588.8599968000003,2,2,1
104231,35/11-5,2589.0119968000004,2,2,1
104232,35/11-5,2589.1639968000004,2,2,1
104233,35/11-5,2589.3159968,2,2,1
104234,35/11-5,2589.4679968,2,2,1
104235,35/11-5,2589.6199968,2,2,1
104236,35/11-5,2589.7719968,2,2,1
104237,35/11-5,2589.9239968,2,2,1
104238,35/11-5,2590.0759968,2,2,1
104239,35/11-5,2590.2279968000003,2,2,1
104240,35/11-5,2590.3799968000003,2,2,1
104241,35/11-5,2590.5319968000003,2,2,1
104242,35/11-5,2590.6839968000004,2,2,1
104243,35/11-5,2590.8359968000004,2,2,1
104244,35/11-5,2590.9879968,2,2,1
104245,35/11-5,2591.1399968,2,2,1
104246,35/11-5,2591.2919968,2,2,1
104247,35/11-5,2591.4439968,2,2,1
104248,35/11-5,2591.5959968,2,2,1
104249,35/11-5,2591.7479968000002,2,2,1
104250,35/11-5,2591.8999968000003,2,2,1
104251,35/11-5,2592.0519968000003,2,2,1
104252,35/11-5,2592.2039968000004,2,2,1
104253,35/11-5,2592.3559968000004,2,2,1
104254,35/11-5,2592.5079968,2,2,1
104255,35/11-5,2592.6599968,2,2,1
104256,35/11-5,2592.8119968,2,2,1
104257,35/11-5,2592.9639968,2,2,1
104258,35/11-5,2593.1159968,2,2,1
104259,35/11-5,2593.2679968,2,2,1
104260,35/11-5,2593.4199968000003,2,2,1
104261,35/11-5,2593.5719968000003,2,2,1
104262,35/11-5,2593.7239968000004,2,2,1
104263,35/11-5,2593.8759968000004,2,2,1
104264,35/11-5,2594.0279968000004,2,2,1
104265,35/11-5,2594.1799968,2,2,1
104266,35/11-5,2594.3319968,2,2,1
104267,35/11-5,2594.4839968,2,2,1
104268,35/11-5,2594.6359968,2,2,1
104269,35/11-5,2594.7879968,2,2,1
104270,35/11-5,2594.9399968000002,2,2,1
104271,35/11-5,2595.0919968000003,2,2,1
104272,35/11-5,2595.2439968000003,2,2,1
104273,35/11-5,2595.3959968000004,2,2,1
104274,35/11-5,2595.5479968000004,2,2,1
104275,35/11-5,2595.6999968,2,2,1
104276,35/11-5,2595.8519968,2,2,1
104277,35/11-5,2596.0039968,2,2,1
104278,35/11-5,2596.1559968,2,2,1
104279,35/11-5,2596.3079968,2,2,1
104280,35/11-5,2596.4599968,2,2,1
104281,35/11-5,2596.6119968000003,2,2,1
104282,35/11-5,2596.7639968000003,2,2,1
104283,35/11-5,2596.9159968000004,2,2,1
104284,35/11-5,2597.0679968000004,2,2,1
104285,35/11-5,2597.2199968000004,2,2,1
104286,35/11-5,2597.3719968,2,2,1
104287,35/11-5,2597.5239968,2,2,1
104288,35/11-5,2597.6759968,2,2,1
104289,35/11-5,2597.8279968,2,2,1
104290,35/11-5,2597.9799968,2,2,1
104291,35/11-5,2598.1319968000003,2,2,1
104292,35/11-5,2598.2839968000003,2,2,1
104293,35/11-5,2598.4359968000003,2,2,1
104294,35/11-5,2598.5879968000004,2,2,1
104295,35/11-5,2598.7399968000004,2,2,1
104296,35/11-5,2598.8919968,2,2,1
104297,35/11-5,2599.0439968,2,2,1
104298,35/11-5,2599.1959968,2,2,1
104299,35/11-5,2599.3479968,2,2,1
104300,35/11-5,2599.4999968,2,2,1
104301,35/11-5,2599.6519968000002,2,2,1
104302,35/11-5,2599.8039968000003,2,2,1
104303,35/11-5,2599.9559968000003,2,2,1
104304,35/11-5,2600.1079968000004,2,2,1
104305,35/11-5,2600.2599968000004,2,2,1
104306,35/11-5,2600.4119968,2,2,1
104307,35/11-5,2600.5639968,2,2,1
104308,35/11-5,2600.7159968,2,2,1
104309,35/11-5,2600.8679968,2,2,1
104310,35/11-5,2601.0199968,2,2,1
104311,35/11-5,2601.1719968,2,2,1
104312,35/11-5,2601.3239968000003,2,2,1
104313,35/11-5,2601.4759968000003,2,2,1
104314,35/11-5,2601.6279968000003,2,2,1
104315,35/11-5,2601.7799968000004,2,2,1
104316,35/11-5,2601.9319968000004,2,2,1
104317,35/11-5,2602.0839968,2,2,1
104318,35/11-5,2602.2359968,2,2,1
104319,35/11-5,2602.3879968,2,2,1
104320,35/11-5,2602.5399968,2,2,1
104321,35/11-5,2602.6919968,2,2,1
104322,35/11-5,2602.8439968000002,2,2,1
104323,35/11-5,2602.9959968000003,2,2,1
104324,35/11-5,2603.1479968000003,2,2,1
104325,35/11-5,2603.2999968000004,2,2,1
104326,35/11-5,2603.4519968000004,2,2,1
104327,35/11-5,2603.6039968,2,2,1
104328,35/11-5,2603.7559968,2,2,1
104329,35/11-5,2603.9079968,2,2,1
104330,35/11-5,2604.0599968,2,2,1
104331,35/11-5,2604.2119968,2,2,1
104332,35/11-5,2604.3639968,5,2,0
104333,35/11-5,2604.5159968000003,5,2,0
104334,35/11-5,2604.6679968000003,5,2,0
104335,35/11-5,2604.8199968000004,5,2,0
104336,35/11-5,2604.9719968000004,5,2,0
104337,35/11-5,2605.1239968000004,2,2,1
104338,35/11-5,2605.2759968,2,2,1
104339,35/11-5,2605.4279968,2,2,1
104340,35/11-5,2605.5799968,2,2,1
104341,35/11-5,2605.7319968,2,2,1
104342,35/11-5,2605.8839968,2,2,1
104343,35/11-5,2606.0359968000002,2,2,1
104344,35/11-5,2606.1879968000003,2,2,1
104345,35/11-5,2606.3399968000003,2,2,1
104346,35/11-5,2606.4919968000004,2,2,1
104347,35/11-5,2606.6439968000004,2,2,1
104348,35/11-5,2606.7959968,2,2,1
104349,35/11-5,2606.9479968,2,2,1
104350,35/11-5,2607.0999968,2,2,1
104351,35/11-5,2607.2519968,2,2,1
104352,35/11-5,2607.4039968,2,2,1
104353,35/11-5,2607.5559968000002,2,2,1
104354,35/11-5,2607.7079968000003,2,2,1
104355,35/11-5,2607.8599968000003,2,2,1
104356,35/11-5,2608.0119968000004,2,2,1
104357,35/11-5,2608.1639968000004,2,2,1
104358,35/11-5,2608.3159968,2,2,1
104359,35/11-5,2608.4679968,2,2,1
104360,35/11-5,2608.6199968,2,2,1
104361,35/11-5,2608.7719968,2,2,1
104362,35/11-5,2608.9239968,2,2,1
104363,35/11-5,2609.0759968,2,2,1
104364,35/11-5,2609.2279968000003,2,2,1
104365,35/11-5,2609.3799968000003,2,2,1
104366,35/11-5,2609.5319968000003,2,2,1
104367,35/11-5,2609.6839968000004,2,2,1
104368,35/11-5,2609.8359968000004,2,2,1
104369,35/11-5,2609.9879968,2,2,1
104370,35/11-5,2610.1399968,2,2,1
104371,35/11-5,2610.2919968,2,2,1
104372,35/11-5,2610.4439968,2,2,1
104373,35/11-5,2610.5959968,2,2,1
104374,35/11-5,2610.7479968000002,2,2,1
104375,35/11-5,2610.8999968000003,2,2,1
104376,35/11-5,2611.0519968000003,2,2,1
104377,35/11-5,2611.2039968000004,2,2,1
104378,35/11-5,2611.3559968000004,2,2,1
104379,35/11-5,2611.5079968,2,2,1
104380,35/11-5,2611.6599968,2,2,1
104381,35/11-5,2611.8119968,2,2,1
104382,35/11-5,2611.9639968,2,2,1
104383,35/11-5,2612.1159968,2,2,1
104384,35/11-5,2612.2679968,2,2,1
104385,35/11-5,2612.4199968000003,2,2,1
104386,35/11-5,2612.5719968000003,2,2,1
104387,35/11-5,2612.7239968000004,2,2,1
104388,35/11-5,2612.8759968000004,2,2,1
104389,35/11-5,2613.0279968000004,2,2,1
104390,35/11-5,2613.1799968,2,2,1
104391,35/11-5,2613.3319968,2,2,1
104392,35/11-5,2613.4839968,2,2,1
104393,35/11-5,2613.6359968,2,2,1
104394,35/11-5,2613.7879968,2,2,1
104395,35/11-5,2613.9399968000002,2,2,1
104396,35/11-5,2614.0919968000003,2,2,1
104397,35/11-5,2614.2439968000003,2,2,1
104398,35/11-5,2614.3959968000004,2,2,1
104399,35/11-5,2614.5479968000004,2,2,1
104400,35/11-5,2614.6999968,2,2,1
104401,35/11-5,2614.8519968,2,2,1
104402,35/11-5,2615.0039968,2,2,1
104403,35/11-5,2615.1559968,2,2,1
104404,35/11-5,2615.3079968,2,2,1
104405,35/11-5,2615.4599968,2,2,1
104406,35/11-5,2615.6119968000003,2,2,1
104407,35/11-5,2615.7639968000003,2,2,1
104408,35/11-5,2615.9159968000004,2,2,1
104409,35/11-5,2616.0679968000004,2,2,1
104410,35/11-5,2616.2199968000004,2,2,1
104411,35/11-5,2616.3719968,2,2,1
104412,35/11-5,2616.5239968,2,2,1
104413,35/11-5,2616.6759968,2,2,1
104414,35/11-5,2616.8279968,2,2,1
104415,35/11-5,2616.9799968,2,2,1
104416,35/11-5,2617.1319968000003,2,2,1
104417,35/11-5,2617.2839968000003,2,2,1
104418,35/11-5,2617.4359968000003,2,2,1
104419,35/11-5,2617.5879968000004,2,2,1
104420,35/11-5,2617.7399968000004,2,2,1
104421,35/11-5,2617.8919968,2,2,1
104422,35/11-5,2618.0439968,2,2,1
104423,35/11-5,2618.1959968,2,2,1
104424,35/11-5,2618.3479968,2,2,1
104425,35/11-5,2618.4999968,2,2,1
104426,35/11-5,2618.6519968000002,2,2,1
104427,35/11-5,2618.8039968000003,2,2,1
104428,35/11-5,2618.9559968000003,2,2,1
104429,35/11-5,2619.1079968000004,2,2,1
104430,35/11-5,2619.2599968000004,2,2,1
104431,35/11-5,2619.4119968,2,2,1
104432,35/11-5,2619.5639968,2,2,1
104433,35/11-5,2619.7159968,2,2,1
104434,35/11-5,2619.8679968,2,2,1
104435,35/11-5,2620.0199968,2,2,1
104436,35/11-5,2620.1719968,2,2,1
104437,35/11-5,2620.3239968000003,2,2,1
104438,35/11-5,2620.4759968000003,2,2,1
104439,35/11-5,2620.6279968000003,2,2,1
104440,35/11-5,2620.7799968000004,2,2,1
104441,35/11-5,2620.9319968000004,2,2,1
104442,35/11-5,2621.0839968,2,2,1
104443,35/11-5,2621.2359968,2,2,1
104444,35/11-5,2621.3879968,2,2,1
104445,35/11-5,2621.5399968,5,2,0
104446,35/11-5,2621.6919968,5,2,0
104447,35/11-5,2621.8439968000002,5,2,0
104448,35/11-5,2621.9959968000003,5,2,0
104449,35/11-5,2622.1479968000003,5,2,0
104450,35/11-5,2622.2999968000004,5,2,0
104451,35/11-5,2622.4519968000004,5,2,0
104452,35/11-5,2622.6039968,5,2,0
104453,35/11-5,2622.7559968,5,2,0
104454,35/11-5,2622.9079968,2,2,1
104455,35/11-5,2623.0599968,2,2,1
104456,35/11-5,2623.2119968,2,2,1
104457,35/11-5,2623.3639968,2,2,1
104458,35/11-5,2623.5159968000003,2,2,1
104459,35/11-5,2623.6679968000003,2,2,1
104460,35/11-5,2623.8199968000004,2,2,1
104461,35/11-5,2623.9719968000004,2,2,1
104462,35/11-5,2624.1239968000004,2,2,1
104463,35/11-5,2624.2759968,2,2,1
104464,35/11-5,2624.4279968,2,2,1
104465,35/11-5,2624.5799968,2,2,1
104466,35/11-5,2624.7319968,2,2,1
104467,35/11-5,2624.8839968,2,2,1
104468,35/11-5,2625.0359968000002,2,2,1
104469,35/11-5,2625.1879968000003,2,2,1
104470,35/11-5,2625.3399968000003,2,2,1
104471,35/11-5,2625.4919968000004,2,2,1
104472,35/11-5,2625.6439968000004,2,2,1
104473,35/11-5,2625.7959968,2,2,1
104474,35/11-5,2625.9479968,2,2,1
104475,35/11-5,2626.0999968,2,2,1
104476,35/11-5,2626.2519968,2,2,1
104477,35/11-5,2626.4039968,2,2,1
104478,35/11-5,2626.5559968000002,2,2,1
104479,35/11-5,2626.7079968000003,2,2,1
104480,35/11-5,2626.8599968000003,2,2,1
104481,35/11-5,2627.0119968000004,5,2,0
104482,35/11-5,2627.1639968000004,5,2,0
104483,35/11-5,2627.3159968,5,2,0
104484,35/11-5,2627.4679968,5,2,0
104485,35/11-5,2627.6199968,5,2,0
104486,35/11-5,2627.7719968,5,2,0
104487,35/11-5,2627.9239968,2,2,1
104488,35/11-5,2628.0759968,2,2,1
104489,35/11-5,2628.2279968000003,2,2,1
104490,35/11-5,2628.3799968000003,2,2,1
104491,35/11-5,2628.5319968000003,2,2,1
104492,35/11-5,2628.6839968000004,2,2,1
104493,35/11-5,2628.8359968000004,2,2,1
104494,35/11-5,2628.9879968,2,2,1
104495,35/11-5,2629.1399968,2,2,1
104496,35/11-5,2629.2919968,2,2,1
104497,35/11-5,2629.4439968,2,2,1
104498,35/11-5,2629.5959968,2,2,1
104499,35/11-5,2629.7479968000002,2,2,1
104500,35/11-5,2629.8999968000003,2,2,1
104501,35/11-5,2630.0519968000003,2,2,1
104502,35/11-5,2630.2039968000004,2,2,1
104503,35/11-5,2630.3559968000004,2,2,1
104504,35/11-5,2630.5079968,2,2,1
104505,35/11-5,2630.6599968,2,2,1
104506,35/11-5,2630.8119968,2,2,1
104507,35/11-5,2630.9639968,2,2,1
104508,35/11-5,2631.1159968,2,2,1
104509,35/11-5,2631.2679968,2,2,1
104510,35/11-5,2631.4199968000003,2,2,1
104511,35/11-5,2631.5719968000003,2,2,1
104512,35/11-5,2631.7239968000004,2,2,1
104513,35/11-5,2631.8759968000004,2,2,1
104514,35/11-5,2632.0279968000004,2,2,1
104515,35/11-5,2632.1799968,2,2,1
104516,35/11-5,2632.3319968,2,2,1
104517,35/11-5,2632.4839968,2,2,1
104518,35/11-5,2632.6359968,2,2,1
104519,35/11-5,2632.7879968,2,2,1
104520,35/11-5,2632.9399968000002,2,2,1
104521,35/11-5,2633.0919968000003,2,2,1
104522,35/11-5,2633.2439968000003,2,2,1
104523,35/11-5,2633.3959968000004,2,2,1
104524,35/11-5,2633.5479968000004,2,2,1
104525,35/11-5,2633.6999968,2,2,1
104526,35/11-5,2633.8519968,2,2,1
104527,35/11-5,2634.0039968,2,2,1
104528,35/11-5,2634.1559968,2,2,1
104529,35/11-5,2634.3079968,2,2,1
104530,35/11-5,2634.4599968,2,2,1
104531,35/11-5,2634.6119968000003,2,2,1
104532,35/11-5,2634.7639968000003,2,2,1
104533,35/11-5,2634.9159968000004,2,2,1
104534,35/11-5,2635.0679968000004,2,2,1
104535,35/11-5,2635.2199968000004,2,2,1
104536,35/11-5,2635.3719968,2,2,1
104537,35/11-5,2635.5239968,2,2,1
104538,35/11-5,2635.6759968,2,2,1
104539,35/11-5,2635.8279968,2,2,1
104540,35/11-5,2635.9799968,2,2,1
104541,35/11-5,2636.1319968000003,5,1,0
104542,35/11-5,2636.2839968000003,5,5,1
104543,35/11-5,2636.4359968000003,5,2,0
104544,35/11-5,2636.5879968000004,5,2,0
104545,35/11-5,2636.7399968000004,5,2,0
104546,35/11-5,2636.8919968,5,2,0
104547,35/11-5,2637.0439968,5,2,0
104548,35/11-5,2637.1959968,5,2,0
104549,35/11-5,2637.3479968,2,2,1
104550,35/11-5,2637.4999968,2,2,1
104551,35/11-5,2637.6519968000002,2,2,1
104552,35/11-5,2637.8039968000003,2,2,1
104553,35/11-5,2637.9559968000003,2,2,1
104554,35/11-5,2638.1079968000004,2,2,1
104555,35/11-5,2638.2599968000004,2,2,1
104556,35/11-5,2638.4119968,2,2,1
104557,35/11-5,2638.5639968,2,2,1
104558,35/11-5,2638.7159968,2,2,1
104559,35/11-5,2638.8679968,2,2,1
104560,35/11-5,2639.0199968,2,2,1
104561,35/11-5,2639.1719968,2,2,1
104562,35/11-5,2639.3239968000003,2,2,1
104563,35/11-5,2639.4759968000003,2,2,1
104564,35/11-5,2639.6279968000003,2,2,1
104565,35/11-5,2639.7799968000004,2,2,1
104566,35/11-5,2639.9319968000004,2,2,1
104567,35/11-5,2640.0839968,2,2,1
104568,35/11-5,2640.2359968,2,2,1
104569,35/11-5,2640.3879968,2,2,1
104570,35/11-5,2640.5399968,2,2,1
104571,35/11-5,2640.6919968,2,2,1
104572,35/11-5,2640.8439968000002,2,2,1
104573,35/11-5,2640.9959968000003,2,2,1
104574,35/11-5,2641.1479968000003,2,2,1
104575,35/11-5,2641.2999968000004,2,2,1
104576,35/11-5,2641.4519968000004,2,2,1
104577,35/11-5,2641.6039968,2,2,1
104578,35/11-5,2641.7559968,2,2,1
104579,35/11-5,2641.9079968,2,2,1
104580,35/11-5,2642.0599968,2,2,1
104581,35/11-5,2642.2119968,2,2,1
104582,35/11-5,2642.3639968,2,2,1
104583,35/11-5,2642.5159968000003,2,2,1
104584,35/11-5,2642.6679968000003,2,2,1
104585,35/11-5,2642.8199968000004,2,2,1
104586,35/11-5,2642.9719968000004,2,2,1
104587,35/11-5,2643.1239968000004,2,2,1
104588,35/11-5,2643.2759968,2,2,1
104589,35/11-5,2643.4279968,2,2,1
104590,35/11-5,2643.5799968,2,2,1
104591,35/11-5,2643.7319968,2,2,1
104592,35/11-5,2643.8839968,2,2,1
104593,35/11-5,2644.0359968000002,2,2,1
104594,35/11-5,2644.1879968000003,2,2,1
104595,35/11-5,2644.3399968000003,2,2,1
104596,35/11-5,2644.4919968000004,2,2,1
104597,35/11-5,2644.6439968000004,2,2,1
104598,35/11-5,2644.7959968,2,2,1
104599,35/11-5,2644.9479968,2,2,1
104600,35/11-5,2645.0999968,2,2,1
104601,35/11-5,2645.2519968,2,2,1
104602,35/11-5,2645.4039968,2,2,1
104603,35/11-5,2645.5559968000002,2,2,1
104604,35/11-5,2645.7079968000003,1,2,0
104605,35/11-5,2645.8599968000003,1,2,0
104606,35/11-5,2646.0119968000004,5,2,0
104607,35/11-5,2646.1639968000004,5,2,0
104608,35/11-5,2646.3159968,5,2,0
104609,35/11-5,2646.4679968,5,2,0
104610,35/11-5,2646.6199968,5,2,0
104611,35/11-5,2646.7719968,5,2,0
104612,35/11-5,2646.9239968,5,2,0
104613,35/11-5,2647.0759968,5,2,0
104614,35/11-5,2647.2279968000003,5,2,0
104615,35/11-5,2647.3799968000003,5,2,0
104616,35/11-5,2647.5319968000003,5,2,0
104617,35/11-5,2647.6839968000004,5,2,0
104618,35/11-5,2647.8359968000004,5,2,0
104619,35/11-5,2647.9879968,5,2,0
104620,35/11-5,2648.1399968,5,2,0
104621,35/11-5,2648.2919968,5,2,0
104622,35/11-5,2648.4439968,5,2,0
104623,35/11-5,2648.5959968,5,2,0
104624,35/11-5,2648.7479968000002,5,2,0
104625,35/11-5,2648.8999968000003,5,2,0
104626,35/11-5,2649.0519968000003,5,2,0
104627,35/11-5,2649.2039968000004,5,2,0
104628,35/11-5,2649.3559968000004,5,2,0
104629,35/11-5,2649.5079968,2,2,1
104630,35/11-5,2649.6599968,2,2,1
104631,35/11-5,2649.8119968,2,2,1
104632,35/11-5,2649.9639968,2,2,1
104633,35/11-5,2650.1159968,2,2,1
104634,35/11-5,2678.8439968000002,2,2,1
104635,35/11-5,2678.9959968000003,2,2,1
104636,35/11-5,2679.1479968000003,2,2,1
104637,35/11-5,2679.2999968000004,2,2,1
104638,35/11-5,2679.4519968000004,2,2,1
104639,35/11-5,2679.6039968,2,2,1
104640,35/11-5,2679.7559968,2,2,1
104641,35/11-5,2679.9079968,2,2,1
104642,35/11-5,2680.0599968,2,2,1
104643,35/11-5,2680.2119968,2,2,1
104644,35/11-5,2680.3639968,2,2,1
104645,35/11-5,2680.5159968000003,2,2,1
104646,35/11-5,2680.6679968000003,2,2,1
104647,35/11-5,2680.8199968000004,2,2,1
104648,35/11-5,2680.9719968000004,2,2,1
104649,35/11-5,2681.1239968000004,2,2,1
104650,35/11-5,2681.2759968,2,2,1
104651,35/11-5,2681.4279968,2,2,1
104652,35/11-5,2681.5799968,2,2,1
104653,35/11-5,2681.7319968,2,2,1
104654,35/11-5,2681.8839968,2,2,1
104655,35/11-5,2682.0359968000002,2,2,1
104656,35/11-5,2682.1879968000003,2,2,1
104657,35/11-5,2682.3399968000003,2,2,1
104658,35/11-5,2682.4919968000004,2,2,1
104659,35/11-5,2682.6439968000004,2,2,1
104660,35/11-5,2682.7959968,2,2,1
104661,35/11-5,2682.9479968,2,2,1
104662,35/11-5,2683.0999968,2,2,1
104663,35/11-5,2683.2519968,2,2,1
104664,35/11-5,2683.4039968,2,2,1
104665,35/11-5,2683.5559968000002,2,2,1
104666,35/11-5,2683.7079968000003,2,2,1
104667,35/11-5,2683.8599968000003,2,2,1
104668,35/11-5,2684.0119968000004,2,2,1
104669,35/11-5,2684.1639968000004,2,2,1
104670,35/11-5,2684.3159968,2,2,1
104671,35/11-5,2684.4679968,2,2,1
104672,35/11-5,2684.6199968,2,2,1
104673,35/11-5,2684.7719968,2,2,1
104674,35/11-5,2684.9239968,2,2,1
104675,35/11-5,2685.0759968,2,2,1
104676,35/11-5,2685.2279968000003,2,2,1
104677,35/11-5,2685.3799968000003,2,2,1
104678,35/11-5,2685.5319968000003,2,2,1
104679,35/11-5,2685.6839968000004,2,2,1
104680,35/11-5,2685.8359968000004,2,2,1
104681,35/11-5,2685.9879968,2,2,1
104682,35/11-5,2686.1399968,2,2,1
104683,35/11-5,2686.2919968,2,2,1
104684,35/11-5,2686.4439968,2,2,1
104685,35/11-5,2686.5959968,2,2,1
104686,35/11-5,2686.7479968000002,2,2,1
104687,35/11-5,2686.8999968000003,2,2,1
104688,35/11-5,2687.0519968000003,2,2,1
104689,35/11-5,2687.2039968000004,2,2,1
104690,35/11-5,2687.3559968000004,2,2,1
104691,35/11-5,2687.5079968,2,2,1
104692,35/11-5,2687.6599968,2,2,1
104693,35/11-5,2687.8119968,2,2,1
104694,35/11-5,2687.9639968,2,2,1
104695,35/11-5,2688.1159968,2,2,1
104696,35/11-5,2688.2679968,2,2,1
104697,35/11-5,2688.4199968000003,2,2,1
104698,35/11-5,2688.5719968000003,2,2,1
104699,35/11-5,2688.7239968000004,2,2,1
104700,35/11-5,2688.8759968000004,2,2,1
104701,35/11-5,2689.0279968000004,2,2,1
104702,35/11-5,2689.1799968,2,2,1
104703,35/11-5,2689.3319968,2,2,1
104704,35/11-5,2689.4839968,2,2,1
104705,35/11-5,2689.6359968,2,2,1
104706,35/11-5,2689.7879968,2,2,1
104707,35/11-5,2689.9399968000002,2,2,1
104708,35/11-5,2690.0919968000003,2,2,1
104709,35/11-5,2690.2439968000003,2,2,1
104710,35/11-5,2690.3959968000004,2,2,1
104711,35/11-5,2690.5479968000004,2,2,1
104712,35/11-5,2690.6999968,2,2,1
104713,35/11-5,2690.8519968,2,2,1
104714,35/11-5,2691.0039968,2,2,1
104715,35/11-5,2691.1559968,2,2,1
104716,35/11-5,2691.3079968,2,2,1
104717,35/11-5,2691.4599968,2,2,1
104718,35/11-5,2691.6119968000003,2,2,1
104719,35/11-5,2691.7639968000003,2,2,1
104720,35/11-5,2691.9159968000004,2,2,1
104721,35/11-5,2692.0679968000004,2,2,1
104722,35/11-5,2692.2199968000004,2,2,1
104723,35/11-5,2692.3719968,2,2,1
104724,35/11-5,2692.5239968,2,2,1
104725,35/11-5,2692.6759968,2,2,1
104726,35/11-5,2692.8279968,2,2,1
104727,35/11-5,2692.9799968,2,2,1
104728,35/11-5,2693.1319968000003,2,2,1
104729,35/11-5,2693.2839968000003,2,2,1
104730,35/11-5,2693.4359968000003,2,2,1
104731,35/11-5,2693.5879968000004,2,2,1
104732,35/11-5,2693.7399968000004,2,2,1
104733,35/11-5,2693.8919968,2,2,1
104734,35/11-5,2694.0439968,2,2,1
104735,35/11-5,2694.1959968,2,2,1
104736,35/11-5,2694.3479968,2,2,1
104737,35/11-5,2694.4999968,2,2,1
104738,35/11-5,2694.6519968000002,2,2,1
104739,35/11-5,2694.8039968000003,2,2,1
104740,35/11-5,2694.9559968000003,2,2,1
104741,35/11-5,2695.1079968000004,2,2,1
104742,35/11-5,2695.2599968000004,2,2,1
104743,35/11-5,2695.4119968,2,2,1
104744,35/11-5,2695.5639968,2,2,1
104745,35/11-5,2695.7159968,2,2,1
104746,35/11-5,2695.8679968,2,2,1
104747,35/11-5,2696.0199968,2,2,1
104748,35/11-5,2696.1719968,2,2,1
104749,35/11-5,2696.3239968000003,2,2,1
104750,35/11-5,2696.4759968000003,2,2,1
104751,35/11-5,2696.6279968000003,2,2,1
104752,35/11-5,2696.7799968000004,2,2,1
104753,35/11-5,2696.9319968000004,2,2,1
104754,35/11-5,2697.0839968,2,2,1
104755,35/11-5,2697.2359968,2,2,1
104756,35/11-5,2697.3879968,2,2,1
104757,35/11-5,2697.5399968,2,2,1
104758,35/11-5,2697.6919968,2,2,1
104759,35/11-5,2697.8439968000002,2,2,1
104760,35/11-5,2697.9959968000003,2,2,1
104761,35/11-5,2698.1479968000003,2,2,1
104762,35/11-5,2698.2999968000004,2,2,1
104763,35/11-5,2698.4519968000004,2,2,1
104764,35/11-5,2698.6039968,2,2,1
104765,35/11-5,2698.7559968,2,2,1
104766,35/11-5,2698.9079968,2,2,1
104767,35/11-5,2699.0599968,2,2,1
104768,35/11-5,2699.2119968,2,2,1
104769,35/11-5,2699.3639968,2,2,1
104770,35/11-5,2699.5159968000003,2,2,1
104771,35/11-5,2699.6679968000003,2,2,1
104772,35/11-5,2699.8199968000004,2,2,1
104773,35/11-5,2699.9719968000004,2,2,1
104774,35/11-5,2700.1239968000004,2,2,1
104775,35/11-5,2700.2759968,2,2,1
104776,35/11-5,2700.4279968,2,2,1
104777,35/11-5,2700.5799968,2,2,1
104778,35/11-5,2700.7319968,2,2,1
104779,35/11-5,2700.8839968,2,2,1
104780,35/11-5,2701.0359968000002,2,2,1
104781,35/11-5,2701.1879968000003,2,2,1
104782,35/11-5,2701.3399968000003,2,2,1
104783,35/11-5,2701.4919968000004,2,2,1
104784,35/11-5,2701.6439968000004,2,2,1
104785,35/11-5,2701.7959968,2,2,1
104786,35/11-5,2701.9479968,2,2,1
104787,35/11-5,2702.0999968,2,2,1
104788,35/11-5,2702.2519968,2,2,1
104789,35/11-5,2702.4039968,2,2,1
104790,35/11-5,2702.5559968000002,2,2,1
104791,35/11-5,2702.7079968000003,2,2,1
104792,35/11-5,2702.8599968000003,2,2,1
104793,35/11-5,2703.0119968000004,2,2,1
104794,35/11-5,2703.1639968000004,2,2,1
104795,35/11-5,2703.3159968,2,2,1
104796,35/11-5,2703.4679968,2,2,1
104797,35/11-5,2703.6199968,2,2,1
104798,35/11-5,2703.7719968,2,2,1
104799,35/11-5,2703.9239968,2,2,1
104800,35/11-5,2704.0759968,2,2,1
104801,35/11-5,2704.2279968000003,2,2,1
104802,35/11-5,2704.3799968000003,2,2,1
104803,35/11-5,2704.5319968000003,2,2,1
104804,35/11-5,2704.6839968000004,2,2,1
104805,35/11-5,2704.8359968000004,2,2,1
104806,35/11-5,2704.9879968,2,2,1
104807,35/11-5,2705.1399968,2,2,1
104808,35/11-5,2705.2919968,2,2,1
104809,35/11-5,2705.4439968,2,2,1
104810,35/11-5,2705.5959968,2,2,1
104811,35/11-5,2705.7479968000002,2,2,1
104812,35/11-5,2705.8999968000003,2,2,1
104813,35/11-5,2706.0519968000003,2,2,1
104814,35/11-5,2706.2039968000004,2,2,1
104815,35/11-5,2706.3559968000004,2,2,1
104816,35/11-5,2706.5079968,2,2,1
104817,35/11-5,2706.6599968,2,2,1
104818,35/11-5,2706.8119968,2,2,1
104819,35/11-5,2706.9639968,2,2,1
104820,35/11-5,2707.1159968,2,2,1
104821,35/11-5,2707.2679968,2,2,1
104822,35/11-5,2707.4199968000003,2,2,1
104823,35/11-5,2707.5719968000003,2,2,1
104824,35/11-5,2707.7239968000004,2,2,1
104825,35/11-5,2707.8759968000004,2,2,1
104826,35/11-5,2708.0279968000004,2,2,1
104827,35/11-5,2708.1799968,2,2,1
104828,35/11-5,2708.3319968,2,2,1
104829,35/11-5,2708.4839968,2,2,1
104830,35/11-5,2708.6359968,2,2,1
104831,35/11-5,2708.7879968,2,2,1
104832,35/11-5,2708.9399968000002,2,2,1
104833,35/11-5,2709.0919968000003,2,2,1
104834,35/11-5,2709.2439968000003,2,2,1
104835,35/11-5,2709.3959968000004,2,2,1
104836,35/11-5,2709.5479968000004,2,2,1
104837,35/11-5,2709.6999968,2,2,1
104838,35/11-5,2709.8519968,2,2,1
104839,35/11-5,2710.0039968,2,2,1
104840,35/11-5,2710.1559968,2,2,1
104841,35/11-5,2710.3079968,2,2,1
104842,35/11-5,2710.4599968,2,2,1
104843,35/11-5,2710.6119968000003,2,2,1
104844,35/11-5,2710.7639968000003,2,2,1
104845,35/11-5,2710.9159968000004,2,2,1
104846,35/11-5,2711.0679968000004,2,2,1
104847,35/11-5,2711.2199968000004,2,2,1
104848,35/11-5,2711.3719968,2,2,1
104849,35/11-5,2711.5239968,2,2,1
104850,35/11-5,2711.6759968,2,2,1
104851,35/11-5,2711.8279968,2,2,1
104852,35/11-5,2711.9799968,2,2,1
104853,35/11-5,2712.1319968000003,2,2,1
104854,35/11-5,2712.2839968000003,2,2,1
104855,35/11-5,2712.4359968000003,2,2,1
104856,35/11-5,2712.5879968000004,2,2,1
104857,35/11-5,2712.7399968000004,2,2,1
104858,35/11-5,2712.8919968,2,2,1
104859,35/11-5,2713.0439968,2,2,1
104860,35/11-5,2713.1959968,2,2,1
104861,35/11-5,2713.3479968,2,2,1
104862,35/11-5,2713.4999968,2,2,1
104863,35/11-5,2713.6519968000002,2,2,1
104864,35/11-5,2713.8039968000003,2,2,1
104865,35/11-5,2713.9559968000003,2,2,1
104866,35/11-5,2714.1079968000004,2,2,1
104867,35/11-5,2714.2599968000004,2,2,1
104868,35/11-5,2714.4119968,2,2,1
104869,35/11-5,2714.5639968,2,2,1
104870,35/11-5,2714.7159968,2,2,1
104871,35/11-5,2714.8679968,2,2,1
104872,35/11-5,2715.0199968,2,2,1
104873,35/11-5,2715.1719968,2,2,1
104874,35/11-5,2715.3239968000003,2,2,1
104875,35/11-5,2715.4759968000003,2,2,1
104876,35/11-5,2715.6279968000003,2,2,1
104877,35/11-5,2715.7799968000004,2,2,1
104878,35/11-5,2715.9319968000004,2,2,1
104879,35/11-5,2716.0839968,2,2,1
104880,35/11-5,2716.2359968,2,2,1
104881,35/11-5,2716.3879968,2,2,1
104882,35/11-5,2716.5399968,2,2,1
104883,35/11-5,2716.6919968,2,2,1
104884,35/11-5,2716.8439968000002,2,2,1
104885,35/11-5,2716.9959968000003,2,2,1
104886,35/11-5,2717.1479968000003,2,2,1
104887,35/11-5,2717.2999968000004,2,2,1
104888,35/11-5,2717.4519968000004,2,2,1
104889,35/11-5,2717.6039968,2,2,1
104890,35/11-5,2717.7559968,2,2,1
104891,35/11-5,2717.9079968,2,2,1
104892,35/11-5,2718.0599968,2,2,1
104893,35/11-5,2718.2119968,2,2,1
104894,35/11-5,2718.3639968,2,2,1
104895,35/11-5,2718.5159968000003,2,2,1
104896,35/11-5,2718.6679968000003,2,2,1
104897,35/11-5,2718.8199968000004,2,2,1
104898,35/11-5,2718.9719968000004,2,2,1
104899,35/11-5,2719.1239968000004,2,2,1
104900,35/11-5,2719.2759968,2,2,1
104901,35/11-5,2719.4279968,2,2,1
104902,35/11-5,2719.5799968,2,2,1
104903,35/11-5,2719.7319968,2,2,1
104904,35/11-5,2719.8839968,2,2,1
104905,35/11-5,2720.0359968000002,2,2,1
104906,35/11-5,2720.1879968000003,2,2,1
104907,35/11-5,2720.3399968000003,2,2,1
104908,35/11-5,2720.4919968000004,2,2,1
104909,35/11-5,2720.6439968000004,2,2,1
104910,35/11-5,2720.7959968,2,2,1
104911,35/11-5,2720.9479968,2,2,1
104912,35/11-5,2721.0999968,2,2,1
104913,35/11-5,2721.2519968,2,2,1
104914,35/11-5,2721.4039968,2,2,1
104915,35/11-5,2721.5559968000002,2,2,1
104916,35/11-5,2721.7079968000003,2,2,1
104917,35/11-5,2721.8599968000003,2,2,1
104918,35/11-5,2722.0119968000004,2,2,1
104919,35/11-5,2722.1639968000004,2,2,1
104920,35/11-5,2722.3159968,2,2,1
104921,35/11-5,2722.4679968,2,2,1
104922,35/11-5,2722.6199968,2,2,1
104923,35/11-5,2722.7719968,2,2,1
104924,35/11-5,2722.9239968,2,2,1
104925,35/11-5,2723.0759968,2,2,1
104926,35/11-5,2723.2279968000003,2,2,1
104927,35/11-5,2723.3799968000003,2,2,1
104928,35/11-5,2723.5319968000003,2,2,1
104929,35/11-5,2723.6839968000004,2,2,1
104930,35/11-5,2723.8359968000004,2,2,1
104931,35/11-5,2723.9879968,2,2,1
104932,35/11-5,2724.1399968,2,2,1
104933,35/11-5,2724.2919968,2,2,1
104934,35/11-5,2724.4439968,2,2,1
104935,35/11-5,2724.5959968,2,2,1
104936,35/11-5,2724.7479968000002,2,2,1
104937,35/11-5,2724.8999968000003,2,2,1
104938,35/11-5,2725.0519968000003,2,2,1
104939,35/11-5,2725.2039968000004,2,2,1
104940,35/11-5,2725.3559968000004,2,2,1
104941,35/11-5,2725.5079968,2,2,1
104942,35/11-5,2725.6599968,2,2,1
104943,35/11-5,2725.8119968,2,2,1
104944,35/11-5,2725.9639968,2,2,1
104945,35/11-5,2726.1159968,2,2,1
104946,35/11-5,2726.2679968,2,2,1
104947,35/11-5,2726.4199968000003,2,2,1
104948,35/11-5,2726.5719968000003,2,2,1
104949,35/11-5,2726.7239968000004,2,2,1
104950,35/11-5,2726.8759968000004,2,2,1
104951,35/11-5,2727.0279968000004,2,2,1
104952,35/11-5,2727.1799968,2,2,1
104953,35/11-5,2727.3319968,2,2,1
104954,35/11-5,2727.4839968,2,2,1
104955,35/11-5,2727.6359968,2,2,1
104956,35/11-5,2727.7879968,2,2,1
104957,35/11-5,2727.9399968000002,2,2,1
104958,35/11-5,2728.0919968000003,2,2,1
104959,35/11-5,2728.2439968000003,2,2,1
104960,35/11-5,2728.3959968000004,2,2,1
104961,35/11-5,2728.5479968000004,2,2,1
104962,35/11-5,2728.6999968,2,2,1
104963,35/11-5,2728.8519968,2,2,1
104964,35/11-5,2729.0039968,2,2,1
104965,35/11-5,2729.1559968,2,2,1
104966,35/11-5,2729.3079968,2,2,1
104967,35/11-5,2729.4599968,2,2,1
104968,35/11-5,2729.6119968000003,2,2,1
104969,35/11-5,2729.7639968000003,2,2,1
104970,35/11-5,2729.9159968000004,2,2,1
104971,35/11-5,2730.0679968000004,2,2,1
104972,35/11-5,2730.2199968000004,2,2,1
104973,35/11-5,2730.3719968,2,2,1
104974,35/11-5,2730.5239968,2,2,1
104975,35/11-5,2730.6759968,2,2,1
104976,35/11-5,2730.8279968,2,2,1
104977,35/11-5,2730.9799968,2,2,1
104978,35/11-5,2731.1319968000003,2,2,1
104979,35/11-5,2731.2839968000003,2,2,1
104980,35/11-5,2731.4359968000003,2,2,1
104981,35/11-5,2731.5879968000004,2,2,1
104982,35/11-5,2731.7399968000004,2,2,1
104983,35/11-5,2731.8919968,2,2,1
104984,35/11-5,2732.0439968,2,2,1
104985,35/11-5,2732.1959968,2,2,1
104986,35/11-5,2732.3479968,2,2,1
104987,35/11-5,2732.4999968,2,2,1
104988,35/11-5,2732.6519968000002,2,2,1
104989,35/11-5,2732.8039968000003,2,2,1
104990,35/11-5,2732.9559968000003,2,2,1
104991,35/11-5,2733.1079968000004,2,2,1
104992,35/11-5,2733.2599968000004,2,2,1
104993,35/11-5,2733.4119968,2,2,1
104994,35/11-5,2733.5639968,2,2,1
104995,35/11-5,2733.7159968,2,2,1
104996,35/11-5,2733.8679968,2,2,1
104997,35/11-5,2734.0199968,2,2,1
104998,35/11-5,2734.1719968,2,2,1
104999,35/11-5,2734.3239968000003,2,2,1
105000,35/11-5,2734.4759968000003,2,2,1
105001,35/11-5,2734.6279968000003,2,2,1
105002,35/11-5,2734.7799968000004,2,2,1
105003,35/11-5,2734.9319968000004,2,2,1
105004,35/11-5,2735.0839968,2,2,1
105005,35/11-5,2735.2359968,2,2,1
105006,35/11-5,2735.3879968,2,2,1
105007,35/11-5,2735.5399968,2,2,1
105008,35/11-5,2735.6919968,2,2,1
105009,35/11-5,2735.8439968000002,2,2,1
105010,35/11-5,2735.9959968000003,2,2,1
105011,35/11-5,2736.1479968000003,2,2,1
105012,35/11-5,2736.2999968000004,2,2,1
105013,35/11-5,2736.4519968000004,2,2,1
105014,35/11-5,2736.6039968,2,2,1
105015,35/11-5,2736.7559968,2,2,1
105016,35/11-5,2736.9079968,2,2,1
105017,35/11-5,2737.0599968,2,2,1
105018,35/11-5,2737.2119968,2,2,1
105019,35/11-5,2737.3639968,2,2,1
105020,35/11-5,2737.5159968000003,2,2,1
105021,35/11-5,2737.6679968000003,2,2,1
105022,35/11-5,2737.8199968000004,2,2,1
105023,35/11-5,2737.9719968000004,2,2,1
105024,35/11-5,2738.1239968000004,2,2,1
105025,35/11-5,2738.2759968,2,2,1
105026,35/11-5,2738.4279968,2,2,1
105027,35/11-5,2738.5799968,2,2,1
105028,35/11-5,2738.7319968,2,2,1
105029,35/11-5,2738.8839968,2,2,1
105030,35/11-5,2739.0359968000002,2,2,1
105031,35/11-5,2739.1879968000003,2,2,1
105032,35/11-5,2739.3399968000003,2,2,1
105033,35/11-5,2739.4919968000004,2,2,1
105034,35/11-5,2739.6439968000004,2,2,1
105035,35/11-5,2739.7959968,2,2,1
105036,35/11-5,2739.9479968,2,2,1
105037,35/11-5,2740.0999968,2,2,1
105038,35/11-5,2740.2519968,2,2,1
105039,35/11-5,2740.4039968,2,2,1
105040,35/11-5,2740.5559968000002,2,2,1
105041,35/11-5,2740.7079968000003,2,2,1
105042,35/11-5,2740.8599968000003,2,2,1
105043,35/11-5,2741.0119968000004,2,2,1
105044,35/11-5,2741.1639968000004,2,2,1
105045,35/11-5,2741.3159968,2,2,1
105046,35/11-5,2741.4679968,2,2,1
105047,35/11-5,2741.6199968,2,2,1
105048,35/11-5,2741.7719968,2,2,1
105049,35/11-5,2741.9239968,2,2,1
105050,35/11-5,2742.0759968,2,2,1
105051,35/11-5,2742.2279968000003,2,2,1
105052,35/11-5,2742.3799968000003,2,2,1
105053,35/11-5,2742.5319968000003,2,2,1
105054,35/11-5,2742.6839968000004,2,2,1
105055,35/11-5,2742.8359968000004,2,2,1
105056,35/11-5,2742.9879968,2,2,1
105057,35/11-5,2743.1399968,2,2,1
105058,35/11-5,2743.2919968,2,2,1
105059,35/11-5,2743.4439968,2,2,1
105060,35/11-5,2743.5959968,2,2,1
105061,35/11-5,2743.7479968000002,2,2,1
105062,35/11-5,2743.8999968000003,2,2,1
105063,35/11-5,2744.0519968000003,2,2,1
105064,35/11-5,2744.2039968000004,2,2,1
105065,35/11-5,2744.3559968000004,2,2,1
105066,35/11-5,2744.5079968,2,2,1
105067,35/11-5,2744.6599968,2,2,1
105068,35/11-5,2744.8119968,2,2,1
105069,35/11-5,2744.9639968,2,2,1
105070,35/11-5,2745.1159968,2,2,1
105071,35/11-5,2745.2679968,2,2,1
105072,35/11-5,2745.4199968000003,2,2,1
105073,35/11-5,2745.5719968000003,2,2,1
105074,35/11-5,2745.7239968000004,2,2,1
105075,35/11-5,2745.8759968000004,2,2,1
105076,35/11-5,2746.0279968000004,2,2,1
105077,35/11-5,2746.1799968,2,2,1
105078,35/11-5,2746.3319968,2,2,1
105079,35/11-5,2746.4839968,2,2,1
105080,35/11-5,2746.6359968,2,2,1
105081,35/11-5,2746.7879968,2,2,1
105082,35/11-5,2746.9399968000002,2,2,1
105083,35/11-5,2747.0919968000003,2,2,1
105084,35/11-5,2747.2439968000003,2,2,1
105085,35/11-5,2747.3959968000004,2,2,1
105086,35/11-5,2747.5479968000004,2,2,1
105087,35/11-5,2747.6999968,2,2,1
105088,35/11-5,2747.8519968,2,2,1
105089,35/11-5,2748.0039968,2,2,1
105090,35/11-5,2748.1559968,2,2,1
105091,35/11-5,2748.3079968,2,2,1
105092,35/11-5,2748.4599968,2,2,1
105093,35/11-5,2748.6119968000003,2,2,1
105094,35/11-5,2748.7639968000003,2,2,1
105095,35/11-5,2748.9159968000004,2,2,1
105096,35/11-5,2749.0679968000004,2,2,1
105097,35/11-5,2749.2199968000004,2,2,1
105098,35/11-5,2749.3719968,2,2,1
105099,35/11-5,2749.5239968,2,2,1
105100,35/11-5,2749.6759968,2,2,1
105101,35/11-5,2749.8279968,2,2,1
105102,35/11-5,2749.9799968,2,2,1
105103,35/11-5,2750.1319968000003,2,2,1
105104,35/11-5,2750.2839968000003,2,2,1
105105,35/11-5,2750.4359968000003,2,2,1
105106,35/11-5,2750.5879968000004,2,2,1
105107,35/11-5,2750.7399968000004,2,2,1
105108,35/11-5,2750.8919968,2,2,1
105109,35/11-5,2751.0439968,2,2,1
105110,35/11-5,2751.1959968,2,2,1
105111,35/11-5,2751.3479968,2,2,1
105112,35/11-5,2751.4999968,2,2,1
105113,35/11-5,2751.6519968000002,2,2,1
105114,35/11-5,2751.8039968000003,2,2,1
105115,35/11-5,2751.9559968000003,2,2,1
105116,35/11-5,2752.1079968000004,2,2,1
105117,35/11-5,2752.2599968000004,2,2,1
105118,35/11-5,2752.4119968,2,2,1
105119,35/11-5,2752.5639968,2,2,1
105120,35/11-5,2752.7159968,2,2,1
105121,35/11-5,2752.8679968,2,2,1
105122,35/11-5,2753.0199968,2,2,1
105123,35/11-5,2753.1719968,2,2,1
105124,35/11-5,2753.3239968000003,2,2,1
105125,35/11-5,2753.4759968000003,2,2,1
105126,35/11-5,2753.6279968000003,2,2,1
105127,35/11-5,2753.7799968000004,2,2,1
105128,35/11-5,2753.9319968000004,2,2,1
105129,35/11-5,2754.0839968,2,2,1
105130,35/11-5,2754.2359968,2,2,1
105131,35/11-5,2754.3879968,2,2,1
105132,35/11-5,2754.5399968,2,2,1
105133,35/11-5,2754.6919968,2,2,1
105134,35/11-5,2754.8439968000002,2,2,1
105135,35/11-5,2754.9959968000003,2,2,1
105136,35/11-5,2755.1479968000003,2,2,1
105137,35/11-5,2755.2999968000004,2,2,1
105138,35/11-5,2755.4519968000004,2,2,1
105139,35/11-5,2755.6039968,2,2,1
105140,35/11-5,2755.7559968,2,2,1
105141,35/11-5,2755.9079968,2,2,1
105142,35/11-5,2756.0599968,2,2,1
105143,35/11-5,2756.2119968,2,2,1
105144,35/11-5,2756.3639968,2,2,1
105145,35/11-5,2756.5159968000003,2,2,1
105146,35/11-5,2756.6679968000003,2,2,1
105147,35/11-5,2756.8199968000004,2,2,1
105148,35/11-5,2756.9719968000004,2,2,1
105149,35/11-5,2757.1239968000004,2,2,1
105150,35/11-5,2757.2759968,2,2,1
105151,35/11-5,2757.4279968,2,2,1
105152,35/11-5,2757.5799968,2,2,1
105153,35/11-5,2757.7319968,2,2,1
105154,35/11-5,2757.8839968,2,2,1
105155,35/11-5,2758.0359968000002,2,2,1
105156,35/11-5,2758.1879968000003,2,2,1
105157,35/11-5,2758.3399968000003,2,2,1
105158,35/11-5,2758.4919968000004,2,2,1
105159,35/11-5,2758.6439968000004,2,2,1
105160,35/11-5,2758.7959968,2,2,1
105161,35/11-5,2758.9479968,2,2,1
105162,35/11-5,2759.0999968,2,2,1
105163,35/11-5,2759.2519968,2,2,1
105164,35/11-5,2759.4039968,2,2,1
105165,35/11-5,2759.5559968000002,2,2,1
105166,35/11-5,2759.7079968000003,2,2,1
105167,35/11-5,2759.8599968000003,2,2,1
105168,35/11-5,2760.0119968000004,2,2,1
105169,35/11-5,2760.1639968000004,2,2,1
105170,35/11-5,2760.3159968,2,2,1
105171,35/11-5,2760.4679968,2,2,1
105172,35/11-5,2760.6199968,2,2,1
105173,35/11-5,2760.7719968,2,2,1
105174,35/11-5,2760.9239968,2,2,1
105175,35/11-5,2761.0759968,2,2,1
105176,35/11-5,2761.2279968000003,2,2,1
105177,35/11-5,2761.3799968000003,2,2,1
105178,35/11-5,2761.5319968000003,2,2,1
105179,35/11-5,2761.6839968000004,2,2,1
105180,35/11-5,2761.8359968000004,2,2,1
105181,35/11-5,2761.9879968,2,2,1
105182,35/11-5,2762.1399968,2,2,1
105183,35/11-5,2762.2919968,2,2,1
105184,35/11-5,2762.4439968,2,2,1
105185,35/11-5,2762.5959968,2,2,1
105186,35/11-5,2762.7479968000002,2,2,1
105187,35/11-5,2762.8999968000003,2,2,1
105188,35/11-5,2763.0519968000003,2,2,1
105189,35/11-5,2763.2039968000004,2,2,1
105190,35/11-5,2763.3559968000004,2,2,1
105191,35/11-5,2763.5079968,2,2,1
105192,35/11-5,2763.6599968,2,2,1
105193,35/11-5,2763.8119968,2,2,1
105194,35/11-5,2763.9639968,2,2,1
105195,35/11-5,2764.1159968,2,2,1
105196,35/11-5,2764.2679968,2,2,1
105197,35/11-5,2764.4199968000003,2,2,1
105198,35/11-5,2764.5719968000003,2,2,1
105199,35/11-5,2764.7239968000004,2,2,1
105200,35/11-5,2764.8759968000004,2,2,1
105201,35/11-5,2765.0279968000004,2,2,1
105202,35/11-5,2765.1799968,2,2,1
105203,35/11-5,2765.3319968,2,2,1
105204,35/11-5,2765.4839968,2,2,1
105205,35/11-5,2765.6359968,2,2,1
105206,35/11-5,2765.7879968,2,2,1
105207,35/11-5,2765.9399968000002,2,2,1
105208,35/11-5,2766.0919968000003,2,2,1
105209,35/11-5,2766.2439968000003,2,2,1
105210,35/11-5,2766.3959968000004,2,2,1
105211,35/11-5,2766.5479968000004,2,2,1
105212,35/11-5,2766.6999968,2,2,1
105213,35/11-5,2766.8519968,2,2,1
105214,35/11-5,2767.0039968,2,2,1
105215,35/11-5,2767.1559968,2,2,1
105216,35/11-5,2767.3079968,2,2,1
105217,35/11-5,2767.4599968,2,2,1
105218,35/11-5,2767.6119968000003,2,2,1
105219,35/11-5,2767.7639968000003,2,2,1
105220,35/11-5,2767.9159968000004,2,2,1
105221,35/11-5,2768.0679968000004,2,2,1
105222,35/11-5,2768.2199968000004,2,2,1
105223,35/11-5,2768.3719968,2,2,1
105224,35/11-5,2768.5239968,2,2,1
105225,35/11-5,2768.6759968,2,2,1
105226,35/11-5,2768.8279968,2,2,1
105227,35/11-5,2768.9799968,2,2,1
105228,35/11-5,2769.1319968000003,2,2,1
105229,35/11-5,2769.2839968000003,2,2,1
105230,35/11-5,2769.4359968000003,2,2,1
105231,35/11-5,2769.5879968000004,2,2,1
105232,35/11-5,2769.7399968000004,2,2,1
105233,35/11-5,2769.8919968,2,2,1
105234,35/11-5,2770.0439968,2,2,1
105235,35/11-5,2770.1959968,2,2,1
105236,35/11-5,2770.3479968,2,2,1
105237,35/11-5,2770.4999968,2,2,1
105238,35/11-5,2770.6519968000002,2,2,1
105239,35/11-5,2770.8039968000003,2,2,1
105240,35/11-5,2770.9559968000003,2,2,1
105241,35/11-5,2771.1079968000004,2,2,1
105242,35/11-5,2771.2599968000004,2,2,1
105243,35/11-5,2771.4119968,2,2,1
105244,35/11-5,2771.5639968,2,2,1
105245,35/11-5,2771.7159968,2,2,1
105246,35/11-5,2771.8679968,2,2,1
105247,35/11-5,2772.0199968,2,2,1
105248,35/11-5,2772.1719968,2,2,1
105249,35/11-5,2772.3239968000003,2,2,1
105250,35/11-5,2772.4759968000003,2,2,1
105251,35/11-5,2772.6279968000003,2,2,1
105252,35/11-5,2772.7799968000004,2,2,1
105253,35/11-5,2772.9319968000004,2,2,1
105254,35/11-5,2773.0839968,2,2,1
105255,35/11-5,2773.2359968,2,2,1
105256,35/11-5,2773.3879968,2,2,1
105257,35/11-5,2773.5399968,2,2,1
105258,35/11-5,2773.6919968,2,2,1
105259,35/11-5,2773.8439968000002,2,2,1
105260,35/11-5,2773.9959968000003,2,2,1
105261,35/11-5,2774.1479968000003,2,2,1
105262,35/11-5,2774.2999968000004,2,2,1
105263,35/11-5,2774.4519968000004,2,2,1
105264,35/11-5,2774.6039968,2,2,1
105265,35/11-5,2774.7559968,2,2,1
105266,35/11-5,2774.9079968,2,2,1
105267,35/11-5,2775.0599968,2,2,1
105268,35/11-5,2775.2119968,2,2,1
105269,35/11-5,2775.3639968,2,2,1
105270,35/11-5,2775.5159968000003,2,2,1
105271,35/11-5,2775.6679968000003,2,2,1
105272,35/11-5,2775.8199968000004,2,2,1
105273,35/11-5,2775.9719968000004,2,2,1
105274,35/11-5,2776.1239968000004,2,2,1
105275,35/11-5,2776.2759968,2,2,1
105276,35/11-5,2776.4279968,2,2,1
105277,35/11-5,2776.5799968,2,2,1
105278,35/11-5,2776.7319968,2,2,1
105279,35/11-5,2776.8839968,2,2,1
105280,35/11-5,2777.0359968000002,2,2,1
105281,35/11-5,2777.1879968000003,2,2,1
105282,35/11-5,2777.3399968000003,2,2,1
105283,35/11-5,2777.4919968000004,2,2,1
105284,35/11-5,2777.6439968000004,2,2,1
105285,35/11-5,2777.7959968,2,2,1
105286,35/11-5,2777.9479968,2,2,1
105287,35/11-5,2778.0999968,2,2,1
105288,35/11-5,2778.2519968,2,2,1
105289,35/11-5,2778.4039968,2,2,1
105290,35/11-5,2778.5559968000002,2,2,1
105291,35/11-5,2778.7079968000003,2,2,1
105292,35/11-5,2778.8599968000003,2,2,1
105293,35/11-5,2779.0119968000004,2,2,1
105294,35/11-5,2779.1639968000004,2,2,1
105295,35/11-5,2779.3159968,2,2,1
105296,35/11-5,2779.4679968,2,2,1
105297,35/11-5,2779.6199968,2,2,1
105298,35/11-5,2779.7719968,2,2,1
105299,35/11-5,2779.9239968,2,2,1
105300,35/11-5,2780.0759968,2,2,1
105301,35/11-5,2780.2279968000003,2,2,1
105302,35/11-5,2780.3799968000003,2,2,1
105303,35/11-5,2780.5319968000003,2,2,1
105304,35/11-5,2780.6839968000004,2,2,1
105305,35/11-5,2780.8359968000004,2,2,1
105306,35/11-5,2780.9879968,2,2,1
105307,35/11-5,2781.1399968,2,2,1
105308,35/11-5,2781.2919968,2,2,1
105309,35/11-5,2781.4439968,2,2,1
105310,35/11-5,2781.5959968,2,2,1
105311,35/11-5,2781.7479968000002,2,2,1
105312,35/11-5,2781.8999968000003,2,2,1
105313,35/11-5,2782.0519968000003,2,2,1
105314,35/11-5,2782.2039968000004,2,2,1
105315,35/11-5,2782.3559968000004,2,2,1
105316,35/11-5,2782.5079968,2,2,1
105317,35/11-5,2782.6599968,2,2,1
105318,35/11-5,2782.8119968,2,2,1
105319,35/11-5,2782.9639968,2,2,1
105320,35/11-5,2783.1159968,2,2,1
105321,35/11-5,2783.2679968,2,2,1
105322,35/11-5,2783.4199968000003,2,2,1
105323,35/11-5,2783.5719968000003,2,2,1
105324,35/11-5,2783.7239968000004,2,2,1
105325,35/11-5,2783.8759968000004,2,2,1
105326,35/11-5,2784.0279968000004,2,2,1
105327,35/11-5,2784.1799968,2,2,1
105328,35/11-5,2784.3319968,2,2,1
105329,35/11-5,2784.4839968,2,2,1
105330,35/11-5,2784.6359968,2,2,1
105331,35/11-5,2784.7879968,2,2,1
105332,35/11-5,2784.9399968000002,2,2,1
105333,35/11-5,2785.0919968000003,2,2,1
105334,35/11-5,2785.2439968000003,2,2,1
105335,35/11-5,2785.3959968000004,2,2,1
105336,35/11-5,2785.5479968000004,2,2,1
105337,35/11-5,2785.6999968,2,2,1
105338,35/11-5,2785.8519968,2,2,1
105339,35/11-5,2786.0039968,2,2,1
105340,35/11-5,2786.1559968,2,2,1
105341,35/11-5,2786.3079968,2,2,1
105342,35/11-5,2786.4599968,2,2,1
105343,35/11-5,2786.6119968000003,2,2,1
105344,35/11-5,2786.7639968000003,2,2,1
105345,35/11-5,2786.9159968000004,2,2,1
105346,35/11-5,2787.0679968000004,2,2,1
105347,35/11-5,2787.2199968000004,2,2,1
105348,35/11-5,2787.3719968,2,2,1
105349,35/11-5,2787.5239968,2,2,1
105350,35/11-5,2787.6759968,2,2,1
105351,35/11-5,2787.8279968,2,2,1
105352,35/11-5,2787.9799968,2,2,1
105353,35/11-5,2788.1319968000003,2,2,1
105354,35/11-5,2788.2839968000003,2,2,1
105355,35/11-5,2788.4359968000003,2,2,1
105356,35/11-5,2788.5879968000004,2,2,1
105357,35/11-5,2788.7399968000004,2,2,1
105358,35/11-5,2788.8919968,2,2,1
105359,35/11-5,2789.0439968,2,2,1
105360,35/11-5,2789.1959968,2,2,1
105361,35/11-5,2789.3479968,2,2,1
105362,35/11-5,2789.4999968,2,2,1
105363,35/11-5,2789.6519968000002,2,2,1
105364,35/11-5,2789.8039968000003,2,2,1
105365,35/11-5,2789.9559968000003,2,2,1
105366,35/11-5,2790.1079968000004,2,2,1
105367,35/11-5,2790.2599968000004,2,2,1
105368,35/11-5,2790.4119968,2,2,1
105369,35/11-5,2790.5639968,2,2,1
105370,35/11-5,2790.7159968,2,2,1
105371,35/11-5,2790.8679968,2,2,1
105372,35/11-5,2791.0199968,2,2,1
105373,35/11-5,2791.1719968,2,2,1
105374,35/11-5,2791.3239968000003,2,2,1
105375,35/11-5,2791.4759968000003,2,2,1
105376,35/11-5,2791.6279968000003,2,2,1
105377,35/11-5,2791.7799968000004,2,2,1
105378,35/11-5,2791.9319968000004,2,2,1
105379,35/11-5,2792.0839968,2,2,1
105380,35/11-5,2792.2359968,2,2,1
105381,35/11-5,2792.3879968,2,2,1
105382,35/11-5,2792.5399968,2,2,1
105383,35/11-5,2792.6919968,2,2,1
105384,35/11-5,2792.8439968000002,2,2,1
105385,35/11-5,2792.9959968000003,2,2,1
105386,35/11-5,2793.1479968000003,2,2,1
105387,35/11-5,2793.2999968000004,2,2,1
105388,35/11-5,2793.4519968000004,2,2,1
105389,35/11-5,2793.6039968,2,2,1
105390,35/11-5,2793.7559968,2,2,1
105391,35/11-5,2793.9079968,2,2,1
105392,35/11-5,2794.0599968,2,2,1
105393,35/11-5,2794.2119968,2,2,1
105394,35/11-5,2794.3639968,2,2,1
105395,35/11-5,2794.5159968000003,2,2,1
105396,35/11-5,2794.6679968000003,2,2,1
105397,35/11-5,2794.8199968000004,2,2,1
105398,35/11-5,2794.9719968000004,2,2,1
105399,35/11-5,2795.1239968000004,2,2,1
105400,35/11-5,2795.2759968,2,2,1
105401,35/11-5,2795.4279968,2,2,1
105402,35/11-5,2795.5799968,2,2,1
105403,35/11-5,2795.7319968,2,2,1
105404,35/11-5,2795.8839968,2,2,1
105405,35/11-5,2796.0359968000002,2,2,1
105406,35/11-5,2796.1879968000003,2,2,1
105407,35/11-5,2796.3399968000003,2,2,1
105408,35/11-5,2796.4919968000004,2,2,1
105409,35/11-5,2796.6439968000004,2,2,1
105410,35/11-5,2796.7959968,2,2,1
105411,35/11-5,2796.9479968,2,2,1
105412,35/11-5,2797.0999968,2,2,1
105413,35/11-5,2797.2519968,2,2,1
105414,35/11-5,2797.4039968,2,2,1
105415,35/11-5,2797.5559968000002,2,2,1
105416,35/11-5,2797.7079968000003,2,2,1
105417,35/11-5,2797.8599968000003,2,2,1
105418,35/11-5,2798.0119968000004,2,2,1
105419,35/11-5,2798.1639968000004,2,2,1
105420,35/11-5,2798.3159968,2,2,1
105421,35/11-5,2798.4679968,2,2,1
105422,35/11-5,2798.6199968,2,2,1
105423,35/11-5,2798.7719968,2,2,1
105424,35/11-5,2798.9239968,2,2,1
105425,35/11-5,2799.0759968,2,2,1
105426,35/11-5,2799.2279968000003,2,2,1
105427,35/11-5,2799.3799968000003,2,2,1
105428,35/11-5,2799.5319968000003,2,2,1
105429,35/11-5,2799.6839968000004,2,2,1
105430,35/11-5,2799.8359968000004,2,2,1
105431,35/11-5,2799.9879968,2,2,1
105432,35/11-5,2800.1399968,2,2,1
105433,35/11-5,2800.2919968,2,2,1
105434,35/11-5,2800.4439968,2,2,1
105435,35/11-5,2800.5959968,2,2,1
105436,35/11-5,2800.7479968000002,2,2,1
105437,35/11-5,2800.8999968000003,2,2,1
105438,35/11-5,2801.0519968000003,2,2,1
105439,35/11-5,2801.2039968000004,2,2,1
105440,35/11-5,2801.3559968000004,2,2,1
105441,35/11-5,2801.5079968,2,2,1
105442,35/11-5,2801.6599968,2,2,1
105443,35/11-5,2801.8119968,2,2,1
105444,35/11-5,2801.9639968,2,2,1
105445,35/11-5,2802.1159968,2,2,1
105446,35/11-5,2802.2679968,2,2,1
105447,35/11-5,2802.4199968000003,2,2,1
105448,35/11-5,2802.5719968000003,2,2,1
105449,35/11-5,2802.7239968000004,2,2,1
105450,35/11-5,2802.8759968000004,2,2,1
105451,35/11-5,2803.0279968000004,2,2,1
105452,35/11-5,2803.1799968,2,2,1
105453,35/11-5,2803.3319968,2,2,1
105454,35/11-5,2803.4839968,2,2,1
105455,35/11-5,2803.6359968,2,2,1
105456,35/11-5,2803.7879968,2,2,1
105457,35/11-5,2803.9399968000002,2,2,1
105458,35/11-5,2804.0919968000003,2,2,1
105459,35/11-5,2804.2439968000003,2,2,1
105460,35/11-5,2804.3959968000004,2,2,1
105461,35/11-5,2804.5479968000004,2,2,1
105462,35/11-5,2804.6999968,2,2,1
105463,35/11-5,2804.8519968,2,2,1
105464,35/11-5,2805.0039968,2,2,1
105465,35/11-5,2805.1559968,2,2,1
105466,35/11-5,2805.3079968,2,2,1
105467,35/11-5,2805.4599968,2,2,1
105468,35/11-5,2805.6119968000003,2,2,1
105469,35/11-5,2805.7639968000003,2,2,1
105470,35/11-5,2805.9159968000004,2,2,1
105471,35/11-5,2806.0679968000004,2,2,1
105472,35/11-5,2806.2199968000004,2,2,1
105473,35/11-5,2806.3719968,5,2,0
105474,35/11-5,2806.5239968,5,2,0
105475,35/11-5,2806.6759968,5,2,0
105476,35/11-5,2806.8279968,5,2,0
105477,35/11-5,2806.9799968,5,2,0
105478,35/11-5,2807.1319968000003,2,2,1
105479,35/11-5,2807.2839968000003,2,2,1
105480,35/11-5,2807.4359968000003,2,2,1
105481,35/11-5,2807.5879968000004,2,2,1
105482,35/11-5,2807.7399968000004,2,2,1
105483,35/11-5,2807.8919968,2,2,1
105484,35/11-5,2808.0439968,2,2,1
105485,35/11-5,2808.1959968,2,2,1
105486,35/11-5,2808.3479968,2,2,1
105487,35/11-5,2808.4999968,2,2,1
105488,35/11-5,2808.6519968000002,2,2,1
105489,35/11-5,2808.8039968000003,2,2,1
105490,35/11-5,2808.9559968000003,2,2,1
105491,35/11-5,2809.1079968000004,2,2,1
105492,35/11-5,2809.2599968000004,2,2,1
105493,35/11-5,2809.4119968,2,2,1
105494,35/11-5,2809.5639968,2,2,1
105495,35/11-5,2809.7159968,2,2,1
105496,35/11-5,2809.8679968,2,2,1
105497,35/11-5,2810.0199968,2,2,1
105498,35/11-5,2810.1719968,2,2,1
105499,35/11-5,2810.3239968000003,2,2,1
105500,35/11-5,2810.4759968000003,2,2,1
105501,35/11-5,2810.6279968000003,2,2,1
105502,35/11-5,2810.7799968000004,2,2,1
105503,35/11-5,2810.9319968000004,2,2,1
105504,35/11-5,2811.0839968,2,2,1
105505,35/11-5,2811.2359968,2,2,1
105506,35/11-5,2811.3879968,2,2,1
105507,35/11-5,2811.5399968,2,2,1
105508,35/11-5,2811.6919968,2,2,1
105509,35/11-5,2811.8439968000002,2,2,1
105510,35/11-5,2811.9959968000003,2,2,1
105511,35/11-5,2812.1479968000003,2,2,1
105512,35/11-5,2812.2999968000004,2,2,1
105513,35/11-5,2812.4519968000004,2,2,1
105514,35/11-5,2812.6039968,2,2,1
105515,35/11-5,2812.7559968,2,2,1
105516,35/11-5,2812.9079968,2,2,1
105517,35/11-5,2813.0599968,2,2,1
105518,35/11-5,2813.2119968,2,2,1
105519,35/11-5,2813.3639968,2,2,1
105520,35/11-5,2813.5159968000003,2,2,1
105521,35/11-5,2813.6679968000003,2,2,1
105522,35/11-5,2813.8199968000004,2,2,1
105523,35/11-5,2813.9719968000004,2,2,1
105524,35/11-5,2814.1239968000004,2,2,1
105525,35/11-5,2814.2759968,2,2,1
105526,35/11-5,2814.4279968,2,2,1
105527,35/11-5,2814.5799968,2,2,1
105528,35/11-5,2814.7319968,2,2,1
105529,35/11-5,2814.8839968,2,2,1
105530,35/11-5,2815.0359968000002,2,2,1
105531,35/11-5,2815.1879968000003,2,2,1
105532,35/11-5,2815.3399968000003,2,2,1
105533,35/11-5,2815.4919968000004,2,2,1
105534,35/11-5,2815.6439968000004,2,2,1
105535,35/11-5,2815.7959968,2,2,1
105536,35/11-5,2815.9479968,2,2,1
105537,35/11-5,2816.0999968,2,2,1
105538,35/11-5,2816.2519968,2,2,1
105539,35/11-5,2816.4039968,2,2,1
105540,35/11-5,2816.5559968000002,2,2,1
105541,35/11-5,2816.7079968000003,2,2,1
105542,35/11-5,2816.8599968000003,2,2,1
105543,35/11-5,2817.0119968000004,2,2,1
105544,35/11-5,2817.1639968000004,2,2,1
105545,35/11-5,2817.3159968,2,2,1
105546,35/11-5,2817.4679968,2,2,1
105547,35/11-5,2817.6199968,2,2,1
105548,35/11-5,2817.7719968,2,2,1
105549,35/11-5,2817.9239968,2,2,1
105550,35/11-5,2818.0759968,2,2,1
105551,35/11-5,2818.2279968000003,2,2,1
105552,35/11-5,2818.3799968000003,2,2,1
105553,35/11-5,2818.5319968000003,2,2,1
105554,35/11-5,2818.6839968000004,2,2,1
105555,35/11-5,2818.8359968000004,2,2,1
105556,35/11-5,2818.9879968,2,2,1
105557,35/11-5,2819.1399968,2,2,1
105558,35/11-5,2819.2919968,2,2,1
105559,35/11-5,2819.4439968,2,2,1
105560,35/11-5,2819.5959968,2,2,1
105561,35/11-5,2819.7479968000002,2,2,1
105562,35/11-5,2819.8999968000003,2,2,1
105563,35/11-5,2820.0519968000003,2,2,1
105564,35/11-5,2820.2039968000004,2,2,1
105565,35/11-5,2820.3559968000004,2,2,1
105566,35/11-5,2820.5079968,2,2,1
105567,35/11-5,2820.6599968,2,2,1
105568,35/11-5,2820.8119968,2,2,1
105569,35/11-5,2820.9639968,2,2,1
105570,35/11-5,2821.1159968,2,2,1
105571,35/11-5,2821.2679968,2,2,1
105572,35/11-5,2821.4199968000003,2,2,1
105573,35/11-5,2821.5719968000003,2,2,1
105574,35/11-5,2821.7239968000004,2,2,1
105575,35/11-5,2821.8759968000004,2,2,1
105576,35/11-5,2822.0279968000004,2,2,1
105577,35/11-5,2822.1799968,2,2,1
105578,35/11-5,2822.3319968,2,2,1
105579,35/11-5,2822.4839968,2,2,1
105580,35/11-5,2822.6359968,2,2,1
105581,35/11-5,2822.7879968,2,2,1
105582,35/11-5,2822.9399968000002,2,2,1
105583,35/11-5,2823.0919968000003,2,2,1
105584,35/11-5,2823.2439968000003,2,2,1
105585,35/11-5,2823.3959968000004,2,2,1
105586,35/11-5,2823.5479968000004,5,2,0
105587,35/11-5,2823.6999968,5,2,0
105588,35/11-5,2823.8519968,5,2,0
105589,35/11-5,2824.0039968,5,2,0
105590,35/11-5,2824.1559968,5,2,0
105591,35/11-5,2824.3079968,2,2,1
105592,35/11-5,2824.4599968,2,2,1
105593,35/11-5,2824.6119968000003,2,2,1
105594,35/11-5,2824.7639968000003,2,2,1
105595,35/11-5,2824.9159968000004,2,2,1
105596,35/11-5,2825.0679968000004,2,2,1
105597,35/11-5,2825.2199968000004,2,2,1
105598,35/11-5,2825.3719968,2,2,1
105599,35/11-5,2825.5239968,2,2,1
105600,35/11-5,2825.6759968,2,2,1
105601,35/11-5,2825.8279968,2,2,1
105602,35/11-5,2825.9799968,2,2,1
105603,35/11-5,2826.1319968000003,2,2,1
105604,35/11-5,2826.2839968000003,2,2,1
105605,35/11-5,2826.4359968000003,2,2,1
105606,35/11-5,2826.5879968000004,2,2,1
105607,35/11-5,2826.7399968000004,2,2,1
105608,35/11-5,2826.8919968,2,2,1
105609,35/11-5,2827.0439968,2,2,1
105610,35/11-5,2827.1959968,2,2,1
105611,35/11-5,2827.3479968,2,2,1
105612,35/11-5,2827.4999968,5,2,0
105613,35/11-5,2827.6519968000002,5,2,0
105614,35/11-5,2827.8039968000003,5,2,0
105615,35/11-5,2827.9559968000003,5,2,0
105616,35/11-5,2828.1079968000004,2,2,1
105617,35/11-5,2828.2599968000004,2,2,1
105618,35/11-5,2828.4119968,2,2,1
105619,35/11-5,2828.5639968,2,2,1
105620,35/11-5,2828.7159968,2,2,1
105621,35/11-5,2828.8679968,2,2,1
105622,35/11-5,2829.0199968,2,2,1
105623,35/11-5,2829.1719968,2,2,1
105624,35/11-5,2829.3239968000003,2,2,1
105625,35/11-5,2829.4759968000003,2,2,1
105626,35/11-5,2829.6279968000003,2,2,1
105627,35/11-5,2829.7799968000004,2,2,1
105628,35/11-5,2829.9319968000004,2,2,1
105629,35/11-5,2830.0839968,2,2,1
105630,35/11-5,2830.2359968,2,2,1
105631,35/11-5,2830.3879968,2,2,1
105632,35/11-5,2830.5399968,2,2,1
105633,35/11-5,2830.6919968,2,2,1
105634,35/11-5,2830.8439968000002,2,2,1
105635,35/11-5,2830.9959968000003,2,2,1
105636,35/11-5,2831.1479968000003,2,2,1
105637,35/11-5,2831.2999968000004,2,2,1
105638,35/11-5,2831.4519968000004,2,2,1
105639,35/11-5,2831.6039968,2,2,1
105640,35/11-5,2831.7559968,2,2,1
105641,35/11-5,2831.9079968,2,2,1
105642,35/11-5,2832.0599968,2,2,1
105643,35/11-5,2832.2119968,2,2,1
105644,35/11-5,2832.3639968,2,2,1
105645,35/11-5,2832.5159968000003,2,2,1
105646,35/11-5,2832.6679968000003,2,2,1
105647,35/11-5,2832.8199968000004,2,2,1
105648,35/11-5,2832.9719968000004,2,2,1
105649,35/11-5,2833.1239968000004,2,2,1
105650,35/11-5,2833.2759968,2,2,1
105651,35/11-5,2833.4279968,2,2,1
105652,35/11-5,2833.5799968,2,2,1
105653,35/11-5,2833.7319968,2,2,1
105654,35/11-5,2833.8839968,2,2,1
105655,35/11-5,2834.0359968000002,2,2,1
105656,35/11-5,2834.1879968000003,2,2,1
105657,35/11-5,2834.3399968000003,2,2,1
105658,35/11-5,2834.4919968000004,2,2,1
105659,35/11-5,2834.6439968000004,2,2,1
105660,35/11-5,2834.7959968,2,2,1
105661,35/11-5,2834.9479968,2,2,1
105662,35/11-5,2835.0999968,2,2,1
105663,35/11-5,2835.2519968,2,2,1
105664,35/11-5,2835.4039968,2,2,1
105665,35/11-5,2835.5559968000002,2,2,1
105666,35/11-5,2835.7079968000003,2,2,1
105667,35/11-5,2835.8599968000003,2,2,1
105668,35/11-5,2836.0119968000004,2,2,1
105669,35/11-5,2836.1639968000004,2,2,1
105670,35/11-5,2836.3159968,2,2,1
105671,35/11-5,2836.4679968,2,2,1
105672,35/11-5,2836.6199968,2,2,1
105673,35/11-5,2836.7719968,2,2,1
105674,35/11-5,2836.9239968,2,2,1
105675,35/11-5,2837.0759968,2,2,1
105676,35/11-5,2837.2279968000003,2,2,1
105677,35/11-5,2837.3799968000003,2,2,1
105678,35/11-5,2837.5319968000003,2,2,1
105679,35/11-5,2837.6839968000004,2,2,1
105680,35/11-5,2837.8359968000004,2,2,1
105681,35/11-5,2837.9879968,2,2,1
105682,35/11-5,2838.1399968,2,2,1
105683,35/11-5,2838.2919968,2,2,1
105684,35/11-5,2838.4439968,2,2,1
105685,35/11-5,2838.5959968,2,2,1
105686,35/11-5,2838.7479968000002,2,2,1
105687,35/11-5,2838.8999968000003,2,2,1
105688,35/11-5,2839.0519968000003,5,2,0
105689,35/11-5,2839.2039968000004,5,2,0
105690,35/11-5,2839.3559968000004,5,2,0
105691,35/11-5,2839.5079968,2,2,1
105692,35/11-5,2839.6599968,2,2,1
105693,35/11-5,2839.8119968,2,2,1
105694,35/11-5,2839.9639968,2,2,1
105695,35/11-5,2840.1159968,2,2,1
105696,35/11-5,2840.2679968,2,2,1
105697,35/11-5,2840.4199968000003,2,2,1
105698,35/11-5,2840.5719968000003,2,2,1
105699,35/11-5,2840.7239968000004,2,2,1
105700,35/11-5,2840.8759968000004,2,2,1
105701,35/11-5,2841.0279968000004,2,2,1
105702,35/11-5,2841.1799968,2,2,1
105703,35/11-5,2841.3319968,2,2,1
105704,35/11-5,2841.4839968,2,2,1
105705,35/11-5,2841.6359968,2,2,1
105706,35/11-5,2841.7879968,2,2,1
105707,35/11-5,2841.9399968000002,2,2,1
105708,35/11-5,2842.0919968000003,2,2,1
105709,35/11-5,2842.2439968000003,2,2,1
105710,35/11-5,2842.3959968000004,2,2,1
105711,35/11-5,2842.5479968000004,2,2,1
105712,35/11-5,2842.6999968,2,2,1
105713,35/11-5,2842.8519968,2,2,1
105714,35/11-5,2843.0039968,2,2,1
105715,35/11-5,2843.1559968,2,2,1
105716,35/11-5,2843.3079968,2,2,1
105717,35/11-5,2843.4599968,2,2,1
105718,35/11-5,2843.6119968000003,2,2,1
105719,35/11-5,2843.7639968000003,2,2,1
105720,35/11-5,2843.9159968000004,2,2,1
105721,35/11-5,2844.0679968000004,2,2,1
105722,35/11-5,2844.2199968000004,2,2,1
105723,35/11-5,2844.3719968,2,2,1
105724,35/11-5,2844.5239968,2,2,1
105725,35/11-5,2844.6759968,5,2,0
105726,35/11-5,2844.8279968,5,2,0
105727,35/11-5,2844.9799968,5,2,0
105728,35/11-5,2845.1319968000003,5,2,0
105729,35/11-5,2845.2839968000003,2,2,1
105730,35/11-5,2845.4359968000003,2,2,1
105731,35/11-5,2845.5879968000004,2,2,1
105732,35/11-5,2845.7399968000004,2,2,1
105733,35/11-5,2845.8919968,2,2,1
105734,35/11-5,2846.0439968,2,2,1
105735,35/11-5,2846.1959968,2,2,1
105736,35/11-5,2846.3479968,2,2,1
105737,35/11-5,2846.4999968,2,2,1
105738,35/11-5,2846.6519968000002,2,2,1
105739,35/11-5,2846.8039968000003,2,2,1
105740,35/11-5,2846.9559968000003,2,2,1
105741,35/11-5,2847.1079968000004,2,2,1
105742,35/11-5,2847.2599968000004,2,2,1
105743,35/11-5,2847.4119968,2,2,1
105744,35/11-5,2847.5639968,2,2,1
105745,35/11-5,2847.7159968,2,2,1
105746,35/11-5,2847.8679968,2,2,1
105747,35/11-5,2848.0199968,2,2,1
105748,35/11-5,2848.1719968,2,2,1
105749,35/11-5,2848.3239968000003,2,2,1
105750,35/11-5,2848.4759968000003,2,2,1
105751,35/11-5,2848.6279968000003,2,2,1
105752,35/11-5,2848.7799968000004,2,2,1
105753,35/11-5,2848.9319968000004,2,2,1
105754,35/11-5,2849.0839968,2,2,1
105755,35/11-5,2849.2359968,2,2,1
105756,35/11-5,2849.3879968,2,2,1
105757,35/11-5,2849.5399968,2,2,1
105758,35/11-5,2849.6919968,2,2,1
105759,35/11-5,2849.8439968000002,2,2,1
105760,35/11-5,2849.9959968000003,2,2,1
105761,35/11-5,2850.1479968000003,2,2,1
105762,35/11-5,2850.2999968000004,2,2,1
105763,35/11-5,2850.4519968000004,2,2,1
105764,35/11-5,2850.6039968,2,2,1
105765,35/11-5,2850.7559968,2,2,1
105766,35/11-5,2850.9079968,2,2,1
105767,35/11-5,2851.0599968,2,2,1
105768,35/11-5,2851.2119968,2,2,1
105769,35/11-5,2851.3639968,2,2,1
105770,35/11-5,2851.5159968000003,2,2,1
105771,35/11-5,2851.6679968000003,2,2,1
105772,35/11-5,2851.8199968000004,2,2,1
105773,35/11-5,2851.9719968000004,2,2,1
105774,35/11-5,2852.1239968000004,2,2,1
105775,35/11-5,2852.2759968,2,2,1
105776,35/11-5,2852.4279968,2,2,1
105777,35/11-5,2852.5799968,2,2,1
105778,35/11-5,2852.7319968,2,2,1
105779,35/11-5,2852.8839968,2,2,1
105780,35/11-5,2853.0359968000002,2,2,1
105781,35/11-5,2853.1879968000003,5,2,0
105782,35/11-5,2853.3399968000003,5,2,0
105783,35/11-5,2853.4919968000004,5,2,0
105784,35/11-5,2853.6439968000004,5,2,0
105785,35/11-5,2853.7959968,2,2,1
105786,35/11-5,2853.9479968,2,2,1
105787,35/11-5,2854.0999968,2,2,1
105788,35/11-5,2854.2519968,2,2,1
105789,35/11-5,2854.4039968,2,2,1
105790,35/11-5,2854.5559968000002,2,2,1
105791,35/11-5,2854.7079968000003,2,2,1
105792,35/11-5,2854.8599968000003,2,2,1
105793,35/11-5,2855.0119968000004,2,2,1
105794,35/11-5,2855.1639968000004,2,2,1
105795,35/11-5,2855.3159968,2,2,1
105796,35/11-5,2855.4679968,2,2,1
105797,35/11-5,2855.6199968,2,2,1
105798,35/11-5,2855.7719968,2,2,1
105799,35/11-5,2855.9239968,2,2,1
105800,35/11-5,2856.0759968,2,2,1
105801,35/11-5,2856.2279968000003,2,2,1
105802,35/11-5,2856.3799968000003,2,2,1
105803,35/11-5,2856.5319968000003,2,2,1
105804,35/11-5,2856.6839968000004,2,2,1
105805,35/11-5,2856.8359968000004,2,2,1
105806,35/11-5,2856.9879968,2,2,1
105807,35/11-5,2857.1399968,2,2,1
105808,35/11-5,2857.2919968,2,2,1
105809,35/11-5,2857.4439968,5,2,0
105810,35/11-5,2857.5959968,5,2,0
105811,35/11-5,2857.7479968000002,5,2,0
105812,35/11-5,2857.8999968000003,5,2,0
105813,35/11-5,2858.0519968000003,2,2,1
105814,35/11-5,2858.2039968000004,2,2,1
105815,35/11-5,2858.3559968000004,2,2,1
105816,35/11-5,2858.5079968,2,2,1
105817,35/11-5,2858.6599968,2,2,1
105818,35/11-5,2858.8119968,2,2,1
105819,35/11-5,2858.9639968,2,2,1
105820,35/11-5,2859.1159968,2,2,1
105821,35/11-5,2859.2679968,2,2,1
105822,35/11-5,2859.4199968000003,2,2,1
105823,35/11-5,2859.5719968000003,2,2,1
105824,35/11-5,2859.7239968000004,2,2,1
105825,35/11-5,2859.8759968000004,2,2,1
105826,35/11-5,2860.0279968000004,2,2,1
105827,35/11-5,2860.1799968,2,2,1
105828,35/11-5,2860.3319968,2,2,1
105829,35/11-5,2860.4839968,2,2,1
105830,35/11-5,2860.6359968,2,2,1
105831,35/11-5,2860.7879968,2,2,1
105832,35/11-5,2860.9399968000002,2,2,1
105833,35/11-5,2861.0919968000003,2,2,1
105834,35/11-5,2861.2439968000003,2,2,1
105835,35/11-5,2861.3959968000004,2,2,1
105836,35/11-5,2861.5479968000004,2,2,1
105837,35/11-5,2861.6999968,2,2,1
105838,35/11-5,2861.8519968,2,2,1
105839,35/11-5,2862.0039968,2,2,1
105840,35/11-5,2862.1559968,2,2,1
105841,35/11-5,2862.3079968,2,2,1
105842,35/11-5,2862.4599968,2,2,1
105843,35/11-5,2862.6119968000003,2,2,1
105844,35/11-5,2862.7639968000003,2,2,1
105845,35/11-5,2862.9159968000004,2,2,1
105846,35/11-5,2863.0679968000004,2,2,1
105847,35/11-5,2863.2199968000004,2,2,1
105848,35/11-5,2863.3719968,5,2,0
105849,35/11-5,2863.5239968,5,2,0
105850,35/11-5,2863.6759968,5,2,0
105851,35/11-5,2863.8279968,5,2,0
105852,35/11-5,2863.9799968,5,2,0
105853,35/11-5,2864.1319968000003,2,2,1
105854,35/11-5,2864.2839968000003,2,2,1
105855,35/11-5,2864.4359968000003,2,2,1
105856,35/11-5,2864.5879968000004,2,2,1
105857,35/11-5,2864.7399968000004,2,2,1
105858,35/11-5,2864.8919968,2,2,1
105859,35/11-5,2865.0439968,2,2,1
105860,35/11-5,2865.1959968,2,2,1
105861,35/11-5,2865.3479968,2,2,1
105862,35/11-5,2865.4999968,2,2,1
105863,35/11-5,2865.6519968000002,2,2,1
105864,35/11-5,2865.8039968000003,2,2,1
105865,35/11-5,2865.9559968000003,2,2,1
105866,35/11-5,2866.1079968000004,2,2,1
105867,35/11-5,2866.2599968000004,2,2,1
105868,35/11-5,2866.4119968,2,2,1
105869,35/11-5,2866.5639968,2,2,1
105870,35/11-5,2866.7159968,2,2,1
105871,35/11-5,2866.8679968,2,2,1
105872,35/11-5,2867.0199968,2,2,1
105873,35/11-5,2867.1719968,2,2,1
105874,35/11-5,2867.3239968000003,2,2,1
105875,35/11-5,2867.4759968000003,2,2,1
105876,35/11-5,2867.6279968000003,2,2,1
105877,35/11-5,2867.7799968000004,2,2,1
105878,35/11-5,2867.9319968000004,2,2,1
105879,35/11-5,2868.0839968,2,2,1
105880,35/11-5,2868.2359968,2,2,1
105881,35/11-5,2868.3879968,2,2,1
105882,35/11-5,2868.5399968,2,2,1
105883,35/11-5,2868.6919968,2,2,1
105884,35/11-5,2868.8439968000002,2,2,1
105885,35/11-5,2868.9959968000003,2,2,1
105886,35/11-5,2869.1479968000003,2,2,1
105887,35/11-5,2869.2999968000004,2,2,1
105888,35/11-5,2869.4519968000004,2,2,1
105889,35/11-5,2869.6039968,2,2,1
105890,35/11-5,2869.7559968,2,2,1
105891,35/11-5,2869.9079968,2,2,1
105892,35/11-5,2870.0599968,2,2,1
105893,35/11-5,2870.2119968,2,2,1
105894,35/11-5,2870.3639968,2,2,1
105895,35/11-5,2870.5159968000003,2,2,1
105896,35/11-5,2870.6679968000003,2,2,1
105897,35/11-5,2870.8199968000004,2,2,1
105898,35/11-5,2870.9719968000004,2,2,1
105899,35/11-5,2871.1239968000004,2,2,1
105900,35/11-5,2871.2759968,2,2,1
105901,35/11-5,2871.4279968,2,2,1
105902,35/11-5,2871.5799968,2,2,1
105903,35/11-5,2871.7319968,2,2,1
105904,35/11-5,2871.8839968,2,2,1
105905,35/11-5,2872.0359968000002,2,2,1
105906,35/11-5,2872.1879968000003,2,2,1
105907,35/11-5,2872.3399968000003,2,2,1
105908,35/11-5,2872.4919968000004,2,2,1
105909,35/11-5,2872.6439968000004,2,2,1
105910,35/11-5,2872.7959968,2,2,1
105911,35/11-5,2872.9479968,2,2,1
105912,35/11-5,2873.0999968,2,2,1
105913,35/11-5,2873.2519968,2,2,1
105914,35/11-5,2873.4039968,2,2,1
105915,35/11-5,2873.5559968000002,2,2,1
105916,35/11-5,2873.7079968000003,2,2,1
105917,35/11-5,2873.8599968000003,2,2,1
105918,35/11-5,2874.0119968000004,2,2,1
105919,35/11-5,2874.1639968000004,2,2,1
105920,35/11-5,2874.3159968,2,2,1
105921,35/11-5,2874.4679968,2,2,1
105922,35/11-5,2874.6199968,2,2,1
105923,35/11-5,2874.7719968,2,2,1
105924,35/11-5,2874.9239968,2,2,1
105925,35/11-5,2875.0759968,2,2,1
105926,35/11-5,2875.2279968000003,2,5,0
105927,35/11-5,2875.3799968000003,2,5,0
105928,35/11-5,2875.5319968000003,2,5,0
105929,35/11-5,2875.6839968000004,2,5,0
105930,35/11-5,2875.8359968000004,2,2,1
105931,35/11-5,2875.9879968,2,2,1
105932,35/11-5,2876.1399968,2,2,1
105933,35/11-5,2876.2919968,2,2,1
105934,35/11-5,2876.4439968,2,2,1
105935,35/11-5,2876.5959968,2,2,1
105936,35/11-5,2876.7479968000002,2,2,1
105937,35/11-5,2876.8999968000003,2,2,1
105938,35/11-5,2877.0519968000003,2,2,1
105939,35/11-5,2877.2039968000004,2,2,1
105940,35/11-5,2877.3559968000004,2,2,1
105941,35/11-5,2877.5079968,2,2,1
105942,35/11-5,2877.6599968,2,2,1
105943,35/11-5,2877.8119968,2,2,1
105944,35/11-5,2877.9639968,2,2,1
105945,35/11-5,2878.1159968,2,2,1
105946,35/11-5,2878.2679968,2,2,1
105947,35/11-5,2878.4199968000003,2,2,1
105948,35/11-5,2878.5719968000003,2,2,1
105949,35/11-5,2878.7239968000004,2,2,1
105950,35/11-5,2878.8759968000004,2,2,1
105951,35/11-5,2879.0279968000004,2,2,1
105952,35/11-5,2879.1799968,2,2,1
105953,35/11-5,2879.3319968,2,2,1
105954,35/11-5,2879.4839968,2,2,1
105955,35/11-5,2879.6359968,2,2,1
105956,35/11-5,2879.7879968,2,2,1
105957,35/11-5,2879.9399968000002,2,2,1
105958,35/11-5,2880.0919968000003,2,2,1
105959,35/11-5,2880.2439968000003,2,2,1
105960,35/11-5,2880.3959968000004,2,2,1
105961,35/11-5,2880.5479968000004,2,2,1
105962,35/11-5,2880.6999968,2,2,1
105963,35/11-5,2880.8519968,2,2,1
105964,35/11-5,2881.0039968,2,2,1
105965,35/11-5,2881.1559968,2,2,1
105966,35/11-5,2881.3079968,2,2,1
105967,35/11-5,2881.4599968,2,2,1
105968,35/11-5,2881.6119968000003,2,2,1
105969,35/11-5,2881.7639968000003,2,2,1
105970,35/11-5,2881.9159968000004,2,2,1
105971,35/11-5,2882.0679968000004,2,2,1
105972,35/11-5,2882.2199968000004,2,2,1
105973,35/11-5,2882.3719968,2,2,1
105974,35/11-5,2882.5239968,2,2,1
105975,35/11-5,2882.6759968,2,2,1
105976,35/11-5,2882.8279968,2,2,1
105977,35/11-5,2882.9799968,2,2,1
105978,35/11-5,2883.1319968000003,2,2,1
105979,35/11-5,2883.2839968000003,2,2,1
105980,35/11-5,2883.4359968000003,2,2,1
105981,35/11-5,2883.5879968000004,2,2,1
105982,35/11-5,2883.7399968000004,2,2,1
105983,35/11-5,2883.8919968,2,2,1
105984,35/11-5,2884.0439968,2,2,1
105985,35/11-5,2884.1959968,2,2,1
105986,35/11-5,2884.3479968,2,2,1
105987,35/11-5,2884.4999968,2,2,1
105988,35/11-5,2884.6519968000002,2,2,1
105989,35/11-5,2884.8039968000003,2,2,1
105990,35/11-5,2884.9559968000003,2,2,1
105991,35/11-5,2885.1079968000004,2,2,1
105992,35/11-5,2885.2599968000004,2,2,1
105993,35/11-5,2885.4119968,2,2,1
105994,35/11-5,2885.5639968,2,2,1
105995,35/11-5,2885.7159968,2,2,1
105996,35/11-5,2885.8679968,2,2,1
105997,35/11-5,2886.0199968,2,2,1
105998,35/11-5,2886.1719968,2,2,1
105999,35/11-5,2886.3239968000003,2,2,1
106000,35/11-5,2886.4759968000003,2,2,1
106001,35/11-5,2886.6279968000003,2,2,1
106002,35/11-5,2886.7799968000004,2,2,1
106003,35/11-5,2886.9319968000004,2,2,1
106004,35/11-5,2887.0839968,2,2,1
106005,35/11-5,2887.2359968,2,2,1
106006,35/11-5,2887.3879968,2,2,1
106007,35/11-5,2887.5399968,2,2,1
106008,35/11-5,2887.6919968,2,2,1
106009,35/11-5,2887.8439968000002,2,2,1
106010,35/11-5,2887.9959968000003,2,2,1
106011,35/11-5,2888.1479968000003,2,0,0
106012,35/11-5,2888.2999968000004,0,0,1
106013,35/11-5,2888.4519968000004,0,0,1
106014,35/11-5,2888.6039968,0,0,1
106015,35/11-5,2888.7559968,0,0,1
106016,35/11-5,2888.9079968,0,0,1
106017,35/11-5,2889.0599968,0,0,1
106018,35/11-5,2889.2119968,0,0,1
106019,35/11-5,2889.3639968,0,0,1
106020,35/11-5,2889.5159968000003,0,0,1
106021,35/11-5,2889.6679968000003,0,0,1
106022,35/11-5,2889.8199968000004,0,0,1
106023,35/11-5,2889.9719968000004,0,0,1
106024,35/11-5,2890.1239968000004,0,2,0
106025,35/11-5,2890.2759968,0,2,0
106026,35/11-5,2890.4279968,0,2,0
106027,35/11-5,2890.5799968,2,2,1
106028,35/11-5,2890.7319968,2,2,1
106029,35/11-5,2890.8839968,2,2,1
106030,35/11-5,2891.0359968000002,2,2,1
106031,35/11-5,2891.1879968000003,2,2,1
106032,35/11-5,2891.3399968000003,2,2,1
106033,35/11-5,2891.4919968000004,2,2,1
106034,35/11-5,2891.6439968000004,2,2,1
106035,35/11-5,2891.7959968,2,2,1
106036,35/11-5,2891.9479968,2,2,1
106037,35/11-5,2892.0999968,2,2,1
106038,35/11-5,2892.2519968,2,2,1
106039,35/11-5,2892.4039968,2,2,1
106040,35/11-5,2892.5559968000002,2,2,1
106041,35/11-5,2892.7079968000003,2,2,1
106042,35/11-5,2892.8599968000003,2,2,1
106043,35/11-5,2893.0119968000004,2,2,1
106044,35/11-5,2893.1639968000004,2,2,1
106045,35/11-5,2893.3159968,2,2,1
106046,35/11-5,2893.4679968,2,2,1
106047,35/11-5,2893.6199968,2,2,1
106048,35/11-5,2893.7719968,2,2,1
106049,35/11-5,2893.9239968,2,2,1
106050,35/11-5,2894.0759968,2,2,1
106051,35/11-5,2894.2279968000003,2,2,1
106052,35/11-5,2894.3799968000003,2,2,1
106053,35/11-5,2894.5319968000003,2,2,1
106054,35/11-5,2894.6839968000004,2,2,1
106055,35/11-5,2894.8359968000004,2,2,1
106056,35/11-5,2894.9879968,2,2,1
106057,35/11-5,2895.1399968,2,2,1
106058,35/11-5,2895.2919968,2,2,1
106059,35/11-5,2895.4439968,2,2,1
106060,35/11-5,2895.5959968,2,2,1
106061,35/11-5,2895.7479968000002,2,2,1
106062,35/11-5,2895.8999968000003,2,2,1
106063,35/11-5,2896.0519968000003,2,2,1
106064,35/11-5,2896.2039968000004,2,2,1
106065,35/11-5,2896.3559968000004,2,2,1
106066,35/11-5,2896.5079968,2,2,1
106067,35/11-5,2896.6599968,2,2,1
106068,35/11-5,2896.8119968,2,2,1
106069,35/11-5,2896.9639968,2,2,1
106070,35/11-5,2897.1159968,2,1,0
106071,35/11-5,2897.2679968,2,0,0
106072,35/11-5,2897.4199968000003,0,0,1
106073,35/11-5,2897.5719968000003,0,0,1
106074,35/11-5,2897.7239968000004,0,0,1
106075,35/11-5,2897.8759968000004,0,0,1
106076,35/11-5,2898.0279968000004,0,0,1
106077,35/11-5,2898.1799968,0,0,1
106078,35/11-5,2898.3319968,0,0,1
106079,35/11-5,2898.4839968,0,0,1
106080,35/11-5,2898.6359968,0,0,1
106081,35/11-5,2898.7879968,0,0,1
106082,35/11-5,2898.9399968000002,0,0,1
106083,35/11-5,2899.0919968000003,0,0,1
106084,35/11-5,2899.2439968000003,0,0,1
106085,35/11-5,2899.3959968000004,0,0,1
106086,35/11-5,2899.5479968000004,0,0,1
106087,35/11-5,2899.6999968,0,0,1
106088,35/11-5,2899.8519968,0,0,1
106089,35/11-5,2900.0039968,0,0,1
106090,35/11-5,2900.1559968,0,0,1
106091,35/11-5,2900.3079968,0,1,0
106092,35/11-5,2900.4599968,0,2,0
106093,35/11-5,2900.6119968000003,0,2,0
106094,35/11-5,2900.7639968000003,0,2,0
106095,35/11-5,2900.9159968000004,2,2,1
106096,35/11-5,2901.0679968000004,2,2,1
106097,35/11-5,2901.2199968000004,2,2,1
106098,35/11-5,2901.3719968,2,2,1
106099,35/11-5,2901.5239968,2,2,1
106100,35/11-5,2901.6759968,2,2,1
106101,35/11-5,2901.8279968,0,2,0
106102,35/11-5,2901.9799968,0,1,0
106103,35/11-5,2902.1319968000003,0,0,1
106104,35/11-5,2902.2839968000003,0,0,1
106105,35/11-5,2902.4359968000003,0,0,1
106106,35/11-5,2902.5879968000004,0,0,1
106107,35/11-5,2902.7399968000004,0,0,1
106108,35/11-5,2902.8919968,0,0,1
106109,35/11-5,2903.0439968,0,0,1
106110,35/11-5,2903.1959968,0,0,1
106111,35/11-5,2903.3479968,0,0,1
106112,35/11-5,2903.4999968,0,0,1
106113,35/11-5,2903.6519968000002,0,0,1
106114,35/11-5,2903.8039968000003,0,1,0
106115,35/11-5,2903.9559968000003,0,2,0
106116,35/11-5,2904.1079968000004,0,2,0
106117,35/11-5,2904.2599968000004,2,2,1
106118,35/11-5,2904.4119968,2,2,1
106119,35/11-5,2904.5639968,2,2,1
106120,35/11-5,2904.7159968,2,2,1
106121,35/11-5,2904.8679968,2,2,1
106122,35/11-5,2905.0199968,2,2,1
106123,35/11-5,2905.1719968,2,2,1
106124,35/11-5,2905.3239968000003,2,2,1
106125,35/11-5,2905.4759968000003,2,2,1
106126,35/11-5,2905.6279968000003,2,2,1
106127,35/11-5,2905.7799968000004,2,2,1
106128,35/11-5,2905.9319968000004,2,2,1
106129,35/11-5,2906.0839968,2,2,1
106130,35/11-5,2906.2359968,2,2,1
106131,35/11-5,2906.3879968,2,2,1
106132,35/11-5,2906.5399968,2,2,1
106133,35/11-5,2906.6919968,2,2,1
106134,35/11-5,2906.8439968000002,2,2,1
106135,35/11-5,2906.9959968000003,2,2,1
106136,35/11-5,2907.1479968000003,2,2,1
106137,35/11-5,2907.2999968000004,2,2,1
106138,35/11-5,2907.4519968000004,2,2,1
106139,35/11-5,2907.6039968,2,2,1
106140,35/11-5,2907.7559968,2,2,1
106141,35/11-5,2907.9079968,2,2,1
106142,35/11-5,2908.0599968,2,2,1
106143,35/11-5,2908.2119968,2,2,1
106144,35/11-5,2908.3639968,2,2,1
106145,35/11-5,2908.5159968000003,2,2,1
106146,35/11-5,2908.6679968000003,2,2,1
106147,35/11-5,2908.8199968000004,2,2,1
106148,35/11-5,2908.9719968000004,2,2,1
106149,35/11-5,2909.1239968000004,2,2,1
106150,35/11-5,2909.2759968,2,2,1
106151,35/11-5,2909.4279968,2,2,1
106152,35/11-5,2909.5799968,2,2,1
106153,35/11-5,2909.7319968,2,2,1
106154,35/11-5,2909.8839968,2,2,1
106155,35/11-5,2910.0359968000002,2,2,1
106156,35/11-5,2910.1879968000003,2,2,1
106157,35/11-5,2910.3399968000003,2,2,1
106158,35/11-5,2910.4919968000004,2,2,1
106159,35/11-5,2910.6439968000004,2,2,1
106160,35/11-5,2910.7959968,2,2,1
106161,35/11-5,2910.9479968,2,2,1
106162,35/11-5,2911.0999968,2,2,1
106163,35/11-5,2911.2519968,2,2,1
106164,35/11-5,2911.4039968,2,2,1
106165,35/11-5,2911.5559968000002,2,2,1
106166,35/11-5,2911.7079968000003,2,2,1
106167,35/11-5,2911.8599968000003,2,1,0
106168,35/11-5,2912.0119968000004,2,2,1
106169,35/11-5,2912.1639968000004,2,2,1
106170,35/11-5,2912.3159968,2,2,1
106171,35/11-5,2912.4679968,2,2,1
106172,35/11-5,2912.6199968,2,2,1
106173,35/11-5,2912.7719968,2,2,1
106174,35/11-5,2912.9239968,2,2,1
106175,35/11-5,2913.0759968,2,2,1
106176,35/11-5,2913.2279968000003,2,2,1
106177,35/11-5,2913.3799968000003,2,2,1
106178,35/11-5,2913.5319968000003,2,2,1
106179,35/11-5,2913.6839968000004,2,2,1
106180,35/11-5,2913.8359968000004,2,2,1
106181,35/11-5,2913.9879968,2,2,1
106182,35/11-5,2914.1399968,2,2,1
106183,35/11-5,2914.2919968,2,2,1
106184,35/11-5,2914.4439968,2,2,1
106185,35/11-5,2914.5959968,2,2,1
106186,35/11-5,2914.7479968000002,2,2,1
106187,35/11-5,2914.8999968000003,2,2,1
106188,35/11-5,2915.0519968000003,2,2,1
106189,35/11-5,2915.2039968000004,2,2,1
106190,35/11-5,2915.3559968000004,2,2,1
106191,35/11-5,2915.5079968,2,2,1
106192,35/11-5,2915.6599968,2,2,1
106193,35/11-5,2915.8119968,2,2,1
106194,35/11-5,2915.9639968,2,1,0
106195,35/11-5,2916.1159968,2,1,0
106196,35/11-5,2916.2679968,2,0,0
106197,35/11-5,2916.4199968000003,0,0,1
106198,35/11-5,2916.5719968000003,0,0,1
106199,35/11-5,2916.7239968000004,0,0,1
106200,35/11-5,2916.8759968000004,0,0,1
106201,35/11-5,2917.0279968000004,0,0,1
106202,35/11-5,2917.1799968,0,0,1
106203,35/11-5,2917.3319968,0,0,1
106204,35/11-5,2917.4839968,0,0,1
106205,35/11-5,2917.6359968,0,0,1
106206,35/11-5,2917.7879968,0,0,1
106207,35/11-5,2917.9399968000002,0,0,1
106208,35/11-5,2918.0919968000003,0,0,1
106209,35/11-5,2918.2439968000003,0,0,1
106210,35/11-5,2918.3959968000004,0,0,1
106211,35/11-5,2918.5479968000004,0,0,1
106212,35/11-5,2918.6999968,0,0,1
106213,35/11-5,2918.8519968,0,0,1
106214,35/11-5,2919.0039968,0,0,1
106215,35/11-5,2919.1559968,0,0,1
106216,35/11-5,2919.3079968,2,1,0
106217,35/11-5,2919.4599968,2,2,1
106218,35/11-5,2919.6119968000003,2,2,1
106219,35/11-5,2919.7639968000003,2,2,1
106220,35/11-5,2919.9159968000004,2,2,1
106221,35/11-5,2920.0679968000004,2,2,1
106222,35/11-5,2920.2199968000004,2,2,1
106223,35/11-5,2920.3719968,0,2,0
106224,35/11-5,2920.5239968,0,0,1
106225,35/11-5,2920.6759968,0,0,1
106226,35/11-5,2920.8279968,0,0,1
106227,35/11-5,2920.9799968,0,0,1
106228,35/11-5,2921.1319968000003,0,0,1
106229,35/11-5,2921.2839968000003,0,0,1
106230,35/11-5,2921.4359968000003,0,0,1
106231,35/11-5,2921.5879968000004,0,0,1
106232,35/11-5,2921.7399968000004,0,0,1
106233,35/11-5,2921.8919968,0,0,1
106234,35/11-5,2922.0439968,0,0,1
106235,35/11-5,2922.1959968,0,0,1
106236,35/11-5,2922.3479968,0,0,1
106237,35/11-5,2922.4999968,0,0,1
106238,35/11-5,2922.6519968000002,0,0,1
106239,35/11-5,2922.8039968000003,0,0,1
106240,35/11-5,2922.9559968000003,0,0,1
106241,35/11-5,2923.1079968000004,0,0,1
106242,35/11-5,2923.2599968000004,0,0,1
106243,35/11-5,2923.4119968,0,0,1
106244,35/11-5,2923.5639968,0,0,1
106245,35/11-5,2923.7159968,0,0,1
106246,35/11-5,2923.8679968,0,0,1
106247,35/11-5,2924.0199968,0,0,1
106248,35/11-5,2924.1719968,0,0,1
106249,35/11-5,2924.3239968000003,0,0,1
106250,35/11-5,2924.4759968000003,0,0,1
106251,35/11-5,2924.6279968000003,0,0,1
106252,35/11-5,2924.7799968000004,0,0,1
106253,35/11-5,2924.9319968000004,0,1,0
106254,35/11-5,2925.0839968,0,2,0
106255,35/11-5,2925.2359968,0,2,0
106256,35/11-5,2925.3879968,2,2,1
106257,35/11-5,2925.5399968,2,1,0
106258,35/11-5,2925.6919968,2,2,1
106259,35/11-5,2925.8439968000002,2,2,1
106260,35/11-5,2925.9959968000003,2,2,1
106261,35/11-5,2926.1479968000003,2,2,1
106262,35/11-5,2926.2999968000004,2,2,1
106263,35/11-5,2926.4519968000004,2,1,0
106264,35/11-5,2926.6039968,2,2,1
106265,35/11-5,2926.7559968,2,2,1
106266,35/11-5,2926.9079968,2,2,1
106267,35/11-5,2927.0599968,2,2,1
106268,35/11-5,2927.2119968,2,2,1
106269,35/11-5,2927.3639968,2,2,1
106270,35/11-5,2927.5159968000003,2,2,1
106271,35/11-5,2927.6679968000003,2,2,1
106272,35/11-5,2927.8199968000004,2,2,1
106273,35/11-5,2927.9719968000004,2,2,1
106274,35/11-5,2928.1239968000004,2,2,1
106275,35/11-5,2928.2759968,2,2,1
106276,35/11-5,2928.4279968,2,2,1
106277,35/11-5,2928.5799968,2,2,1
106278,35/11-5,2928.7319968,2,2,1
106279,35/11-5,2928.8839968,2,2,1
106280,35/11-5,2929.0359968000002,2,2,1
106281,35/11-5,2929.1879968000003,2,2,1
106282,35/11-5,2929.3399968000003,2,2,1
106283,35/11-5,2929.4919968000004,2,2,1
106284,35/11-5,2929.6439968000004,2,2,1
106285,35/11-5,2929.7959968,2,2,1
106286,35/11-5,2929.9479968,2,2,1
106287,35/11-5,2930.0999968,2,2,1
106288,35/11-5,2930.2519968,2,2,1
106289,35/11-5,2930.4039968,2,2,1
106290,35/11-5,2930.5559968000002,2,2,1
106291,35/11-5,2930.7079968000003,2,2,1
106292,35/11-5,2930.8599968000003,2,2,1
106293,35/11-5,2931.0119968000004,2,2,1
106294,35/11-5,2931.1639968000004,2,2,1
106295,35/11-5,2931.3159968,2,2,1
106296,35/11-5,2931.4679968,2,2,1
106297,35/11-5,2931.6199968,2,2,1
106298,35/11-5,2931.7719968,2,2,1
106299,35/11-5,2931.9239968,2,2,1
106300,35/11-5,2932.0759968,2,2,1
106301,35/11-5,2932.2279968000003,2,2,1
106302,35/11-5,2932.3799968000003,2,2,1
106303,35/11-5,2932.5319968000003,2,2,1
106304,35/11-5,2932.6839968000004,2,2,1
106305,35/11-5,2932.8359968000004,2,2,1
106306,35/11-5,2932.9879968,2,2,1
106307,35/11-5,2933.1399968,2,2,1
106308,35/11-5,2933.2919968,2,2,1
106309,35/11-5,2933.4439968,2,2,1
106310,35/11-5,2933.5959968,2,2,1
106311,35/11-5,2933.7479968000002,2,2,1
106312,35/11-5,2933.8999968000003,2,2,1
106313,35/11-5,2934.0519968000003,2,2,1
106314,35/11-5,2934.2039968000004,2,2,1
106315,35/11-5,2934.3559968000004,2,2,1
106316,35/11-5,2934.5079968,2,2,1
106317,35/11-5,2934.6599968,2,2,1
106318,35/11-5,2934.8119968,2,2,1
106319,35/11-5,2934.9639968,2,2,1
106320,35/11-5,2935.1159968,2,2,1
106321,35/11-5,2935.2679968,2,2,1
106322,35/11-5,2935.4199968000003,2,2,1
106323,35/11-5,2935.5719968000003,2,2,1
106324,35/11-5,2935.7239968000004,2,2,1
106325,35/11-5,2935.8759968000004,2,2,1
106326,35/11-5,2936.0279968000004,2,2,1
106327,35/11-5,2936.1799968,2,2,1
106328,35/11-5,2936.3319968,2,2,1
106329,35/11-5,2936.4839968,2,2,1
106330,35/11-5,2936.6359968,2,2,1
106331,35/11-5,2936.7879968,2,2,1
106332,35/11-5,2936.9399968000002,2,2,1
106333,35/11-5,2937.0919968000003,2,2,1
106334,35/11-5,2937.2439968000003,2,2,1
106335,35/11-5,2937.3959968000004,2,2,1
106336,35/11-5,2937.5479968000004,2,2,1
106337,35/11-5,2937.6999968,2,2,1
106338,35/11-5,2937.8519968,2,2,1
106339,35/11-5,2938.0039968,2,2,1
106340,35/11-5,2938.1559968,2,2,1
106341,35/11-5,2938.3079968,2,1,0
106342,35/11-5,2938.4599968,2,1,0
106343,35/11-5,2938.6119968000003,2,1,0
106344,35/11-5,2938.7639968000003,2,1,0
106345,35/11-5,2938.9159968000004,2,2,1
106346,35/11-5,2939.0679968000004,2,1,0
106347,35/11-5,2939.2199968000004,2,1,0
106348,35/11-5,2939.3719968,2,1,0
106349,35/11-5,2939.5239968,2,1,0
106350,35/11-5,2939.6759968,2,2,1
106351,35/11-5,2939.8279968,2,2,1
106352,35/11-5,2939.9799968,2,2,1
106353,35/11-5,2940.1319968000003,2,2,1
106354,35/11-5,2940.2839968000003,2,2,1
106355,35/11-5,2940.4359968000003,2,2,1
106356,35/11-5,2940.5879968000004,2,2,1
106357,35/11-5,2940.7399968000004,2,2,1
106358,35/11-5,2940.8919968,2,2,1
106359,35/11-5,2941.0439968,2,2,1
106360,35/11-5,2941.1959968,2,2,1
106361,35/11-5,2941.3479968,2,2,1
106362,35/11-5,2941.4999968,2,2,1
106363,35/11-5,2941.6519968000002,2,2,1
106364,35/11-5,2941.8039968000003,2,2,1
106365,35/11-5,2941.9559968000003,2,2,1
106366,35/11-5,2942.1079968000004,2,1,0
106367,35/11-5,2942.2599968000004,2,2,1
106368,35/11-5,2942.4119968,2,1,0
106369,35/11-5,2942.5639968,2,1,0
106370,35/11-5,2942.7159968,2,1,0
106371,35/11-5,2942.8679968,2,2,1
106372,35/11-5,2943.0199968,2,2,1
106373,35/11-5,2943.1719968,2,2,1
106374,35/11-5,2943.3239968000003,2,2,1
106375,35/11-5,2943.4759968000003,2,2,1
106376,35/11-5,2943.6279968000003,2,2,1
106377,35/11-5,2943.7799968000004,2,2,1
106378,35/11-5,2943.9319968000004,2,2,1
106379,35/11-5,2944.0839968,2,2,1
106380,35/11-5,2944.2359968,2,2,1
106381,35/11-5,2944.3879968,2,2,1
106382,35/11-5,2944.5399968,2,2,1
106383,35/11-5,2944.6919968,2,2,1
106384,35/11-5,2944.8439968000002,2,1,0
106385,35/11-5,2944.9959968000003,2,0,0
106386,35/11-5,2945.1479968000003,2,0,0
106387,35/11-5,2945.2999968000004,0,0,1
106388,35/11-5,2945.4519968000004,0,0,1
106389,35/11-5,2945.6039968,0,0,1
106390,35/11-5,2945.7559968,0,0,1
106391,35/11-5,2945.9079968,0,0,1
106392,35/11-5,2946.0599968,0,0,1
106393,35/11-5,2946.2119968,0,0,1
106394,35/11-5,2946.3639968,0,0,1
106395,35/11-5,2946.5159968000003,0,0,1
106396,35/11-5,2946.6679968000003,0,0,1
106397,35/11-5,2946.8199968000004,0,0,1
106398,35/11-5,2946.9719968000004,0,0,1
106399,35/11-5,2947.1239968000004,0,0,1
106400,35/11-5,2947.2759968,0,0,1
106401,35/11-5,2947.4279968,0,0,1
106402,35/11-5,2947.5799968,0,0,1
106403,35/11-5,2947.7319968,0,0,1
106404,35/11-5,2947.8839968,0,0,1
106405,35/11-5,2948.0359968000002,0,0,1
106406,35/11-5,2948.1879968000003,0,0,1
106407,35/11-5,2948.3399968000003,0,0,1
106408,35/11-5,2948.4919968000004,0,0,1
106409,35/11-5,2948.6439968000004,0,0,1
106410,35/11-5,2948.7959968,0,0,1
106411,35/11-5,2948.9479968,0,0,1
106412,35/11-5,2949.0999968,0,1,0
106413,35/11-5,2949.2519968,0,2,0
106414,35/11-5,2949.4039968,2,2,1
106415,35/11-5,2949.5559968000002,2,2,1
106416,35/11-5,2949.7079968000003,2,2,1
106417,35/11-5,2949.8599968000003,2,2,1
106418,35/11-5,2950.0119968000004,2,2,1
106419,35/11-5,2950.1639968000004,2,2,1
106420,35/11-5,2950.3159968,2,2,1
106421,35/11-5,2950.4679968,2,2,1
106422,35/11-5,2950.6199968,2,2,1
106423,35/11-5,2950.7719968,2,2,1
106424,35/11-5,2950.9239968,2,2,1
106425,35/11-5,2951.0759968,2,2,1
106426,35/11-5,2951.2279968000003,2,2,1
106427,35/11-5,2951.3799968000003,2,2,1
106428,35/11-5,2951.5319968000003,2,2,1
106429,35/11-5,2951.6839968000004,2,2,1
106430,35/11-5,2951.8359968000004,2,2,1
106431,35/11-5,2951.9879968,2,2,1
106432,35/11-5,2952.1399968,2,2,1
106433,35/11-5,2952.2919968,2,2,1
106434,35/11-5,2952.4439968,2,2,1
106435,35/11-5,2952.5959968,2,2,1
106436,35/11-5,2952.7479968000002,2,2,1
106437,35/11-5,2952.8999968000003,2,2,1
106438,35/11-5,2953.0519968000003,2,2,1
106439,35/11-5,2953.2039968000004,2,2,1
106440,35/11-5,2953.3559968000004,2,2,1
106441,35/11-5,2953.5079968,2,2,1
106442,35/11-5,2953.6599968,2,2,1
106443,35/11-5,2953.8119968,2,2,1
106444,35/11-5,2953.9639968,2,2,1
106445,35/11-5,2954.1159968,2,2,1
106446,35/11-5,2954.2679968,2,2,1
106447,35/11-5,2954.4199968000003,2,2,1
106448,35/11-5,2954.5719968000003,2,2,1
106449,35/11-5,2954.7239968000004,2,2,1
106450,35/11-5,2954.8759968000004,2,2,1
106451,35/11-5,2955.0279968000004,2,2,1
106452,35/11-5,2955.1799968,2,2,1
106453,35/11-5,2955.3319968,2,2,1
106454,35/11-5,2955.4839968,2,2,1
106455,35/11-5,2955.6359968,2,2,1
106456,35/11-5,2955.7879968,2,2,1
106457,35/11-5,2955.9399968000002,2,2,1
106458,35/11-5,2956.0919968000003,2,2,1
106459,35/11-5,2956.2439968000003,2,2,1
106460,35/11-5,2956.3959968000004,2,2,1
106461,35/11-5,2956.5479968000004,2,2,1
106462,35/11-5,2956.6999968,2,2,1
106463,35/11-5,2956.8519968,2,2,1
106464,35/11-5,2957.0039968,2,2,1
106465,35/11-5,2957.1559968,2,2,1
106466,35/11-5,2957.3079968,2,2,1
106467,35/11-5,2957.4599968,2,2,1
106468,35/11-5,2957.6119968000003,2,2,1
106469,35/11-5,2957.7639968000003,2,2,1
106470,35/11-5,2957.9159968000004,0,2,0
106471,35/11-5,2958.0679968000004,0,2,0
106472,35/11-5,2958.2199968000004,0,2,0
106473,35/11-5,2958.3719968,0,2,0
106474,35/11-5,2958.5239968,2,2,1
106475,35/11-5,2958.6759968,2,2,1
106476,35/11-5,2958.8279968,2,2,1
106477,35/11-5,2958.9799968,2,2,1
106478,35/11-5,2959.1319968000003,2,2,1
106479,35/11-5,2959.2839968000003,2,2,1
106480,35/11-5,2959.4359968000003,2,2,1
106481,35/11-5,2959.5879968000004,2,2,1
106482,35/11-5,2959.7399968000004,2,2,1
106483,35/11-5,2959.8919968,2,2,1
106484,35/11-5,2960.0439968,2,2,1
106485,35/11-5,2960.1959968,2,2,1
106486,35/11-5,2960.3479968,2,2,1
106487,35/11-5,2960.4999968,2,2,1
106488,35/11-5,2960.6519968000002,2,2,1
106489,35/11-5,2960.8039968000003,2,2,1
106490,35/11-5,2960.9559968000003,2,2,1
106491,35/11-5,2961.1079968000004,2,2,1
106492,35/11-5,2961.2599968000004,2,2,1
106493,35/11-5,2961.4119968,2,2,1
106494,35/11-5,2961.5639968,2,2,1
106495,35/11-5,2961.7159968,2,2,1
106496,35/11-5,2961.8679968,2,2,1
106497,35/11-5,2962.0199968,2,2,1
106498,35/11-5,2962.1719968,2,2,1
106499,35/11-5,2962.3239968000003,2,2,1
106500,35/11-5,2962.4759968000003,2,2,1
106501,35/11-5,2962.6279968000003,2,2,1
106502,35/11-5,2962.7799968000004,2,2,1
106503,35/11-5,2962.9319968000004,2,2,1
106504,35/11-5,2963.0839968,2,2,1
106505,35/11-5,2963.2359968,2,2,1
106506,35/11-5,2963.3879968,2,2,1
106507,35/11-5,2963.5399968,2,2,1
106508,35/11-5,2963.6919968,2,2,1
106509,35/11-5,2963.8439968000002,2,2,1
106510,35/11-5,2963.9959968000003,2,2,1
106511,35/11-5,2964.1479968000003,2,2,1
106512,35/11-5,2964.2999968000004,2,2,1
106513,35/11-5,2964.4519968000004,2,2,1
106514,35/11-5,2964.6039968,2,2,1
106515,35/11-5,2964.7559968,2,2,1
106516,35/11-5,2964.9079968,2,2,1
106517,35/11-5,2965.0599968,2,2,1
106518,35/11-5,2965.2119968,2,2,1
106519,35/11-5,2965.3639968,2,2,1
106520,35/11-5,2965.5159968000003,2,2,1
106521,35/11-5,2965.6679968000003,2,2,1
106522,35/11-5,2965.8199968000004,2,2,1
106523,35/11-5,2965.9719968000004,2,2,1
106524,35/11-5,2966.1239968000004,2,2,1
106525,35/11-5,2966.2759968,2,2,1
106526,35/11-5,2966.4279968,2,2,1
106527,35/11-5,2966.5799968,2,2,1
106528,35/11-5,2966.7319968,2,2,1
106529,35/11-5,2966.8839968,2,2,1
106530,35/11-5,2967.0359968000002,2,2,1
106531,35/11-5,2967.1879968000003,2,2,1
106532,35/11-5,2967.3399968000003,2,2,1
106533,35/11-5,2967.4919968000004,2,2,1
106534,35/11-5,2967.6439968000004,2,2,1
106535,35/11-5,2967.7959968,2,2,1
106536,35/11-5,2967.9479968,2,2,1
106537,35/11-5,2968.0999968,2,2,1
106538,35/11-5,2968.2519968,2,2,1
106539,35/11-5,2968.4039968,2,2,1
106540,35/11-5,2968.5559968000002,2,2,1
106541,35/11-5,2968.7079968000003,2,2,1
106542,35/11-5,2968.8599968000003,2,2,1
106543,35/11-5,2969.0119968000004,2,2,1
106544,35/11-5,2969.1639968000004,2,2,1
106545,35/11-5,2969.3159968,2,2,1
106546,35/11-5,2969.4679968,2,2,1
106547,35/11-5,2969.6199968,2,2,1
106548,35/11-5,2969.7719968,2,2,1
106549,35/11-5,2969.9239968,2,2,1
106550,35/11-5,2970.0759968,2,2,1
106551,35/11-5,2970.2279968000003,2,2,1
106552,35/11-5,2970.3799968000003,2,2,1
106553,35/11-5,2970.5319968000003,2,2,1
106554,35/11-5,2970.6839968000004,2,2,1
106555,35/11-5,2970.8359968000004,2,2,1
106556,35/11-5,2970.9879968,2,2,1
106557,35/11-5,2971.1399968,2,2,1
106558,35/11-5,2971.2919968,2,2,1
106559,35/11-5,2971.4439968,2,2,1
106560,35/11-5,2971.5959968,2,2,1
106561,35/11-5,2971.7479968000002,0,2,0
106562,35/11-5,2971.8999968000003,0,2,0
106563,35/11-5,2972.0519968000003,0,2,0
106564,35/11-5,2972.2039968000004,0,2,0
106565,35/11-5,2972.3559968000004,2,2,1
106566,35/11-5,2972.5079968,2,2,1
106567,35/11-5,2972.6599968,2,2,1
106568,35/11-5,2972.8119968,2,2,1
106569,35/11-5,2972.9639968,2,2,1
106570,35/11-5,2973.1159968,2,2,1
106571,35/11-5,2973.2679968,2,2,1
106572,35/11-5,2973.4199968000003,2,2,1
106573,35/11-5,2973.5719968000003,2,2,1
106574,35/11-5,2973.7239968000004,2,2,1
106575,35/11-5,2973.8759968000004,2,2,1
106576,35/11-5,2974.0279968000004,2,2,1
106577,35/11-5,2974.1799968,2,2,1
106578,35/11-5,2974.3319968,2,2,1
106579,35/11-5,2974.4839968,2,2,1
106580,35/11-5,2974.6359968,2,2,1
106581,35/11-5,2974.7879968,2,2,1
106582,35/11-5,2974.9399968000002,2,2,1
106583,35/11-5,2975.0919968000003,2,2,1
106584,35/11-5,2975.2439968000003,2,2,1
106585,35/11-5,2975.3959968000004,2,2,1
106586,35/11-5,2975.5479968000004,2,2,1
106587,35/11-5,2975.6999968,2,2,1
106588,35/11-5,2975.8519968,2,2,1
106589,35/11-5,2976.0039968,2,2,1
106590,35/11-5,2976.1559968,2,2,1
106591,35/11-5,2976.3079968,2,2,1
106592,35/11-5,2976.4599968,2,2,1
106593,35/11-5,2976.6119968000003,2,2,1
106594,35/11-5,2976.7639968000003,2,2,1
106595,35/11-5,2976.9159968000004,2,2,1
106596,35/11-5,2977.0679968000004,2,2,1
106597,35/11-5,2977.2199968000004,2,2,1
106598,35/11-5,2977.3719968,2,2,1
106599,35/11-5,2977.5239968,2,2,1
106600,35/11-5,2977.6759968,2,2,1
106601,35/11-5,2977.8279968,2,2,1
106602,35/11-5,2977.9799968,2,2,1
106603,35/11-5,2978.1319968000003,2,2,1
106604,35/11-5,2978.2839968000003,2,2,1
106605,35/11-5,2978.4359968000003,2,2,1
106606,35/11-5,2978.5879968000004,2,2,1
106607,35/11-5,2978.7399968000004,2,2,1
106608,35/11-5,2978.8919968,2,2,1
106609,35/11-5,2979.0439968,2,2,1
106610,35/11-5,2979.1959968,2,2,1
106611,35/11-5,2979.3479968,2,2,1
106612,35/11-5,2979.4999968,2,2,1
106613,35/11-5,2979.6519968000002,2,2,1
106614,35/11-5,2979.8039968000003,2,2,1
106615,35/11-5,2979.9559968000003,2,2,1
106616,35/11-5,2980.1079968000004,2,2,1
106617,35/11-5,2980.2599968000004,0,2,0
106618,35/11-5,2980.4119968,0,2,0
106619,35/11-5,2980.5639968,0,1,0
106620,35/11-5,2980.7159968,0,1,0
106621,35/11-5,2980.8679968,0,1,0
106622,35/11-5,2981.0199968,0,1,0
106623,35/11-5,2981.1719968,0,2,0
106624,35/11-5,2981.3239968000003,0,2,0
106625,35/11-5,2981.4759968000003,0,2,0
106626,35/11-5,2981.6279968000003,2,2,1
106627,35/11-5,2981.7799968000004,2,2,1
106628,35/11-5,2981.9319968000004,2,2,1
106629,35/11-5,2982.0839968,2,2,1
106630,35/11-5,2982.2359968,2,2,1
106631,35/11-5,2982.3879968,2,2,1
106632,35/11-5,2982.5399968,2,2,1
106633,35/11-5,2982.6919968,2,2,1
106634,35/11-5,2982.8439968000002,2,2,1
106635,35/11-5,2982.9959968000003,2,2,1
106636,35/11-5,2983.1479968000003,2,2,1
106637,35/11-5,2983.2999968000004,2,2,1
106638,35/11-5,2983.4519968000004,2,2,1
106639,35/11-5,2983.6039968,2,2,1
106640,35/11-5,2983.7559968,2,1,0
106641,35/11-5,2983.9079968,2,2,1
106642,35/11-5,2984.0599968,2,2,1
106643,35/11-5,2984.2119968,2,2,1
106644,35/11-5,2984.3639968,2,2,1
106645,35/11-5,2984.5159968000003,2,2,1
106646,35/11-5,2984.6679968000003,2,2,1
106647,35/11-5,2984.8199968000004,2,2,1
106648,35/11-5,2984.9719968000004,2,2,1
106649,35/11-5,2985.1239968000004,2,2,1
106650,35/11-5,2985.2759968,2,2,1
106651,35/11-5,2985.4279968,2,2,1
106652,35/11-5,2985.5799968,2,2,1
106653,35/11-5,2985.7319968,2,2,1
106654,35/11-5,2985.8839968,2,2,1
106655,35/11-5,2986.0359968000002,2,2,1
106656,35/11-5,2986.1879968000003,2,2,1
106657,35/11-5,2986.3399968000003,2,2,1
106658,35/11-5,2986.4919968000004,2,2,1
106659,35/11-5,2986.6439968000004,2,2,1
106660,35/11-5,2986.7959968,2,2,1
106661,35/11-5,2986.9479968,2,2,1
106662,35/11-5,2987.0999968,2,2,1
106663,35/11-5,2987.2519968,2,2,1
106664,35/11-5,2987.4039968,2,2,1
106665,35/11-5,2987.5559968000002,2,2,1
106666,35/11-5,2987.7079968000003,2,2,1
106667,35/11-5,2987.8599968000003,2,2,1
106668,35/11-5,2988.0119968000004,2,2,1
106669,35/11-5,2988.1639968000004,2,2,1
106670,35/11-5,2988.3159968,2,2,1
106671,35/11-5,2988.4679968,2,2,1
106672,35/11-5,2988.6199968,2,2,1
106673,35/11-5,2988.7719968,2,2,1
106674,35/11-5,2988.9239968,2,2,1
106675,35/11-5,2989.0759968,2,2,1
106676,35/11-5,2989.2279968000003,2,2,1
106677,35/11-5,2989.3799968000003,2,2,1
106678,35/11-5,2989.5319968000003,2,2,1
106679,35/11-5,2989.6839968000004,2,2,1
106680,35/11-5,2989.8359968000004,2,2,1
106681,35/11-5,2989.9879968,2,2,1
106682,35/11-5,2990.1399968,2,2,1
106683,35/11-5,2990.2919968,2,2,1
106684,35/11-5,2990.4439968,2,2,1
106685,35/11-5,2990.5959968,2,2,1
106686,35/11-5,2990.7479968000002,2,2,1
106687,35/11-5,2990.8999968000003,2,2,1
106688,35/11-5,2991.0519968000003,2,2,1
106689,35/11-5,2991.2039968000004,2,2,1
106690,35/11-5,2991.3559968000004,2,2,1
106691,35/11-5,2991.5079968,2,2,1
106692,35/11-5,2991.6599968,2,2,1
106693,35/11-5,2991.8119968,2,2,1
106694,35/11-5,2991.9639968,2,2,1
106695,35/11-5,2992.1159968,2,2,1
106696,35/11-5,2992.2679968,2,2,1
106697,35/11-5,2992.4199968000003,2,2,1
106698,35/11-5,2992.5719968000003,2,2,1
106699,35/11-5,2992.7239968000004,2,2,1
106700,35/11-5,2992.8759968000004,2,2,1
106701,35/11-5,2993.0279968000004,2,2,1
106702,35/11-5,2993.1799968,2,2,1
106703,35/11-5,2993.3319968,2,2,1
106704,35/11-5,2993.4839968,2,2,1
106705,35/11-5,2993.6359968,2,2,1
106706,35/11-5,2993.7879968,2,2,1
106707,35/11-5,2993.9399968000002,2,2,1
106708,35/11-5,2994.0919968000003,2,2,1
106709,35/11-5,2994.2439968000003,2,2,1
106710,35/11-5,2994.3959968000004,2,2,1
106711,35/11-5,2994.5479968000004,2,2,1
106712,35/11-5,2994.6999968,2,2,1
106713,35/11-5,2994.8519968,2,2,1
106714,35/11-5,2995.0039968,2,2,1
106715,35/11-5,2995.1559968,2,2,1
106716,35/11-5,2995.3079968,2,2,1
106717,35/11-5,2995.4599968,2,2,1
106718,35/11-5,2995.6119968000003,2,2,1
106719,35/11-5,2995.7639968000003,2,2,1
106720,35/11-5,2995.9159968000004,2,2,1
106721,35/11-5,2996.0679968000004,2,2,1
106722,35/11-5,2996.2199968000004,2,2,1
106723,35/11-5,2996.3719968,2,2,1
106724,35/11-5,2996.5239968,2,2,1
106725,35/11-5,2996.6759968,2,2,1
106726,35/11-5,2996.8279968,2,2,1
106727,35/11-5,2996.9799968,2,2,1
106728,35/11-5,2997.1319968000003,2,2,1
106729,35/11-5,2997.2839968000003,2,2,1
106730,35/11-5,2997.4359968000003,2,2,1
106731,35/11-5,2997.5879968000004,2,2,1
106732,35/11-5,2997.7399968000004,2,2,1
106733,35/11-5,2997.8919968,2,2,1
106734,35/11-5,2998.0439968,2,2,1
106735,35/11-5,2998.1959968,2,2,1
106736,35/11-5,2998.3479968,2,2,1
106737,35/11-5,2998.4999968,2,2,1
106738,35/11-5,2998.6519968000002,2,2,1
106739,35/11-5,2998.8039968000003,2,2,1
106740,35/11-5,2998.9559968000003,2,2,1
106741,35/11-5,2999.1079968000004,2,2,1
106742,35/11-5,2999.2599968000004,2,2,1
106743,35/11-5,2999.4119968,2,2,1
106744,35/11-5,2999.5639968,2,2,1
106745,35/11-5,2999.7159968,2,2,1
106746,35/11-5,2999.8679968,2,2,1
106747,35/11-5,3000.0199968,2,2,1
106748,35/11-5,3000.1719968,2,2,1
106749,35/11-5,3000.3239968000003,2,2,1
106750,35/11-5,3000.4759968000003,2,2,1
106751,35/11-5,3000.6279968000003,2,2,1
106752,35/11-5,3000.7799968000004,2,2,1
106753,35/11-5,3000.9319968000004,2,2,1
106754,35/11-5,3001.0839968,2,2,1
106755,35/11-5,3001.2359968,2,2,1
106756,35/11-5,3001.3879968,2,2,1
106757,35/11-5,3001.5399968,2,2,1
106758,35/11-5,3001.6919968,2,2,1
106759,35/11-5,3001.8439968000002,2,2,1
106760,35/11-5,3001.9959968000003,2,2,1
106761,35/11-5,3002.1479968000003,2,2,1
106762,35/11-5,3002.2999968000004,2,2,1
106763,35/11-5,3002.4519968000004,2,2,1
106764,35/11-5,3002.6039968,2,2,1
106765,35/11-5,3002.7559968,2,2,1
106766,35/11-5,3002.9079968,2,2,1
106767,35/11-5,3003.0599968,2,2,1
106768,35/11-5,3003.2119968,2,2,1
106769,35/11-5,3003.3639968,2,2,1
106770,35/11-5,3003.5159968000003,2,2,1
106771,35/11-5,3003.6679968000003,2,2,1
106772,35/11-5,3003.8199968000004,2,2,1
106773,35/11-5,3003.9719968000004,2,2,1
106774,35/11-5,3004.1239968000004,2,2,1
106775,35/11-5,3004.2759968,2,2,1
106776,35/11-5,3004.4279968,2,2,1
106777,35/11-5,3004.5799968,2,2,1
106778,35/11-5,3004.7319968,2,2,1
106779,35/11-5,3004.8839968,2,2,1
106780,35/11-5,3005.0359968000002,2,2,1
106781,35/11-5,3005.1879968000003,2,2,1
106782,35/11-5,3005.3399968000003,2,2,1
106783,35/11-5,3005.4919968000004,2,2,1
106784,35/11-5,3005.6439968000004,2,2,1
106785,35/11-5,3005.7959968,2,2,1
106786,35/11-5,3005.9479968,2,2,1
106787,35/11-5,3006.0999968,2,1,0
106788,35/11-5,3006.2519968,2,1,0
106789,35/11-5,3006.4039968,2,1,0
106790,35/11-5,3006.5559968000002,2,2,1
106791,35/11-5,3006.7079968000003,2,2,1
106792,35/11-5,3006.8599968000003,2,2,1
106793,35/11-5,3007.0119968000004,2,2,1
106794,35/11-5,3007.1639968000004,2,2,1
106795,35/11-5,3007.3159968,2,2,1
106796,35/11-5,3007.4679968,2,2,1
106797,35/11-5,3007.6199968,2,2,1
106798,35/11-5,3007.7719968,2,2,1
106799,35/11-5,3007.9239968,2,2,1
106800,35/11-5,3008.0759968,2,2,1
106801,35/11-5,3008.2279968000003,2,2,1
106802,35/11-5,3008.3799968000003,2,2,1
106803,35/11-5,3008.5319968000003,2,2,1
106804,35/11-5,3008.6839968000004,2,2,1
106805,35/11-5,3008.8359968000004,2,2,1
106806,35/11-5,3008.9879968,2,2,1
106807,35/11-5,3009.1399968,2,2,1
106808,35/11-5,3009.2919968,2,2,1
106809,35/11-5,3009.4439968,2,2,1
106810,35/11-5,3009.5959968,2,2,1
106811,35/11-5,3009.7479968000002,2,2,1
106812,35/11-5,3009.8999968000003,2,2,1
106813,35/11-5,3010.0519968000003,2,2,1
106814,35/11-5,3010.2039968000004,2,2,1
106815,35/11-5,3010.3559968000004,2,2,1
106816,35/11-5,3010.5079968,2,2,1
106817,35/11-5,3010.6599968,2,2,1
106818,35/11-5,3010.8119968,2,2,1
106819,35/11-5,3010.9639968,2,2,1
106820,35/11-5,3011.1159968,2,2,1
106821,35/11-5,3011.2679968,2,2,1
106822,35/11-5,3011.4199968000003,2,2,1
106823,35/11-5,3011.5719968000003,2,2,1
106824,35/11-5,3011.7239968000004,2,2,1
106825,35/11-5,3011.8759968000004,2,2,1
106826,35/11-5,3012.0279968000004,2,2,1
106827,35/11-5,3012.1799968,2,2,1
106828,35/11-5,3012.3319968,2,2,1
106829,35/11-5,3012.4839968,2,2,1
106830,35/11-5,3012.6359968,2,2,1
106831,35/11-5,3012.7879968,2,2,1
106832,35/11-5,3012.9399968000002,2,2,1
106833,35/11-5,3013.0919968000003,2,2,1
106834,35/11-5,3013.2439968000003,2,2,1
106835,35/11-5,3013.3959968000004,2,2,1
106836,35/11-5,3013.5479968000004,2,2,1
106837,35/11-5,3013.6999968,2,2,1
106838,35/11-5,3013.8519968,2,2,1
106839,35/11-5,3014.0039968,2,2,1
106840,35/11-5,3014.1559968,2,2,1
106841,35/11-5,3014.3079968,2,2,1
106842,35/11-5,3014.4599968,2,2,1
106843,35/11-5,3014.6119968000003,2,2,1
106844,35/11-5,3014.7639968000003,2,2,1
106845,35/11-5,3014.9159968000004,2,2,1
106846,35/11-5,3015.0679968000004,2,2,1
106847,35/11-5,3015.2199968000004,2,2,1
106848,35/11-5,3015.3719968,2,2,1
106849,35/11-5,3015.5239968,2,2,1
106850,35/11-5,3015.6759968,2,2,1
106851,35/11-5,3015.8279968,2,2,1
106852,35/11-5,3015.9799968,2,2,1
106853,35/11-5,3016.1319968000003,2,2,1
106854,35/11-5,3016.2839968000003,2,2,1
106855,35/11-5,3016.4359968000003,2,2,1
106856,35/11-5,3016.5879968000004,2,2,1
106857,35/11-5,3016.7399968000004,2,2,1
106858,35/11-5,3016.8919968,2,2,1
106859,35/11-5,3017.0439968,2,2,1
106860,35/11-5,3017.1959968,2,2,1
106861,35/11-5,3017.3479968,2,2,1
106862,35/11-5,3017.4999968,2,2,1
106863,35/11-5,3017.6519968000002,2,2,1
106864,35/11-5,3017.8039968000003,2,2,1
106865,35/11-5,3017.9559968000003,2,2,1
106866,35/11-5,3018.1079968000004,2,2,1
106867,35/11-5,3018.2599968000004,2,2,1
106868,35/11-5,3018.4119968,2,2,1
106869,35/11-5,3018.5639968,2,2,1
106870,35/11-5,3018.7159968,2,2,1
106871,35/11-5,3018.8679968,2,2,1
106872,35/11-5,3019.0199968,2,2,1
106873,35/11-5,3019.1719968,2,2,1
106874,35/11-5,3019.3239968000003,2,2,1
106875,35/11-5,3019.4759968000003,2,2,1
106876,35/11-5,3019.6279968000003,2,2,1
106877,35/11-5,3019.7799968000004,2,2,1
106878,35/11-5,3019.9319968000004,2,2,1
106879,35/11-5,3020.0839968,2,2,1
106880,35/11-5,3020.2359968,2,2,1
106881,35/11-5,3020.3879968,2,2,1
106882,35/11-5,3020.5399968,2,2,1
106883,35/11-5,3020.6919968,2,2,1
106884,35/11-5,3020.8439968000002,2,2,1
106885,35/11-5,3020.9959968000003,2,2,1
106886,35/11-5,3021.1479968000003,2,2,1
106887,35/11-5,3021.2999968000004,2,2,1
106888,35/11-5,3021.4519968000004,2,2,1
106889,35/11-5,3021.6039968,2,2,1
106890,35/11-5,3021.7559968,2,2,1
106891,35/11-5,3021.9079968,2,2,1
106892,35/11-5,3022.0599968,2,2,1
106893,35/11-5,3022.2119968,2,2,1
106894,35/11-5,3022.3639968,2,2,1
106895,35/11-5,3022.5159968000003,2,2,1
106896,35/11-5,3022.6679968000003,2,2,1
106897,35/11-5,3022.8199968000004,2,2,1
106898,35/11-5,3022.9719968000004,2,2,1
106899,35/11-5,3023.1239968000004,2,2,1
106900,35/11-5,3023.2759968,2,2,1
106901,35/11-5,3023.4279968,2,2,1
106902,35/11-5,3023.5799968,2,2,1
106903,35/11-5,3023.7319968,2,2,1
106904,35/11-5,3023.8839968,2,2,1
106905,35/11-5,3024.0359968000002,2,2,1
106906,35/11-5,3024.1879968000003,2,2,1
106907,35/11-5,3024.3399968000003,2,2,1
106908,35/11-5,3024.4919968000004,2,2,1
106909,35/11-5,3024.6439968000004,2,2,1
106910,35/11-5,3024.7959968,2,2,1
106911,35/11-5,3024.9479968,2,2,1
106912,35/11-5,3025.0999968,2,2,1
106913,35/11-5,3025.2519968,2,2,1
106914,35/11-5,3025.4039968,2,2,1
106915,35/11-5,3025.5559968000002,2,2,1
106916,35/11-5,3025.7079968000003,2,2,1
106917,35/11-5,3025.8599968000003,2,2,1
106918,35/11-5,3026.0119968000004,2,2,1
106919,35/11-5,3026.1639968000004,2,2,1
106920,35/11-5,3026.3159968,2,2,1
106921,35/11-5,3026.4679968,2,2,1
106922,35/11-5,3026.6199968,2,2,1
106923,35/11-5,3026.7719968,2,2,1
106924,35/11-5,3026.9239968,2,2,1
106925,35/11-5,3027.0759968,2,2,1
106926,35/11-5,3027.2279968000003,2,2,1
106927,35/11-5,3027.3799968000003,2,2,1
106928,35/11-5,3027.5319968000003,2,2,1
106929,35/11-5,3027.6839968000004,2,2,1
106930,35/11-5,3027.8359968000004,2,2,1
106931,35/11-5,3027.9879968,2,2,1
106932,35/11-5,3028.1399968,2,2,1
106933,35/11-5,3028.2919968,2,2,1
106934,35/11-5,3028.4439968,2,2,1
106935,35/11-5,3028.5959968,2,2,1
106936,35/11-5,3028.7479968000002,2,2,1
106937,35/11-5,3028.8999968000003,2,2,1
106938,35/11-5,3029.0519968000003,2,2,1
106939,35/11-5,3029.2039968000004,2,2,1
106940,35/11-5,3029.3559968000004,2,2,1
106941,35/11-5,3029.5079968,2,2,1
106942,35/11-5,3029.6599968,2,2,1
106943,35/11-5,3029.8119968,2,2,1
106944,35/11-5,3029.9639968,2,2,1
106945,35/11-5,3030.1159968,2,2,1
106946,35/11-5,3030.2679968,2,2,1
106947,35/11-5,3030.4199968000003,2,2,1
106948,35/11-5,3030.5719968000003,2,2,1
106949,35/11-5,3030.7239968000004,2,2,1
106950,35/11-5,3030.8759968000004,2,2,1
106951,35/11-5,3031.0279968000004,2,2,1
106952,35/11-5,3031.1799968,2,2,1
106953,35/11-5,3031.3319968,2,2,1
106954,35/11-5,3031.4839968,2,2,1
106955,35/11-5,3031.6359968,2,2,1
106956,35/11-5,3031.7879968,2,2,1
106957,35/11-5,3031.9399968000002,2,2,1
106958,35/11-5,3032.0919968000003,2,2,1
106959,35/11-5,3032.2439968000003,2,2,1
106960,35/11-5,3032.3959968000004,2,2,1
106961,35/11-5,3032.5479968000004,2,2,1
106962,35/11-5,3032.6999968,2,2,1
106963,35/11-5,3032.8519968,2,2,1
106964,35/11-5,3033.0039968,2,2,1
106965,35/11-5,3033.1559968,2,2,1
106966,35/11-5,3033.3079968,2,2,1
106967,35/11-5,3033.4599968,2,2,1
106968,35/11-5,3033.6119968000003,2,2,1
106969,35/11-5,3033.7639968000003,2,2,1
106970,35/11-5,3033.9159968000004,2,2,1
106971,35/11-5,3034.0679968000004,2,2,1
106972,35/11-5,3034.2199968000004,2,2,1
106973,35/11-5,3034.3719968,2,2,1
106974,35/11-5,3034.5239968,2,2,1
106975,35/11-5,3034.6759968,2,2,1
106976,35/11-5,3034.8279968,2,2,1
106977,35/11-5,3034.9799968,2,2,1
106978,35/11-5,3035.1319968000003,2,2,1
106979,35/11-5,3035.2839968000003,2,2,1
106980,35/11-5,3035.4359968000003,2,2,1
106981,35/11-5,3035.5879968000004,2,2,1
106982,35/11-5,3035.7399968000004,2,2,1
106983,35/11-5,3035.8919968,2,5,0
106984,35/11-5,3036.0439968,5,5,1
106985,35/11-5,3036.1959968,5,5,1
106986,35/11-5,3036.3479968,5,5,1
106987,35/11-5,3036.4999968,5,5,1
106988,35/11-5,3036.6519968000002,5,5,1
106989,35/11-5,3036.8039968000003,5,1,0
106990,35/11-5,3036.9559968000003,2,2,1
106991,35/11-5,3037.1079968000004,2,2,1
106992,35/11-5,3037.2599968000004,2,2,1
106993,35/11-5,3037.4119968,2,2,1
106994,35/11-5,3037.5639968,2,2,1
106995,35/11-5,3037.7159968,2,2,1
106996,35/11-5,3037.8679968,2,2,1
106997,35/11-5,3038.0199968,2,2,1
106998,35/11-5,3038.1719968,2,2,1
106999,35/11-5,3038.3239968000003,2,2,1
107000,35/11-5,3038.4759968000003,2,2,1
107001,35/11-5,3038.6279968000003,2,2,1
107002,35/11-5,3038.7799968000004,2,2,1
107003,35/11-5,3038.9319968000004,2,2,1
107004,35/11-5,3039.0839968,2,2,1
107005,35/11-5,3039.2359968,2,2,1
107006,35/11-5,3039.3879968,2,2,1
107007,35/11-5,3039.5399968,2,2,1
107008,35/11-5,3039.6919968,2,2,1
107009,35/11-5,3039.8439968000002,2,2,1
107010,35/11-5,3039.9959968000003,2,2,1
107011,35/11-5,3040.1479968000003,2,2,1
107012,35/11-5,3040.2999968000004,2,2,1
107013,35/11-5,3040.4519968000004,2,2,1
107014,35/11-5,3040.6039968,2,2,1
107015,35/11-5,3040.7559968,2,2,1
107016,35/11-5,3040.9079968,2,2,1
107017,35/11-5,3041.0599968,2,2,1
107018,35/11-5,3041.2119968,2,2,1
107019,35/11-5,3041.3639968,2,2,1
107020,35/11-5,3041.5159968000003,2,2,1
107021,35/11-5,3041.6679968000003,2,2,1
107022,35/11-5,3041.8199968000004,2,2,1
107023,35/11-5,3041.9719968000004,2,2,1
107024,35/11-5,3042.1239968000004,2,2,1
107025,35/11-5,3042.2759968,2,2,1
107026,35/11-5,3042.4279968,2,2,1
107027,35/11-5,3042.5799968,2,2,1
107028,35/11-5,3042.7319968,2,2,1
107029,35/11-5,3042.8839968,2,2,1
107030,35/11-5,3043.0359968000002,2,2,1
107031,35/11-5,3043.1879968000003,2,2,1
107032,35/11-5,3043.3399968000003,2,2,1
107033,35/11-5,3043.4919968000004,2,2,1
107034,35/11-5,3043.6439968000004,2,2,1
107035,35/11-5,3043.7959968,2,2,1
107036,35/11-5,3043.9479968,2,2,1
107037,35/11-5,3044.0999968,2,2,1
107038,35/11-5,3044.2519968,2,2,1
107039,35/11-5,3044.4039968,2,2,1
107040,35/11-5,3044.5559968000002,2,2,1
107041,35/11-5,3044.7079968000003,2,2,1
107042,35/11-5,3044.8599968000003,2,2,1
107043,35/11-5,3045.0119968000004,2,2,1
107044,35/11-5,3045.1639968000004,2,2,1
107045,35/11-5,3045.3159968,2,2,1
107046,35/11-5,3045.4679968,2,2,1
107047,35/11-5,3045.6199968,2,2,1
107048,35/11-5,3045.7719968,2,2,1
107049,35/11-5,3045.9239968,2,2,1
107050,35/11-5,3046.0759968,2,2,1
107051,35/11-5,3046.2279968000003,2,2,1
107052,35/11-5,3046.3799968000003,2,2,1
107053,35/11-5,3046.5319968000003,2,2,1
107054,35/11-5,3046.6839968000004,2,2,1
107055,35/11-5,3046.8359968000004,2,2,1
107056,35/11-5,3046.9879968,2,2,1
107057,35/11-5,3047.1399968,2,2,1
107058,35/11-5,3047.2919968,1,2,0
107059,35/11-5,3047.4439968,1,2,0
107060,35/11-5,3047.5959968,1,2,0
107061,35/11-5,3047.7479968000002,2,2,1
107062,35/11-5,3047.8999968000003,2,2,1
107063,35/11-5,3048.0519968000003,2,2,1
107064,35/11-5,3048.2039968000004,2,2,1
107065,35/11-5,3048.3559968000004,2,2,1
107066,35/11-5,3048.5079968,2,2,1
107067,35/11-5,3048.6599968,2,2,1
107068,35/11-5,3048.8119968,2,2,1
107069,35/11-5,3048.9639968,2,2,1
107070,35/11-5,3049.1159968,2,2,1
107071,35/11-5,3049.2679968,2,2,1
107072,35/11-5,3049.4199968000003,2,2,1
107073,35/11-5,3049.5719968000003,2,2,1
107074,35/11-5,3049.7239968000004,2,2,1
107075,35/11-5,3049.8759968000004,2,2,1
107076,35/11-5,3050.0279968000004,2,2,1
107077,35/11-5,3050.1799968,2,2,1
107078,35/11-5,3050.3319968,2,2,1
107079,35/11-5,3050.4839968,2,2,1
107080,35/11-5,3050.6359968,2,2,1
107081,35/11-5,3050.7879968,2,2,1
107082,35/11-5,3050.9399968000002,2,2,1
107083,35/11-5,3051.0919968000003,2,2,1
107084,35/11-5,3051.2439968000003,2,2,1
107085,35/11-5,3051.3959968000004,2,2,1
107086,35/11-5,3051.5479968000004,2,2,1
107087,35/11-5,3051.6999968,2,2,1
107088,35/11-5,3051.8519968,2,2,1
107089,35/11-5,3052.0039968,2,2,1
107090,35/11-5,3052.1559968,2,2,1
107091,35/11-5,3052.3079968,2,2,1
107092,35/11-5,3052.4599968,2,2,1
107093,35/11-5,3052.6119968000003,1,2,0
107094,35/11-5,3052.7639968000003,1,2,0
107095,35/11-5,3052.9159968000004,1,2,0
107096,35/11-5,3053.0679968000004,1,2,0
107097,35/11-5,3053.2199968000004,1,2,0
107098,35/11-5,3053.3719968,1,2,0
107099,35/11-5,3053.5239968,1,2,0
107100,35/11-5,3053.6759968,1,2,0
107101,35/11-5,3053.8279968,2,2,1
107102,35/11-5,3053.9799968,2,2,1
107103,35/11-5,3054.1319968000003,2,2,1
107104,35/11-5,3054.2839968000003,2,2,1
107105,35/11-5,3054.4359968000003,2,2,1
107106,35/11-5,3054.5879968000004,2,2,1
107107,35/11-5,3054.7399968000004,2,2,1
107108,35/11-5,3054.8919968,2,2,1
107109,35/11-5,3055.0439968,2,2,1
107110,35/11-5,3055.1959968,2,2,1
107111,35/11-5,3055.3479968,2,2,1
107112,35/11-5,3055.4999968,2,2,1
107113,35/11-5,3055.6519968000002,2,2,1
107114,35/11-5,3055.8039968000003,2,2,1
107115,35/11-5,3055.9559968000003,2,2,1
107116,35/11-5,3056.1079968000004,2,2,1
107117,35/11-5,3056.2599968000004,2,2,1
107118,35/11-5,3056.4119968,2,2,1
107119,35/11-5,3056.5639968,2,2,1
107120,35/11-5,3056.7159968,2,2,1
107121,35/11-5,3056.8679968,1,2,0
107122,35/11-5,3057.0199968,1,2,0
107123,35/11-5,3057.1719968,1,2,0
107124,35/11-5,3057.3239968000003,1,2,0
107125,35/11-5,3057.4759968000003,1,2,0
107126,35/11-5,3057.6279968000003,1,2,0
107127,35/11-5,3057.7799968000004,1,2,0
107128,35/11-5,3057.9319968000004,1,2,0
107129,35/11-5,3058.0839968,1,2,0
107130,35/11-5,3058.2359968,1,2,0
107131,35/11-5,3058.3879968,1,2,0
107132,35/11-5,3058.5399968,1,2,0
107133,35/11-5,3058.6919968,1,2,0
107134,35/11-5,3058.8439968000002,1,2,0
107135,35/11-5,3058.9959968000003,1,2,0
107136,35/11-5,3059.1479968000003,1,2,0
107137,35/11-5,3059.2999968000004,1,2,0
107138,35/11-5,3059.4519968000004,2,2,1
107139,35/11-5,3059.6039968,2,2,1
107140,35/11-5,3059.7559968,2,2,1
107141,35/11-5,3059.9079968,2,2,1
107142,35/11-5,3060.0599968,2,2,1
107143,35/11-5,3060.2119968,2,2,1
107144,35/11-5,3060.3639968,2,2,1
107145,35/11-5,3060.5159968000003,2,2,1
107146,35/11-5,3060.6679968000003,2,2,1
107147,35/11-5,3060.8199968000004,2,2,1
107148,35/11-5,3060.9719968000004,2,2,1
107149,35/11-5,3061.1239968000004,1,2,0
107150,35/11-5,3061.2759968,1,2,0
107151,35/11-5,3061.4279968,1,2,0
107152,35/11-5,3061.5799968,1,2,0
107153,35/11-5,3061.7319968,1,2,0
107154,35/11-5,3061.8839968,1,2,0
107155,35/11-5,3062.0359968000002,1,2,0
107156,35/11-5,3062.1879968000003,1,2,0
107157,35/11-5,3062.3399968000003,1,2,0
107158,35/11-5,3062.4919968000004,1,2,0
107159,35/11-5,3062.6439968000004,1,2,0
107160,35/11-5,3062.7959968,1,2,0
107161,35/11-5,3062.9479968,1,2,0
107162,35/11-5,3063.0999968,1,2,0
107163,35/11-5,3063.2519968,1,2,0
107164,35/11-5,3063.4039968,1,2,0
107165,35/11-5,3063.5559968000002,1,2,0
107166,35/11-5,3063.7079968000003,1,2,0
107167,35/11-5,3063.8599968000003,1,2,0
107168,35/11-5,3064.0119968000004,1,2,0
107169,35/11-5,3064.1639968000004,1,2,0
107170,35/11-5,3064.3159968,1,2,0
107171,35/11-5,3064.4679968,1,2,0
107172,35/11-5,3064.6199968,1,2,0
107173,35/11-5,3064.7719968,1,2,0
107174,35/11-5,3064.9239968,1,2,0
107175,35/11-5,3065.0759968,1,2,0
107176,35/11-5,3065.2279968000003,1,2,0
107177,35/11-5,3065.3799968000003,1,2,0
107178,35/11-5,3065.5319968000003,1,2,0
107179,35/11-5,3065.6839968000004,1,2,0
107180,35/11-5,3065.8359968000004,1,2,0
107181,35/11-5,3065.9879968,1,2,0
107182,35/11-5,3066.1399968,1,2,0
107183,35/11-5,3066.2919968,1,2,0
107184,35/11-5,3066.4439968,1,2,0
107185,35/11-5,3066.5959968,1,2,0
107186,35/11-5,3066.7479968000002,1,2,0
107187,35/11-5,3066.8999968000003,1,2,0
107188,35/11-5,3067.0519968000003,1,2,0
107189,35/11-5,3067.2039968000004,1,2,0
107190,35/11-5,3067.3559968000004,1,2,0
107191,35/11-5,3067.5079968,1,2,0
107192,35/11-5,3067.6599968,1,2,0
107193,35/11-5,3067.8119968,1,2,0
107194,35/11-5,3067.9639968,1,2,0
107195,35/11-5,3068.1159968,1,2,0
107196,35/11-5,3068.2679968,1,2,0
107197,35/11-5,3068.4199968000003,1,2,0
107198,35/11-5,3068.5719968000003,1,2,0
107199,35/11-5,3068.7239968000004,1,2,0
107200,35/11-5,3068.8759968000004,1,2,0
107201,35/11-5,3069.0279968000004,1,2,0
107202,35/11-5,3069.1799968,1,2,0
107203,35/11-5,3069.3319968,1,2,0
107204,35/11-5,3069.4839968,1,2,0
107205,35/11-5,3069.6359968,1,2,0
107206,35/11-5,3069.7879968,1,2,0
107207,35/11-5,3069.9399968000002,1,2,0
107208,35/11-5,3070.0919968000003,1,2,0
107209,35/11-5,3070.2439968000003,1,2,0
107210,35/11-5,3070.3959968000004,1,2,0
107211,35/11-5,3070.5479968000004,1,2,0
107212,35/11-5,3070.6999968,1,2,0
107213,35/11-5,3070.8519968,1,2,0
107214,35/11-5,3071.0039968,1,2,0
107215,35/11-5,3071.1559968,1,2,0
107216,35/11-5,3071.3079968,1,2,0
107217,35/11-5,3071.4599968,1,2,0
107218,35/11-5,3071.6119968000003,1,2,0
107219,35/11-5,3071.7639968000003,1,2,0
107220,35/11-5,3071.9159968000004,1,2,0
107221,35/11-5,3072.0679968000004,1,2,0
107222,35/11-5,3072.2199968000004,1,2,0
107223,35/11-5,3072.3719968,1,2,0
107224,35/11-5,3072.5239968,1,2,0
107225,35/11-5,3072.6759968,1,2,0
107226,35/11-5,3072.8279968,1,2,0
107227,35/11-5,3072.9799968,1,2,0
107228,35/11-5,3073.1319968000003,1,2,0
107229,35/11-5,3073.2839968000003,1,2,0
107230,35/11-5,3073.4359968000003,1,2,0
107231,35/11-5,3073.5879968000004,1,2,0
107232,35/11-5,3073.7399968000004,1,2,0
107233,35/11-5,3073.8919968,1,2,0
107234,35/11-5,3074.0439968,1,2,0
107235,35/11-5,3074.1959968,1,2,0
107236,35/11-5,3074.3479968,1,2,0
107237,35/11-5,3074.4999968,1,2,0
107238,35/11-5,3074.6519968000002,1,2,0
107239,35/11-5,3074.8039968000003,1,2,0
107240,35/11-5,3074.9559968000003,1,2,0
107241,35/11-5,3075.1079968000004,1,2,0
107242,35/11-5,3075.2599968000004,1,2,0
107243,35/11-5,3075.4119968,1,2,0
107244,35/11-5,3075.5639968,1,2,0
107245,35/11-5,3075.7159968,1,2,0
107246,35/11-5,3075.8679968,1,2,0
107247,35/11-5,3076.0199968,1,2,0
107248,35/11-5,3076.1719968,1,2,0
107249,35/11-5,3076.3239968000003,1,2,0
107250,35/11-5,3076.4759968000003,1,2,0
107251,35/11-5,3076.6279968000003,1,2,0
107252,35/11-5,3076.7799968000004,1,2,0
107253,35/11-5,3076.9319968000004,1,2,0
107254,35/11-5,3077.0839968,1,2,0
107255,35/11-5,3077.2359968,1,2,0
107256,35/11-5,3077.3879968,1,2,0
107257,35/11-5,3077.5399968,1,2,0
107258,35/11-5,3077.6919968,1,2,0
107259,35/11-5,3077.8439968000002,1,2,0
107260,35/11-5,3077.9959968000003,1,2,0
107261,35/11-5,3078.1479968000003,1,2,0
107262,35/11-5,3078.2999968000004,1,2,0
107263,35/11-5,3078.4519968000004,1,2,0
107264,35/11-5,3078.6039968,1,2,0
107265,35/11-5,3078.7559968,1,2,0
107266,35/11-5,3078.9079968,1,2,0
107267,35/11-5,3079.0599968,1,2,0
107268,35/11-5,3079.2119968,1,2,0
107269,35/11-5,3079.3639968,1,2,0
107270,35/11-5,3079.5159968000003,1,2,0
107271,35/11-5,3079.6679968000003,1,2,0
107272,35/11-5,3079.8199968000004,1,2,0
107273,35/11-5,3079.9719968000004,1,2,0
107274,35/11-5,3080.1239968000004,1,2,0
107275,35/11-5,3080.2759968,1,2,0
107276,35/11-5,3080.4279968,1,2,0
107277,35/11-5,3080.5799968,1,2,0
107278,35/11-5,3080.7319968,1,2,0
107279,35/11-5,3080.8839968,1,2,0
107280,35/11-5,3081.0359968000002,1,2,0
107281,35/11-5,3081.1879968000003,1,2,0
107282,35/11-5,3081.3399968000003,1,2,0
107283,35/11-5,3081.4919968000004,1,2,0
107284,35/11-5,3081.6439968000004,1,2,0
107285,35/11-5,3081.7959968,1,2,0
107286,35/11-5,3081.9479968,1,2,0
107287,35/11-5,3082.0999968,1,2,0
107288,35/11-5,3082.2519968,1,2,0
107289,35/11-5,3082.4039968,1,2,0
107290,35/11-5,3082.5559968000002,1,2,0
107291,35/11-5,3082.7079968000003,1,2,0
107292,35/11-5,3082.8599968000003,0,2,0
107293,35/11-5,3083.0119968000004,0,2,0
107294,35/11-5,3083.1639968000004,0,2,0
107295,35/11-5,3083.3159968,0,2,0
107296,35/11-5,3083.4679968,0,2,0
107297,35/11-5,3083.6199968,0,2,0
107298,35/11-5,3083.7719968,1,2,0
107299,35/11-5,3083.9239968,1,2,0
107300,35/11-5,3084.0759968,1,2,0
107301,35/11-5,3084.2279968000003,1,2,0
107302,35/11-5,3084.3799968000003,1,2,0
107303,35/11-5,3084.5319968000003,1,2,0
107304,35/11-5,3084.6839968000004,1,2,0
107305,35/11-5,3084.8359968000004,1,2,0
107306,35/11-5,3084.9879968,1,2,0
107307,35/11-5,3085.1399968,1,2,0
107308,35/11-5,3085.2919968,1,2,0
107309,35/11-5,3085.4439968,1,2,0
107310,35/11-5,3085.5959968,1,2,0
107311,35/11-5,3085.7479968000002,1,2,0
107312,35/11-5,3085.8999968000003,1,2,0
107313,35/11-5,3086.0519968000003,1,2,0
107314,35/11-5,3086.2039968000004,1,2,0
107315,35/11-5,3086.3559968000004,1,2,0
107316,35/11-5,3086.5079968,1,2,0
107317,35/11-5,3086.6599968,1,2,0
107318,35/11-5,3086.8119968,1,2,0
107319,35/11-5,3086.9639968,1,2,0
107320,35/11-5,3087.1159968,1,2,0
107321,35/11-5,3087.2679968,1,2,0
107322,35/11-5,3087.4199968000003,1,2,0
107323,35/11-5,3087.5719968000003,1,2,0
107324,35/11-5,3087.7239968000004,1,2,0
107325,35/11-5,3087.8759968000004,1,2,0
107326,35/11-5,3088.0279968000004,1,2,0
107327,35/11-5,3088.1799968,1,2,0
107328,35/11-5,3088.3319968,2,2,1
107329,35/11-5,3088.4839968,2,2,1
107330,35/11-5,3088.6359968,2,2,1
107331,35/11-5,3088.7879968,2,2,1
107332,35/11-5,3088.9399968000002,2,2,1
107333,35/11-5,3089.0919968000003,2,2,1
107334,35/11-5,3089.2439968000003,2,2,1
107335,35/11-5,3089.3959968000004,2,2,1
107336,35/11-5,3089.5479968000004,2,2,1
107337,35/11-5,3089.6999968,2,2,1
107338,35/11-5,3089.8519968,2,2,1
107339,35/11-5,3090.0039968,2,2,1
107340,35/11-5,3090.1559968,2,2,1
107341,35/11-5,3090.3079968,2,2,1
107342,35/11-5,3090.4599968,2,2,1
107343,35/11-5,3090.6119968000003,2,2,1
107344,35/11-5,3090.7639968000003,2,2,1
107345,35/11-5,3090.9159968000004,2,2,1
107346,35/11-5,3091.0679968000004,2,2,1
107347,35/11-5,3091.2199968000004,2,2,1
107348,35/11-5,3091.3719968,2,2,1
107349,35/11-5,3091.5239968,2,2,1
107350,35/11-5,3091.6759968,2,2,1
107351,35/11-5,3091.8279968,2,2,1
107352,35/11-5,3091.9799968,2,2,1
107353,35/11-5,3092.1319968000003,2,2,1
107354,35/11-5,3092.2839968000003,2,2,1
107355,35/11-5,3092.4359968000003,2,2,1
107356,35/11-5,3092.5879968000004,2,2,1
107357,35/11-5,3092.7399968000004,2,2,1
107358,35/11-5,3092.8919968,2,2,1
107359,35/11-5,3093.0439968,2,2,1
107360,35/11-5,3093.1959968,2,2,1
107361,35/11-5,3093.3479968,2,2,1
107362,35/11-5,3093.4999968,2,2,1
107363,35/11-5,3093.6519968000002,2,2,1
107364,35/11-5,3093.8039968000003,2,2,1
107365,35/11-5,3093.9559968000003,2,2,1
107366,35/11-5,3094.1079968000004,2,2,1
107367,35/11-5,3094.2599968000004,2,2,1
107368,35/11-5,3094.4119968,2,2,1
107369,35/11-5,3094.5639968,2,2,1
107370,35/11-5,3094.7159968,2,2,1
107371,35/11-5,3094.8679968,2,2,1
107372,35/11-5,3095.0199968,2,2,1
107373,35/11-5,3095.1719968,2,2,1
107374,35/11-5,3095.3239968000003,2,2,1
107375,35/11-5,3095.4759968000003,2,2,1
107376,35/11-5,3095.6279968000003,2,2,1
107377,35/11-5,3095.7799968000004,2,2,1
107378,35/11-5,3095.9319968000004,2,2,1
107379,35/11-5,3096.0839968,2,2,1
107380,35/11-5,3096.2359968,2,2,1
107381,35/11-5,3096.3879968,2,2,1
107382,35/11-5,3096.5399968,2,2,1
107383,35/11-5,3096.6919968,2,2,1
107384,35/11-5,3096.8439968000002,2,2,1
107385,35/11-5,3096.9959968000003,2,2,1
107386,35/11-5,3097.1479968000003,2,2,1
107387,35/11-5,3097.2999968000004,2,2,1
107388,35/11-5,3097.4519968000004,2,2,1
107389,35/11-5,3097.6039968,2,2,1
107390,35/11-5,3097.7559968,2,2,1
107391,35/11-5,3097.9079968,2,2,1
107392,35/11-5,3098.0599968,2,2,1
107393,35/11-5,3098.2119968,2,2,1
107394,35/11-5,3098.3639968,2,2,1
107395,35/11-5,3098.5159968000003,2,2,1
107396,35/11-5,3098.6679968000003,2,2,1
107397,35/11-5,3098.8199968000004,2,2,1
107398,35/11-5,3098.9719968000004,2,2,1
107399,35/11-5,3099.1239968000004,2,2,1
107400,35/11-5,3099.2759968,2,2,1
107401,35/11-5,3099.4279968,2,2,1
107402,35/11-5,3099.5799968,2,2,1
107403,35/11-5,3099.7319968,2,2,1
107404,35/11-5,3099.8839968,2,2,1
107405,35/11-5,3100.0359968000002,2,2,1
107406,35/11-5,3100.1879968000003,2,2,1
107407,35/11-5,3100.3399968000003,2,2,1
107408,35/11-5,3100.4919968000004,2,2,1
107409,35/11-5,3100.6439968000004,2,2,1
107410,35/11-5,3100.7959968,2,2,1
107411,35/11-5,3100.9479968,2,2,1
107412,35/11-5,3101.0999968,2,2,1
107413,35/11-5,3101.2519968,2,2,1
107414,35/11-5,3101.4039968,2,2,1
107415,35/11-5,3101.5559968000002,2,2,1
107416,35/11-5,3101.7079968000003,2,2,1
107417,35/11-5,3101.8599968000003,2,2,1
107418,35/11-5,3102.0119968000004,2,2,1
107419,35/11-5,3102.1639968000004,2,2,1
107420,35/11-5,3102.3159968,2,2,1
107421,35/11-5,3102.4679968,2,2,1
107422,35/11-5,3102.6199968,2,2,1
107423,35/11-5,3102.7719968,2,2,1
107424,35/11-5,3102.9239968,2,2,1
107425,35/11-5,3103.0759968,2,2,1
107426,35/11-5,3103.2279968000003,2,2,1
107427,35/11-5,3103.3799968000003,2,2,1
107428,35/11-5,3103.5319968000003,2,2,1
107429,35/11-5,3103.6839968000004,2,2,1
107430,35/11-5,3103.8359968000004,2,2,1
107431,35/11-5,3103.9879968,2,2,1
107432,35/11-5,3104.1399968,2,2,1
107433,35/11-5,3104.2919968,2,2,1
107434,35/11-5,3104.4439968,2,2,1
107435,35/11-5,3104.5959968,2,2,1
107436,35/11-5,3104.7479968000002,2,2,1
107437,35/11-5,3104.8999968000003,2,2,1
107438,35/11-5,3105.0519968000003,2,2,1
107439,35/11-5,3105.2039968000004,2,2,1
107440,35/11-5,3105.3559968000004,2,2,1
107441,35/11-5,3105.5079968,2,2,1
107442,35/11-5,3105.6599968,2,2,1
107443,35/11-5,3105.8119968,2,2,1
107444,35/11-5,3105.9639968,2,2,1
107445,35/11-5,3106.1159968,2,2,1
107446,35/11-5,3106.2679968,2,2,1
107447,35/11-5,3106.4199968000003,2,2,1
107448,35/11-5,3106.5719968000003,2,2,1
107449,35/11-5,3106.7239968000004,2,2,1
107450,35/11-5,3106.8759968000004,2,2,1
107451,35/11-5,3107.0279968000004,2,2,1
107452,35/11-5,3107.1799968,2,2,1
107453,35/11-5,3107.3319968,2,2,1
107454,35/11-5,3107.4839968,2,2,1
107455,35/11-5,3107.6359968,2,2,1
107456,35/11-5,3107.7879968,2,2,1
107457,35/11-5,3107.9399968000002,2,2,1
107458,35/11-5,3108.0919968000003,2,2,1
107459,35/11-5,3108.2439968000003,2,2,1
107460,35/11-5,3108.3959968000004,2,2,1
107461,35/11-5,3108.5479968000004,2,2,1
107462,35/11-5,3108.6999968,2,2,1
107463,35/11-5,3108.8519968,2,2,1
107464,35/11-5,3109.0039968,2,2,1
107465,35/11-5,3109.1559968,2,2,1
107466,35/11-5,3109.3079968,2,2,1
107467,35/11-5,3109.4599968,2,2,1
107468,35/11-5,3109.6119968000003,2,2,1
107469,35/11-5,3109.7639968000003,2,2,1
107470,35/11-5,3109.9159968000004,2,2,1
107471,35/11-5,3110.0679968000004,2,2,1
107472,35/11-5,3110.2199968000004,2,2,1
107473,35/11-5,3110.3719968,2,2,1
107474,35/11-5,3110.5239968,2,2,1
107475,35/11-5,3110.6759968,2,2,1
107476,35/11-5,3110.8279968,2,2,1
107477,35/11-5,3110.9799968,2,2,1
107478,35/11-5,3111.1319968000003,2,2,1
107479,35/11-5,3111.2839968000003,2,2,1
107480,35/11-5,3111.4359968000003,2,2,1
107481,35/11-5,3111.5879968000004,2,2,1
107482,35/11-5,3111.7399968000004,2,2,1
107483,35/11-5,3111.8919968,2,2,1
107484,35/11-5,3112.0439968,2,2,1
107485,35/11-5,3112.1959968,2,2,1
107486,35/11-5,3112.3479968,2,2,1
107487,35/11-5,3112.4999968,2,2,1
107488,35/11-5,3112.6519968000002,2,2,1
107489,35/11-5,3112.8039968000003,2,2,1
107490,35/11-5,3112.9559968000003,2,2,1
107491,35/11-5,3113.1079968000004,2,2,1
107492,35/11-5,3113.2599968000004,2,2,1
107493,35/11-5,3113.4119968,2,2,1
107494,35/11-5,3113.5639968,2,2,1
107495,35/11-5,3113.7159968,2,2,1
107496,35/11-5,3113.8679968,2,2,1
107497,35/11-5,3114.0199968,2,2,1
107498,35/11-5,3114.1719968,2,2,1
107499,35/11-5,3114.3239968000003,2,2,1
107500,35/11-5,3114.4759968000003,2,2,1
107501,35/11-5,3114.6279968000003,2,2,1
107502,35/11-5,3114.7799968000004,2,2,1
107503,35/11-5,3114.9319968000004,2,2,1
107504,35/11-5,3115.0839968,2,2,1
107505,35/11-5,3115.2359968,2,2,1
107506,35/11-5,3115.3879968,2,2,1
107507,35/11-5,3115.5399968,2,2,1
107508,35/11-5,3115.6919968,2,2,1
107509,35/11-5,3115.8439968000002,2,2,1
107510,35/11-5,3115.9959968000003,2,2,1
107511,35/11-5,3116.1479968000003,2,2,1
107512,35/11-5,3116.2999968000004,2,2,1
107513,35/11-5,3116.4519968000004,2,2,1
107514,35/11-5,3116.6039968,2,2,1
107515,35/11-5,3116.7559968,2,2,1
107516,35/11-5,3116.9079968,2,2,1
107517,35/11-5,3117.0599968,2,2,1
107518,35/11-5,3117.2119968,2,2,1
107519,35/11-5,3117.3639968,2,2,1
107520,35/11-5,3117.5159968000003,2,2,1
107521,35/11-5,3117.6679968000003,2,2,1
107522,35/11-5,3117.8199968000004,2,2,1
107523,35/11-5,3117.9719968000004,2,2,1
107524,35/11-5,3118.1239968000004,2,2,1
107525,35/11-5,3118.2759968,2,2,1
107526,35/11-5,3118.4279968,2,2,1
107527,35/11-5,3118.5799968,2,2,1
107528,35/11-5,3118.7319968,2,2,1
107529,35/11-5,3118.8839968,2,2,1
107530,35/11-5,3119.0359968000002,2,2,1
107531,35/11-5,3119.1879968000003,2,2,1
107532,35/11-5,3119.3399968000003,2,2,1
107533,35/11-5,3119.4919968000004,2,2,1
107534,35/11-5,3119.6439968000004,2,2,1
107535,35/11-5,3119.7959968,2,2,1
107536,35/11-5,3119.9479968,2,2,1
107537,35/11-5,3120.0999968,2,2,1
107538,35/11-5,3120.2519968,2,2,1
107539,35/11-5,3120.4039968,2,2,1
107540,35/11-5,3120.5559968000002,2,2,1
107541,35/11-5,3120.7079968000003,2,2,1
107542,35/11-5,3120.8599968000003,2,2,1
107543,35/11-5,3121.0119968000004,2,2,1
107544,35/11-5,3121.1639968000004,2,2,1
107545,35/11-5,3121.3159968,2,2,1
107546,35/11-5,3121.4679968,2,2,1
107547,35/11-5,3121.6199968,2,2,1
107548,35/11-5,3121.7719968,2,2,1
107549,35/11-5,3121.9239968,2,2,1
107550,35/11-5,3122.0759968,2,2,1
107551,35/11-5,3122.2279968000003,2,2,1
107552,35/11-5,3122.3799968000003,2,2,1
107553,35/11-5,3122.5319968000003,2,2,1
107554,35/11-5,3122.6839968000004,2,2,1
107555,35/11-5,3122.8359968000004,2,2,1
107556,35/11-5,3122.9879968,2,2,1
107557,35/11-5,3123.1399968,2,2,1
107558,35/11-5,3123.2919968,2,2,1
107559,35/11-5,3123.4439968,2,2,1
107560,35/11-5,3123.5959968,2,2,1
107561,35/11-5,3123.7479968000002,2,2,1
107562,35/11-5,3123.8999968000003,2,2,1
107563,35/11-5,3124.0519968000003,2,2,1
107564,35/11-5,3124.2039968000004,2,2,1
107565,35/11-5,3124.3559968000004,2,2,1
107566,35/11-5,3124.5079968,2,2,1
107567,35/11-5,3124.6599968,2,2,1
107568,35/11-5,3124.8119968,2,2,1
107569,35/11-5,3124.9639968,2,2,1
107570,35/11-5,3125.1159968,2,2,1
107571,35/11-5,3125.2679968,2,2,1
107572,35/11-5,3125.4199968000003,2,2,1
107573,35/11-5,3125.5719968000003,2,2,1
107574,35/11-5,3125.7239968000004,2,2,1
107575,35/11-5,3125.8759968000004,2,2,1
107576,35/11-5,3126.0279968000004,2,2,1
107577,35/11-5,3126.1799968,2,2,1
107578,35/11-5,3126.3319968,2,2,1
107579,35/11-5,3126.4839968,2,2,1
107580,35/11-5,3126.6359968,2,2,1
107581,35/11-5,3126.7879968,2,2,1
107582,35/11-5,3126.9399968000002,2,2,1
107583,35/11-5,3127.0919968000003,2,2,1
107584,35/11-5,3127.2439968000003,2,2,1
107585,35/11-5,3127.3959968000004,2,2,1
107586,35/11-5,3127.5479968000004,2,2,1
107587,35/11-5,3127.6999968,2,2,1
107588,35/11-5,3127.8519968,2,2,1
107589,35/11-5,3128.0039968,2,2,1
107590,35/11-5,3128.1559968,2,2,1
107591,35/11-5,3128.3079968,2,2,1
107592,35/11-5,3128.4599968,2,2,1
107593,35/11-5,3128.6119968000003,2,2,1
107594,35/11-5,3128.7639968000003,2,2,1
107595,35/11-5,3128.9159968000004,2,2,1
107596,35/11-5,3129.0679968000004,2,2,1
107597,35/11-5,3129.2199968000004,2,2,1
107598,35/11-5,3129.3719968,2,2,1
107599,35/11-5,3129.5239968,2,2,1
107600,35/11-5,3129.6759968,2,2,1
107601,35/11-5,3129.8279968,2,2,1
107602,35/11-5,3129.9799968,2,2,1
107603,35/11-5,3130.1319968000003,2,2,1
107604,35/11-5,3130.2839968000003,2,2,1
107605,35/11-5,3130.4359968000003,2,2,1
107606,35/11-5,3130.5879968000004,2,2,1
107607,35/11-5,3130.7399968000004,2,2,1
107608,35/11-5,3130.8919968,2,2,1
107609,35/11-5,3131.0439968,2,2,1
107610,35/11-5,3131.1959968,2,2,1
107611,35/11-5,3131.3479968,2,2,1
107612,35/11-5,3131.4999968,2,2,1
107613,35/11-5,3131.6519968000002,2,2,1
107614,35/11-5,3131.8039968000003,2,2,1
107615,35/11-5,3131.9559968000003,2,2,1
107616,35/11-5,3132.1079968000004,2,2,1
107617,35/11-5,3132.2599968000004,2,2,1
107618,35/11-5,3132.4119968,2,2,1
107619,35/11-5,3132.5639968,2,2,1
107620,35/11-5,3132.7159968,2,2,1
107621,35/11-5,3132.8679968,2,2,1
107622,35/11-5,3133.0199968,2,2,1
107623,35/11-5,3133.1719968,2,2,1
107624,35/11-5,3133.3239968000003,2,2,1
107625,35/11-5,3133.4759968000003,2,2,1
107626,35/11-5,3133.6279968000003,2,2,1
107627,35/11-5,3133.7799968000004,2,2,1
107628,35/11-5,3133.9319968000004,2,2,1
107629,35/11-5,3134.0839968,2,2,1
107630,35/11-5,3134.2359968,2,2,1
107631,35/11-5,3134.3879968,2,2,1
107632,35/11-5,3134.5399968,2,2,1
107633,35/11-5,3134.6919968,2,2,1
107634,35/11-5,3134.8439968000002,2,2,1
107635,35/11-5,3134.9959968000003,2,2,1
107636,35/11-5,3135.1479968000003,2,2,1
107637,35/11-5,3135.2999968000004,2,2,1
107638,35/11-5,3135.4519968000004,2,2,1
107639,35/11-5,3135.6039968,2,2,1
107640,35/11-5,3135.7559968,2,2,1
107641,35/11-5,3135.9079968,2,2,1
107642,35/11-5,3136.0599968,2,2,1
107643,35/11-5,3136.2119968,2,2,1
107644,35/11-5,3136.3639968,2,2,1
107645,35/11-5,3136.5159968000003,2,2,1
107646,35/11-5,3136.6679968000003,2,2,1
107647,35/11-5,3136.8199968000004,2,2,1
107648,35/11-5,3136.9719968000004,2,2,1
107649,35/11-5,3137.1239968000004,2,2,1
107650,35/11-5,3137.2759968,2,2,1
107651,35/11-5,3137.4279968,2,2,1
107652,35/11-5,3137.5799968,2,2,1
107653,35/11-5,3137.7319968,2,2,1
107654,35/11-5,3137.8839968,2,2,1
107655,35/11-5,3138.0359968000002,2,2,1
107656,35/11-5,3138.1879968000003,2,2,1
107657,35/11-5,3138.3399968000003,2,2,1
107658,35/11-5,3138.4919968000004,2,2,1
107659,35/11-5,3138.6439968000004,2,2,1
107660,35/11-5,3138.7959968,2,2,1
107661,35/11-5,3138.9479968,2,2,1
107662,35/11-5,3139.0999968,2,2,1
107663,35/11-5,3139.2519968,2,2,1
107664,35/11-5,3139.4039968,2,2,1
107665,35/11-5,3139.5559968000002,2,2,1
107666,35/11-5,3139.7079968000003,2,2,1
107667,35/11-5,3139.8599968000003,2,2,1
107668,35/11-5,3140.0119968000004,2,2,1
107669,35/11-5,3140.1639968000004,2,2,1
107670,35/11-5,3140.3159968,2,2,1
107671,35/11-5,3140.4679968,2,2,1
107672,35/11-5,3140.6199968,2,2,1
107673,35/11-5,3140.7719968,2,2,1
107674,35/11-5,3140.9239968,2,2,1
107675,35/11-5,3141.0759968,2,2,1
107676,35/11-5,3141.2279968000003,2,2,1
107677,35/11-5,3141.3799968000003,2,2,1
107678,35/11-5,3141.5319968000003,2,2,1
107679,35/11-5,3141.6839968000004,2,2,1
107680,35/11-5,3141.8359968000004,2,2,1
107681,35/11-5,3141.9879968,2,2,1
107682,35/11-5,3142.1399968,2,2,1
107683,35/11-5,3142.2919968,2,2,1
107684,35/11-5,3142.4439968,2,2,1
107685,35/11-5,3142.5959968,2,2,1
107686,35/11-5,3142.7479968000002,2,2,1
107687,35/11-5,3142.8999968000003,2,2,1
107688,35/11-5,3143.0519968000003,2,2,1
107689,35/11-5,3143.2039968000004,2,2,1
107690,35/11-5,3143.3559968000004,2,2,1
107691,35/11-5,3143.5079968,2,2,1
107692,35/11-5,3143.6599968,2,2,1
107693,35/11-5,3143.8119968,2,2,1
107694,35/11-5,3143.9639968,2,2,1
107695,35/11-5,3144.1159968,2,2,1
107696,35/11-5,3144.2679968,2,2,1
107697,35/11-5,3144.4199968000003,2,2,1
107698,35/11-5,3144.5719968000003,2,2,1
107699,35/11-5,3144.7239968000004,2,2,1
107700,35/11-5,3144.8759968000004,2,2,1
107701,35/11-5,3145.0279968000004,2,2,1
107702,35/11-5,3145.1799968,2,2,1
107703,35/11-5,3145.3319968,2,2,1
107704,35/11-5,3145.4839968,2,2,1
107705,35/11-5,3145.6359968,2,2,1
107706,35/11-5,3145.7879968,2,2,1
107707,35/11-5,3145.9399968000002,2,2,1
107708,35/11-5,3146.0919968000003,2,2,1
107709,35/11-5,3146.2439968000003,2,2,1
107710,35/11-5,3146.3959968000004,2,2,1
107711,35/11-5,3146.5479968000004,2,2,1
107712,35/11-5,3146.6999968,2,2,1
107713,35/11-5,3146.8519968,2,2,1
107714,35/11-5,3147.0039968,2,2,1
107715,35/11-5,3147.1559968,2,2,1
107716,35/11-5,3147.3079968,2,2,1
107717,35/11-5,3147.4599968,2,2,1
107718,35/11-5,3147.6119968000003,2,2,1
107719,35/11-5,3147.7639968000003,2,2,1
107720,35/11-5,3147.9159968000004,2,2,1
107721,35/11-5,3148.0679968000004,2,2,1
107722,35/11-5,3148.2199968000004,2,2,1
107723,35/11-5,3148.3719968,2,2,1
107724,35/11-5,3148.5239968,2,2,1
107725,35/11-5,3148.6759968,2,2,1
107726,35/11-5,3148.8279968,2,2,1
107727,35/11-5,3148.9799968,2,2,1
107728,35/11-5,3149.1319968000003,2,2,1
107729,35/11-5,3149.2839968000003,2,2,1
107730,35/11-5,3149.4359968000003,2,2,1
107731,35/11-5,3149.5879968000004,2,2,1
107732,35/11-5,3149.7399968000004,2,2,1
107733,35/11-5,3149.8919968,2,2,1
107734,35/11-5,3150.0439968,2,2,1
107735,35/11-5,3150.1959968,2,2,1
107736,35/11-5,3150.3479968,2,2,1
107737,35/11-5,3150.4999968,2,2,1
107738,35/11-5,3150.6519968000002,2,2,1
107739,35/11-5,3150.8039968000003,2,2,1
107740,35/11-5,3150.9559968000003,2,2,1
107741,35/11-5,3151.1079968000004,2,2,1
107742,35/11-5,3151.2599968000004,2,2,1
107743,35/11-5,3151.4119968,2,2,1
107744,35/11-5,3151.5639968,2,2,1
107745,35/11-5,3151.7159968,2,2,1
107746,35/11-5,3151.8679968,2,2,1
107747,35/11-5,3152.0199968,2,2,1
107748,35/11-5,3152.1719968,2,2,1
107749,35/11-5,3152.3239968000003,2,2,1
107750,35/11-5,3152.4759968000003,2,2,1
107751,35/11-5,3152.6279968000003,2,2,1
107752,35/11-5,3152.7799968000004,2,2,1
107753,35/11-5,3152.9319968000004,2,2,1
107754,35/11-5,3153.0839968,2,2,1
107755,35/11-5,3153.2359968,2,2,1
107756,35/11-5,3153.3879968,2,2,1
107757,35/11-5,3153.5399968,2,2,1
107758,35/11-5,3153.6919968,2,2,1
107759,35/11-5,3153.8439968000002,2,2,1
107760,35/11-5,3153.9959968000003,2,2,1
107761,35/11-5,3154.1479968000003,2,2,1
107762,35/11-5,3154.2999968000004,2,2,1
107763,35/11-5,3154.4519968000004,2,2,1
107764,35/11-5,3154.6039968,2,2,1
107765,35/11-5,3154.7559968,2,2,1
107766,35/11-5,3154.9079968,2,2,1
107767,35/11-5,3155.0599968,2,2,1
107768,35/11-5,3155.2119968,2,2,1
107769,35/11-5,3155.3639968,2,2,1
107770,35/11-5,3155.5159968000003,2,2,1
107771,35/11-5,3155.6679968000003,2,2,1
107772,35/11-5,3155.8199968000004,2,2,1
107773,35/11-5,3155.9719968000004,2,2,1
107774,35/11-5,3156.1239968000004,2,2,1
107775,35/11-5,3156.2759968,2,2,1
107776,35/11-5,3156.4279968,2,2,1
107777,35/11-5,3156.5799968,2,2,1
107778,35/11-5,3156.7319968,2,2,1
107779,35/11-5,3156.8839968,2,2,1
107780,35/11-5,3157.0359968000002,2,2,1
107781,35/11-5,3157.1879968000003,2,2,1
107782,35/11-5,3157.3399968000003,2,2,1
107783,35/11-5,3157.4919968000004,2,2,1
107784,35/11-5,3157.6439968000004,2,2,1
107785,35/11-5,3157.7959968,2,2,1
107786,35/11-5,3157.9479968,2,2,1
107787,35/11-5,3158.0999968,2,2,1
107788,35/11-5,3158.2519968,2,2,1
107789,35/11-5,3158.4039968,2,2,1
107790,35/11-5,3158.5559968000002,2,2,1
107791,35/11-5,3158.7079968000003,2,2,1
107792,35/11-5,3158.8599968000003,2,2,1
107793,35/11-5,3159.0119968000004,2,2,1
107794,35/11-5,3159.1639968000004,2,2,1
107795,35/11-5,3159.3159968,2,2,1
107796,35/11-5,3159.4679968,2,2,1
107797,35/11-5,3159.6199968,2,2,1
107798,35/11-5,3159.7719968,2,2,1
107799,35/11-5,3159.9239968,2,2,1
107800,35/11-5,3160.0759968,2,2,1
107801,35/11-5,3160.2279968000003,2,2,1
107802,35/11-5,3160.3799968000003,2,2,1
107803,35/11-5,3160.5319968000003,2,2,1
107804,35/11-5,3160.6839968000004,2,2,1
107805,35/11-5,3160.8359968000004,2,2,1
107806,35/11-5,3160.9879968,2,2,1
107807,35/11-5,3161.1399968,2,2,1
107808,35/11-5,3161.2919968,2,2,1
107809,35/11-5,3161.4439968,2,2,1
107810,35/11-5,3161.5959968,2,2,1
107811,35/11-5,3161.7479968000002,2,2,1
107812,35/11-5,3161.8999968000003,2,2,1
107813,35/11-5,3162.0519968000003,2,2,1
107814,35/11-5,3162.2039968000004,2,2,1
107815,35/11-5,3162.3559968000004,2,2,1
107816,35/11-5,3162.5079968,2,2,1
107817,35/11-5,3162.6599968,2,2,1
107818,35/11-5,3162.8119968,2,2,1
107819,35/11-5,3162.9639968,2,2,1
107820,35/11-5,3163.1159968,2,2,1
107821,35/11-5,3163.2679968,2,2,1
107822,35/11-5,3163.4199968000003,2,2,1
107823,35/11-5,3163.5719968000003,2,2,1
107824,35/11-5,3163.7239968000004,2,2,1
107825,35/11-5,3163.8759968000004,2,2,1
107826,35/11-5,3164.0279968000004,2,2,1
107827,35/11-5,3164.1799968,2,2,1
107828,35/11-5,3164.3319968,2,2,1
107829,35/11-5,3164.4839968,2,2,1
107830,35/11-5,3164.6359968,2,2,1
107831,35/11-5,3164.7879968,2,2,1
107832,35/11-5,3164.9399968000002,2,2,1
107833,35/11-5,3165.0919968000003,2,2,1
107834,35/11-5,3165.2439968000003,2,2,1
107835,35/11-5,3165.3959968000004,2,2,1
107836,35/11-5,3165.5479968000004,2,2,1
107837,35/11-5,3165.6999968,2,2,1
107838,35/11-5,3165.8519968,2,2,1
107839,35/11-5,3166.0039968,2,2,1
107840,35/11-5,3166.1559968,2,2,1
107841,35/11-5,3166.3079968,2,2,1
107842,35/11-5,3166.4599968,2,2,1
107843,35/11-5,3166.6119968000003,2,2,1
107844,35/11-5,3166.7639968000003,2,2,1
107845,35/11-5,3166.9159968000004,2,2,1
107846,35/11-5,3167.0679968000004,2,2,1
107847,35/11-5,3167.2199968000004,2,2,1
107848,35/11-5,3167.3719968,2,2,1
107849,35/11-5,3167.5239968,2,2,1
107850,35/11-5,3167.6759968,2,2,1
107851,35/11-5,3167.8279968,2,2,1
107852,35/11-5,3167.9799968,2,2,1
107853,35/11-5,3168.1319968000003,2,2,1
107854,35/11-5,3168.2839968000003,2,2,1
107855,35/11-5,3168.4359968000003,2,2,1
107856,35/11-5,3168.5879968000004,2,2,1
107857,35/11-5,3168.7399968000004,2,2,1
107858,35/11-5,3168.8919968,2,2,1
107859,35/11-5,3169.0439968,2,2,1
107860,35/11-5,3169.1959968,2,2,1
107861,35/11-5,3169.3479968,2,2,1
107862,35/11-5,3169.4999968,2,2,1
107863,35/11-5,3169.6519968000002,2,2,1
107864,35/11-5,3169.8039968000003,2,2,1
107865,35/11-5,3169.9559968000003,2,2,1
107866,35/11-5,3170.1079968000004,2,2,1
107867,35/11-5,3170.2599968000004,2,2,1
107868,35/11-5,3170.4119968,2,2,1
107869,35/11-5,3170.5639968,2,2,1
107870,35/11-5,3170.7159968,2,2,1
107871,35/11-5,3170.8679968,2,2,1
107872,35/11-5,3171.0199968,2,2,1
107873,35/11-5,3171.1719968,2,2,1
107874,35/11-5,3171.3239968000003,2,2,1
107875,35/11-5,3171.4759968000003,2,2,1
107876,35/11-5,3171.6279968000003,2,2,1
107877,35/11-5,3171.7799968000004,2,2,1
107878,35/11-5,3171.9319968000004,2,2,1
107879,35/11-5,3172.0839968,2,2,1
107880,35/11-5,3172.2359968,2,2,1
107881,35/11-5,3172.3879968,2,2,1
107882,35/11-5,3172.5399968,2,2,1
107883,35/11-5,3172.6919968,2,2,1
107884,35/11-5,3172.8439968000002,2,2,1
107885,35/11-5,3172.9959968000003,2,2,1
107886,35/11-5,3173.1479968000003,2,2,1
107887,35/11-5,3173.2999968000004,2,2,1
107888,35/11-5,3173.4519968000004,2,2,1
107889,35/11-5,3173.6039968,2,2,1
107890,35/11-5,3173.7559968,2,2,1
107891,35/11-5,3173.9079968,2,2,1
107892,35/11-5,3174.0599968,2,2,1
107893,35/11-5,3174.2119968,2,2,1
107894,35/11-5,3174.3639968,2,2,1
107895,35/11-5,3174.5159968000003,2,2,1
107896,35/11-5,3174.6679968000003,2,2,1
107897,35/11-5,3174.8199968000004,2,2,1
107898,35/11-5,3174.9719968000004,2,2,1
107899,35/11-5,3175.1239968000004,2,2,1
107900,35/11-5,3175.2759968,2,2,1
107901,35/11-5,3175.4279968,2,2,1
107902,35/11-5,3175.5799968,2,2,1
107903,35/11-5,3175.7319968,2,2,1
107904,35/11-5,3175.8839968,2,2,1
107905,35/11-5,3176.0359968000002,2,2,1
107906,35/11-5,3176.1879968000003,2,2,1
107907,35/11-5,3176.3399968000003,2,2,1
107908,35/11-5,3176.4919968000004,2,2,1
107909,35/11-5,3176.6439968000004,2,2,1
107910,35/11-5,3176.7959968,2,2,1
107911,35/11-5,3176.9479968,2,2,1
107912,35/11-5,3177.0999968,2,2,1
107913,35/11-5,3177.2519968,2,2,1
107914,35/11-5,3177.4039968,2,2,1
107915,35/11-5,3177.5559968000002,2,2,1
107916,35/11-5,3177.7079968000003,2,2,1
107917,35/11-5,3177.8599968000003,2,2,1
107918,35/11-5,3178.0119968000004,2,2,1
107919,35/11-5,3178.1639968000004,2,2,1
107920,35/11-5,3178.3159968,2,2,1
107921,35/11-5,3178.4679968,2,2,1
107922,35/11-5,3178.6199968,2,2,1
107923,35/11-5,3178.7719968,2,2,1
107924,35/11-5,3178.9239968,2,2,1
107925,35/11-5,3179.0759968,2,2,1
107926,35/11-5,3179.2279968000003,2,2,1
107927,35/11-5,3179.3799968000003,2,2,1
107928,35/11-5,3179.5319968000003,2,2,1
107929,35/11-5,3179.6839968000004,2,2,1
107930,35/11-5,3179.8359968000004,2,2,1
107931,35/11-5,3179.9879968,2,2,1
107932,35/11-5,3180.1399968,2,2,1
107933,35/11-5,3180.2919968,2,2,1
107934,35/11-5,3180.4439968,2,2,1
107935,35/11-5,3180.5959968,2,2,1
107936,35/11-5,3180.7479968000002,2,2,1
107937,35/11-5,3180.8999968000003,2,2,1
107938,35/11-5,3181.0519968000003,2,2,1
107939,35/11-5,3181.2039968000004,2,2,1
107940,35/11-5,3181.3559968000004,2,2,1
107941,35/11-5,3181.5079968,2,2,1
107942,35/11-5,3181.6599968,2,2,1
107943,35/11-5,3181.8119968,2,2,1
107944,35/11-5,3181.9639968,2,2,1
107945,35/11-5,3182.1159968,2,2,1
107946,35/11-5,3182.2679968,2,2,1
107947,35/11-5,3182.4199968000003,2,2,1
107948,35/11-5,3182.5719968000003,2,2,1
107949,35/11-5,3182.7239968000004,2,2,1
107950,35/11-5,3182.8759968000004,2,2,1
107951,35/11-5,3183.0279968000004,2,2,1
107952,35/11-5,3183.1799968,2,2,1
107953,35/11-5,3183.3319968,2,2,1
107954,35/11-5,3183.4839968,2,2,1
107955,35/11-5,3183.6359968,2,2,1
107956,35/11-5,3183.7879968,2,2,1
107957,35/11-5,3183.9399968000002,2,2,1
107958,35/11-5,3184.0919968000003,2,2,1
107959,35/11-5,3184.2439968000003,2,2,1
107960,35/11-5,3184.3959968000004,2,2,1
107961,35/11-5,3184.5479968000004,2,2,1
107962,35/11-5,3184.6999968,2,2,1
107963,35/11-5,3184.8519968,2,2,1
107964,35/11-5,3185.0039968,2,2,1
107965,35/11-5,3185.1559968,2,2,1
107966,35/11-5,3185.3079968,2,2,1
107967,35/11-5,3185.4599968,2,2,1
107968,35/11-5,3185.6119968000003,2,2,1
107969,35/11-5,3185.7639968000003,2,2,1
107970,35/11-5,3185.9159968000004,2,2,1
107971,35/11-5,3186.0679968000004,2,2,1
107972,35/11-5,3186.2199968000004,2,2,1
107973,35/11-5,3186.3719968,2,2,1
107974,35/11-5,3186.5239968,2,2,1
107975,35/11-5,3186.6759968,2,2,1
107976,35/11-5,3186.8279968,2,2,1
107977,35/11-5,3186.9799968,2,2,1
107978,35/11-5,3187.1319968000003,2,2,1
107979,35/11-5,3187.2839968000003,2,2,1
107980,35/11-5,3187.4359968000003,2,2,1
107981,35/11-5,3187.5879968000004,2,2,1
107982,35/11-5,3187.7399968000004,2,2,1
107983,35/11-5,3187.8919968,2,2,1
107984,35/11-5,3188.0439968,2,2,1
107985,35/11-5,3188.1959968,2,2,1
107986,35/11-5,3188.3479968,2,2,1
107987,35/11-5,3188.4999968,2,2,1
107988,35/11-5,3188.6519968000002,2,2,1
107989,35/11-5,3188.8039968000003,2,2,1
107990,35/11-5,3188.9559968000003,2,2,1
107991,35/11-5,3189.1079968000004,2,1,0
107992,35/11-5,3189.2599968000004,0,5,0
107993,35/11-5,3189.4119968,0,1,0
107994,35/11-5,3189.5639968,0,1,0
107995,35/11-5,3189.7159968,0,2,0
107996,35/11-5,3189.8679968,2,2,1
107997,35/11-5,3190.0199968,2,2,1
107998,35/11-5,3190.1719968,2,2,1
107999,35/11-5,3190.3239968000003,2,2,1
108000,35/11-5,3190.4759968000003,2,2,1
108001,35/11-5,3190.6279968000003,0,1,0
108002,35/11-5,3190.7799968000004,0,1,0
108003,35/11-5,3190.9319968000004,0,1,0
108004,35/11-5,3191.0839968,0,1,0
108005,35/11-5,3191.2359968,0,1,0
108006,35/11-5,3191.3879968,0,1,0
108007,35/11-5,3191.5399968,0,2,0
108008,35/11-5,3191.6919968,0,2,0
108009,35/11-5,3191.8439968000002,0,2,0
108010,35/11-5,3191.9959968000003,0,2,0
108011,35/11-5,3192.1479968000003,0,2,0
108012,35/11-5,3192.2999968000004,0,2,0
108013,35/11-5,3192.4519968000004,0,2,0
108014,35/11-5,3192.6039968,0,2,0
108015,35/11-5,3192.7559968,0,2,0
108016,35/11-5,3192.9079968,0,2,0
108017,35/11-5,3193.0599968,0,2,0
108018,35/11-5,3193.2119968,0,2,0
108019,35/11-5,3193.3639968,0,2,0
108020,35/11-5,3193.5159968000003,2,2,1
108021,35/11-5,3193.6679968000003,2,2,1
108022,35/11-5,3193.8199968000004,2,2,1
108023,35/11-5,3193.9719968000004,2,2,1
108024,35/11-5,3194.1239968000004,2,2,1
108025,35/11-5,3194.2759968,2,2,1
108026,35/11-5,3194.4279968,2,2,1
108027,35/11-5,3194.5799968,2,2,1
108028,35/11-5,3194.7319968,2,2,1
108029,35/11-5,3194.8839968,2,2,1
108030,35/11-5,3195.0359968000002,2,2,1
108031,35/11-5,3195.1879968000003,2,2,1
108032,35/11-5,3195.3399968000003,2,2,1
108033,35/11-5,3195.4919968000004,2,2,1
108034,35/11-5,3195.6439968000004,2,2,1
108035,35/11-5,3195.7959968,2,2,1
108036,35/11-5,3195.9479968,2,2,1
108037,35/11-5,3196.0999968,2,2,1
108038,35/11-5,3196.2519968,2,2,1
108039,35/11-5,3196.4039968,2,2,1
108040,35/11-5,3196.5559968000002,2,2,1
108041,35/11-5,3196.7079968000003,2,2,1
108042,35/11-5,3196.8599968000003,2,2,1
108043,35/11-5,3197.0119968000004,2,2,1
108044,35/11-5,3197.1639968000004,2,2,1
108045,35/11-5,3197.3159968,2,2,1
108046,35/11-5,3197.4679968,2,2,1
108047,35/11-5,3197.6199968,2,2,1
108048,35/11-5,3197.7719968,2,2,1
108049,35/11-5,3197.9239968,2,2,1
108050,35/11-5,3198.0759968,2,2,1
108051,35/11-5,3198.2279968000003,2,2,1
108052,35/11-5,3198.3799968000003,2,2,1
108053,35/11-5,3198.5319968000003,2,2,1
108054,35/11-5,3198.6839968000004,2,2,1
108055,35/11-5,3198.8359968000004,2,2,1
108056,35/11-5,3198.9879968,2,2,1
108057,35/11-5,3199.1399968,2,2,1
108058,35/11-5,3199.2919968,2,2,1
108059,35/11-5,3199.4439968,2,2,1
108060,35/11-5,3199.5959968,2,2,1
108061,35/11-5,3199.7479968000002,2,2,1
108062,35/11-5,3199.8999968000003,2,2,1
108063,35/11-5,3200.0519968000003,2,2,1
108064,35/11-5,3200.2039968000004,2,2,1
108065,35/11-5,3200.3559968000004,2,2,1
108066,35/11-5,3200.5079968,2,2,1
108067,35/11-5,3200.6599968,2,2,1
108068,35/11-5,3200.8119968,2,2,1
108069,35/11-5,3200.9639968,2,2,1
108070,35/11-5,3201.1159968,2,2,1
108071,35/11-5,3201.2679968,2,2,1
108072,35/11-5,3201.4199968000003,2,2,1
108073,35/11-5,3201.5719968000003,2,2,1
108074,35/11-5,3201.7239968000004,2,2,1
108075,35/11-5,3201.8759968000004,2,2,1
108076,35/11-5,3202.0279968000004,2,2,1
108077,35/11-5,3202.1799968,2,2,1
108078,35/11-5,3202.3319968,2,2,1
108079,35/11-5,3202.4839968,2,2,1
108080,35/11-5,3202.6359968,2,2,1
108081,35/11-5,3202.7879968,2,2,1
108082,35/11-5,3202.9399968000002,2,2,1
108083,35/11-5,3203.0919968000003,2,2,1
108084,35/11-5,3203.2439968000003,2,2,1
108085,35/11-5,3203.3959968000004,2,2,1
108086,35/11-5,3203.5479968000004,2,2,1
108087,35/11-5,3203.6999968,2,2,1
108088,35/11-5,3203.8519968,2,2,1
108089,35/11-5,3204.0039968,2,2,1
108090,35/11-5,3204.1559968,2,2,1
108091,35/11-5,3204.3079968,2,2,1
108092,35/11-5,3204.4599968,2,2,1
108093,35/11-5,3204.6119968000003,2,2,1
108094,35/11-5,3204.7639968000003,2,2,1
108095,35/11-5,3204.9159968000004,2,2,1
108096,35/11-5,3205.0679968000004,2,2,1
108097,35/11-5,3205.2199968000004,2,2,1
108098,35/11-5,3205.3719968,2,2,1
108099,35/11-5,3205.5239968,2,2,1
108100,35/11-5,3205.6759968,2,2,1
108101,35/11-5,3205.8279968,2,2,1
108102,35/11-5,3205.9799968,2,2,1
108103,35/11-5,3206.1319968000003,2,2,1
108104,35/11-5,3206.2839968000003,2,2,1
108105,35/11-5,3206.4359968000003,2,2,1
108106,35/11-5,3206.5879968000004,2,2,1
108107,35/11-5,3206.7399968000004,2,2,1
108108,35/11-5,3206.8919968,2,2,1
108109,35/11-5,3207.0439968,2,2,1
108110,35/11-5,3207.1959968,2,2,1
108111,35/11-5,3207.3479968,2,2,1
108112,35/11-5,3207.4999968,2,2,1
108113,35/11-5,3207.6519968000002,2,2,1
108114,35/11-5,3207.8039968000003,2,2,1
108115,35/11-5,3207.9559968000003,2,1,0
108116,35/11-5,3208.1079968000004,0,1,0
108117,35/11-5,3208.2599968000004,0,1,0
108118,35/11-5,3208.4119968,0,1,0
108119,35/11-5,3208.5639968,0,1,0
108120,35/11-5,3208.7159968,0,1,0
108121,35/11-5,3208.8679968,0,1,0
108122,35/11-5,3209.0199968,0,1,0
108123,35/11-5,3209.1719968,0,1,0
108124,35/11-5,3209.3239968000003,0,1,0
108125,35/11-5,3209.4759968000003,0,1,0
108126,35/11-5,3209.6279968000003,0,0,1
108127,35/11-5,3209.7799968000004,0,0,1
108128,35/11-5,3209.9319968000004,0,0,1
108129,35/11-5,3210.0839968,0,0,1
108130,35/11-5,3210.2359968,0,0,1
108131,35/11-5,3210.3879968,0,0,1
108132,35/11-5,3210.5399968,0,0,1
108133,35/11-5,3210.6919968,0,0,1
108134,35/11-5,3210.8439968000002,0,0,1
108135,35/11-5,3210.9959968000003,0,0,1
108136,35/11-5,3211.1479968000003,0,0,1
108137,35/11-5,3211.2999968000004,0,0,1
108138,35/11-5,3211.4519968000004,0,0,1
108139,35/11-5,3211.6039968,0,0,1
108140,35/11-5,3211.7559968,0,0,1
108141,35/11-5,3211.9079968,0,0,1
108142,35/11-5,3212.0599968,0,0,1
108143,35/11-5,3212.2119968,0,0,1
108144,35/11-5,3212.3639968,0,0,1
108145,35/11-5,3212.5159968000003,0,0,1
108146,35/11-5,3212.6679968000003,0,0,1
108147,35/11-5,3212.8199968000004,0,0,1
108148,35/11-5,3212.9719968000004,0,0,1
108149,35/11-5,3213.1239968000004,0,0,1
108150,35/11-5,3213.2759968,0,0,1
108151,35/11-5,3213.4279968,0,0,1
108152,35/11-5,3213.5799968,0,0,1
108153,35/11-5,3213.7319968,0,0,1
108154,35/11-5,3213.8839968,0,0,1
108155,35/11-5,3214.0359968000002,0,0,1
108156,35/11-5,3214.1879968000003,0,0,1
108157,35/11-5,3214.3399968000003,0,0,1
108158,35/11-5,3214.4919968000004,0,0,1
108159,35/11-5,3214.6439968000004,0,0,1
108160,35/11-5,3214.7959968,0,0,1
108161,35/11-5,3214.9479968,0,0,1
108162,35/11-5,3215.0999968,0,0,1
108163,35/11-5,3215.2519968,0,0,1
108164,35/11-5,3215.4039968,0,0,1
108165,35/11-5,3215.5559968000002,10,10,1
108166,35/11-5,3215.7079968000003,10,10,1
108167,35/11-5,3215.8599968000003,10,10,1
108168,35/11-5,3216.0119968000004,10,10,1
108169,35/11-5,3216.1639968000004,10,10,1
108170,35/11-5,3216.3159968,10,2,0
108171,35/11-5,3216.4679968,10,2,0
108172,35/11-5,3216.6199968,2,2,1
108173,35/11-5,3216.7719968,2,2,1
108174,35/11-5,3216.9239968,2,2,1
108175,35/11-5,3217.0759968,2,2,1
108176,35/11-5,3217.2279968000003,2,2,1
108177,35/11-5,3217.3799968000003,2,2,1
108178,35/11-5,3217.5319968000003,2,2,1
108179,35/11-5,3217.6839968000004,2,2,1
108180,35/11-5,3217.8359968000004,2,2,1
108181,35/11-5,3217.9879968,2,2,1
108182,35/11-5,3218.1399968,2,2,1
108183,35/11-5,3218.2919968,2,2,1
108184,35/11-5,3218.4439968,2,2,1
108185,35/11-5,3218.5959968,2,2,1
108186,35/11-5,3218.7479968000002,2,2,1
108187,35/11-5,3218.8999968000003,2,2,1
108188,35/11-5,3219.0519968000003,2,2,1
108189,35/11-5,3219.2039968000004,2,2,1
108190,35/11-5,3219.3559968000004,2,2,1
108191,35/11-5,3219.5079968,2,2,1
108192,35/11-5,3219.6599968,2,2,1
108193,35/11-5,3219.8119968,2,2,1
108194,35/11-5,3219.9639968,2,2,1
108195,35/11-5,3220.1159968,2,2,1
108196,35/11-5,3220.2679968,10,2,0
108197,35/11-5,3220.4199968000003,10,2,0
108198,35/11-5,3220.5719968000003,10,2,0
108199,35/11-5,3220.7239968000004,10,10,1
108200,35/11-5,3220.8759968000004,10,10,1
108201,35/11-5,3221.0279968000004,10,10,1
108202,35/11-5,3221.1799968,10,10,1
108203,35/11-5,3221.3319968,10,10,1
108204,35/11-5,3221.4839968,10,10,1
108205,35/11-5,3221.6359968,2,2,1
108206,35/11-5,3221.7879968,2,1,0
108207,35/11-5,3221.9399968000002,2,2,1
108208,35/11-5,3222.0919968000003,2,2,1
108209,35/11-5,3222.2439968000003,2,2,1
108210,35/11-5,3222.3959968000004,2,2,1
108211,35/11-5,3222.5479968000004,2,2,1
108212,35/11-5,3222.6999968,2,2,1
108213,35/11-5,3222.8519968,10,2,0
108214,35/11-5,3223.0039968,10,2,0
108215,35/11-5,3223.1559968,10,10,1
108216,35/11-5,3223.3079968,10,10,1
108217,35/11-5,3223.4599968,10,1,0
108218,35/11-5,3223.6119968000003,0,1,0
108219,35/11-5,3223.7639968000003,0,0,1
108220,35/11-5,3223.9159968000004,0,0,1
108221,35/11-5,3224.0679968000004,0,0,1
108222,35/11-5,3224.2199968000004,0,0,1
108223,35/11-5,3224.3719968,0,0,1
108224,35/11-5,3224.5239968,0,1,0
108225,35/11-5,3224.6759968,0,1,0
108226,35/11-5,3224.8279968,0,1,0
108227,35/11-5,3224.9799968,0,1,0
108228,35/11-5,3225.1319968000003,0,1,0
108229,35/11-5,3225.2839968000003,2,2,1
108230,35/11-5,3225.4359968000003,2,2,1
108231,35/11-5,3225.5879968000004,2,2,1
108232,35/11-5,3225.7399968000004,2,1,0
108233,35/11-5,3225.8919968,2,1,0
108234,35/11-5,3226.0439968,2,1,0
108235,35/11-5,3226.1959968,2,1,0
108236,35/11-5,3226.3479968,2,2,1
108237,35/11-5,3226.4999968,2,2,1
108238,35/11-5,3226.6519968000002,2,2,1
108239,35/11-5,3226.8039968000003,2,2,1
108240,35/11-5,3226.9559968000003,2,2,1
108241,35/11-5,3227.1079968000004,2,2,1
108242,35/11-5,3227.2599968000004,2,2,1
108243,35/11-5,3227.4119968,2,2,1
108244,35/11-5,3227.5639968,2,2,1
108245,35/11-5,3227.7159968,2,2,1
108246,35/11-5,3227.8679968,2,2,1
108247,35/11-5,3228.0199968,2,2,1
108248,35/11-5,3228.1719968,2,2,1
108249,35/11-5,3228.3239968000003,2,10,0
108250,35/11-5,3228.4759968000003,10,10,1
108251,35/11-5,3228.6279968000003,10,10,1
108252,35/11-5,3228.7799968000004,10,10,1
108253,35/11-5,3228.9319968000004,10,10,1
108254,35/11-5,3229.0839968,10,10,1
108255,35/11-5,3229.2359968,10,2,0
108256,35/11-5,3229.3879968,2,2,1
108257,35/11-5,3229.5399968,2,2,1
108258,35/11-5,3229.6919968,2,1,0
108259,35/11-5,3229.8439968000002,2,1,0
108260,35/11-5,3229.9959968000003,2,1,0
108261,35/11-5,3230.1479968000003,2,1,0
108262,35/11-5,3230.2999968000004,2,1,0
108263,35/11-5,3230.4519968000004,2,1,0
108264,35/11-5,3230.6039968,2,1,0
108265,35/11-5,3230.7559968,2,1,0
108266,35/11-5,3230.9079968,2,1,0
108267,35/11-5,3231.0599968,2,1,0
108268,35/11-5,3231.2119968,2,1,0
108269,35/11-5,3231.3639968,2,1,0
108270,35/11-5,3231.5159968000003,2,1,0
108271,35/11-5,3231.6679968000003,2,1,0
108272,35/11-5,3231.8199968000004,2,1,0
108273,35/11-5,3231.9719968000004,2,1,0
108274,35/11-5,3232.1239968000004,2,1,0
108275,35/11-5,3232.2759968,2,2,1
108276,35/11-5,3232.4279968,2,2,1
108277,35/11-5,3232.5799968,2,2,1
108278,35/11-5,3232.7319968,2,1,0
108279,35/11-5,3232.8839968,2,1,0
108280,35/11-5,3233.0359968000002,2,1,0
108281,35/11-5,3233.1879968000003,2,1,0
108282,35/11-5,3233.3399968000003,2,1,0
108283,35/11-5,3233.4919968000004,2,1,0
108284,35/11-5,3233.6439968000004,2,1,0
108285,35/11-5,3233.7959968,2,1,0
108286,35/11-5,3233.9479968,2,1,0
108287,35/11-5,3234.0999968,2,1,0
108288,35/11-5,3234.2519968,2,1,0
108289,35/11-5,3234.4039968,2,1,0
108290,35/11-5,3234.5559968000002,2,1,0
108291,35/11-5,3234.7079968000003,2,0,0
108292,35/11-5,3234.8599968000003,2,0,0
108293,35/11-5,3235.0119968000004,2,1,0
108294,35/11-5,3235.1639968000004,2,1,0
108295,35/11-5,3235.3159968,2,0,0
108296,35/11-5,3235.4679968,2,0,0
108297,35/11-5,3235.6199968,2,0,0
108298,35/11-5,3235.7719968,2,0,0
108299,35/11-5,3235.9239968,2,0,0
108300,35/11-5,3236.0759968,2,1,0
108301,35/11-5,3236.2279968000003,2,1,0
108302,35/11-5,3236.3799968000003,2,1,0
108303,35/11-5,3236.5319968000003,2,1,0
108304,35/11-5,3236.6839968000004,2,1,0
108305,35/11-5,3236.8359968000004,2,1,0
108306,35/11-5,3236.9879968,0,0,1
108307,35/11-5,3237.1399968,0,0,1
108308,35/11-5,3237.2919968,0,0,1
108309,35/11-5,3237.4439968,0,0,1
108310,35/11-5,3237.5959968,0,0,1
108311,35/11-5,3237.7479968000002,0,0,1
108312,35/11-5,3237.8999968000003,2,0,0
108313,35/11-5,3238.0519968000003,2,1,0
108314,35/11-5,3238.2039968000004,2,1,0
108315,35/11-5,3238.3559968000004,2,2,1
108316,35/11-5,3238.5079968,2,1,0
108317,35/11-5,3238.6599968,2,1,0
108318,35/11-5,3238.8119968,0,0,1
108319,35/11-5,3238.9639968,0,0,1
108320,35/11-5,3239.1159968,0,0,1
108321,35/11-5,3239.2679968,0,0,1
108322,35/11-5,3239.4199968000003,0,1,0
108323,35/11-5,3239.5719968000003,0,1,0
108324,35/11-5,3239.7239968000004,0,2,0
108325,35/11-5,3239.8759968000004,2,2,1
108326,35/11-5,3240.0279968000004,2,2,1
108327,35/11-5,3240.1799968,2,2,1
108328,35/11-5,3240.3319968,2,2,1
108329,35/11-5,3240.4839968,2,2,1
108330,35/11-5,3240.6359968,2,2,1
108331,35/11-5,3240.7879968,2,2,1
108332,35/11-5,3240.9399968000002,2,2,1
108333,35/11-5,3241.0919968000003,2,2,1
108334,35/11-5,3241.2439968000003,2,2,1
108335,35/11-5,3241.3959968000004,2,2,1
108336,35/11-5,3241.5479968000004,2,2,1
108337,35/11-5,3241.6999968,2,2,1
108338,35/11-5,3241.8519968,2,2,1
108339,35/11-5,3242.0039968,2,2,1
108340,35/11-5,3242.1559968,10,2,0
108341,35/11-5,3242.3079968,10,10,1
108342,35/11-5,3242.4599968,10,10,1
108343,35/11-5,3242.6119968000003,10,10,1
108344,35/11-5,3242.7639968000003,10,10,1
108345,35/11-5,3242.9159968000004,10,10,1
108346,35/11-5,3243.0679968000004,10,10,1
108347,35/11-5,3243.2199968000004,10,10,1
108348,35/11-5,3243.3719968,10,10,1
108349,35/11-5,3243.5239968,10,10,1
108350,35/11-5,3243.6759968,10,10,1
108351,35/11-5,3243.8279968,10,10,1
108352,35/11-5,3243.9799968,10,10,1
108353,35/11-5,3244.1319968000003,10,10,1
108354,35/11-5,3244.2839968000003,10,2,0
108355,35/11-5,3244.4359968000003,10,2,0
108356,35/11-5,3244.5879968000004,2,2,1
108357,35/11-5,3244.7399968000004,2,2,1
108358,35/11-5,3244.8919968,2,2,1
108359,35/11-5,3245.0439968,2,2,1
108360,35/11-5,3245.1959968,2,2,1
108361,35/11-5,3245.3479968,2,2,1
108362,35/11-5,3245.4999968,2,2,1
108363,35/11-5,3245.6519968000002,2,2,1
108364,35/11-5,3245.8039968000003,2,2,1
108365,35/11-5,3245.9559968000003,2,2,1
108366,35/11-5,3246.1079968000004,2,2,1
108367,35/11-5,3246.2599968000004,2,2,1
108368,35/11-5,3246.4119968,2,2,1
108369,35/11-5,3246.5639968,2,2,1
108370,35/11-5,3246.7159968,2,2,1
108371,35/11-5,3246.8679968,2,2,1
108372,35/11-5,3247.0199968,2,2,1
108373,35/11-5,3247.1719968,2,2,1
108374,35/11-5,3247.3239968000003,2,2,1
108375,35/11-5,3247.4759968000003,2,2,1
108376,35/11-5,3247.6279968000003,2,2,1
108377,35/11-5,3247.7799968000004,2,2,1
108378,35/11-5,3247.9319968000004,2,2,1
108379,35/11-5,3248.0839968,2,2,1
108380,35/11-5,3248.2359968,2,2,1
108381,35/11-5,3248.3879968,2,2,1
108382,35/11-5,3248.5399968,2,2,1
108383,35/11-5,3248.6919968,2,2,1
108384,35/11-5,3248.8439968000002,2,2,1
108385,35/11-5,3248.9959968000003,2,2,1
108386,35/11-5,3249.1479968000003,2,2,1
108387,35/11-5,3249.2999968000004,2,2,1
108388,35/11-5,3249.4519968000004,2,2,1
108389,35/11-5,3249.6039968,2,2,1
108390,35/11-5,3249.7559968,2,2,1
108391,35/11-5,3249.9079968,2,2,1
108392,35/11-5,3250.0599968,2,2,1
108393,35/11-5,3250.2119968,2,2,1
108394,35/11-5,3250.3639968,2,2,1
108395,35/11-5,3250.5159968000003,2,2,1
108396,35/11-5,3250.6679968000003,2,10,0
108397,35/11-5,3250.8199968000004,2,10,0
108398,35/11-5,3250.9719968000004,2,2,1
108399,35/11-5,3251.1239968000004,2,2,1
108400,35/11-5,3251.2759968,2,2,1
108401,35/11-5,3251.4279968,2,2,1
108402,35/11-5,3251.5799968,2,2,1
108403,35/11-5,3251.7319968,2,2,1
108404,35/11-5,3251.8839968,2,2,1
108405,35/11-5,3252.0359968000002,2,1,0
108406,35/11-5,3252.1879968000003,2,0,0
108407,35/11-5,3252.3399968000003,2,0,0
108408,35/11-5,3252.4919968000004,0,0,1
108409,35/11-5,3252.6439968000004,0,1,0
108410,35/11-5,3252.7959968,0,1,0
108411,35/11-5,3252.9479968,0,1,0
108412,35/11-5,3253.0999968,0,1,0
108413,35/11-5,3253.2519968,0,0,1
108414,35/11-5,3253.4039968,0,0,1
108415,35/11-5,3253.5559968000002,0,0,1
108416,35/11-5,3253.7079968000003,0,0,1
108417,35/11-5,3253.8599968000003,0,0,1
108418,35/11-5,3254.0119968000004,0,0,1
108419,35/11-5,3254.1639968000004,0,0,1
108420,35/11-5,3254.3159968,0,0,1
108421,35/11-5,3254.4679968,0,0,1
108422,35/11-5,3254.6199968,0,1,0
108423,35/11-5,3254.7719968,0,1,0
108424,35/11-5,3254.9239968,0,0,1
108425,35/11-5,3255.0759968,0,0,1
108426,35/11-5,3255.2279968000003,0,0,1
108427,35/11-5,3255.3799968000003,0,0,1
108428,35/11-5,3255.5319968000003,0,1,0
108429,35/11-5,3255.6839968000004,0,1,0
108430,35/11-5,3255.8359968000004,0,2,0
108431,35/11-5,3255.9879968,2,2,1
108432,35/11-5,3256.1399968,2,1,0
108433,35/11-5,3256.2919968,2,1,0
108434,35/11-5,3256.4439968,2,1,0
108435,35/11-5,3256.5959968,2,2,1
108436,35/11-5,3256.7479968000002,2,1,0
108437,35/11-5,3256.8999968000003,2,1,0
108438,35/11-5,3257.0519968000003,2,2,1
108439,35/11-5,3257.2039968000004,2,10,0
108440,35/11-5,3257.3559968000004,10,10,1
108441,35/11-5,3257.5079968,10,10,1
108442,35/11-5,3257.6599968,10,10,1
108443,35/11-5,3257.8119968,10,2,0
108444,35/11-5,3257.9639968,10,2,0
108445,35/11-5,3258.1159968,10,2,0
108446,35/11-5,3258.2679968,10,2,0
108447,35/11-5,3258.4199968000003,10,2,0
108448,35/11-5,3258.5719968000003,2,2,1
108449,35/11-5,3258.7239968000004,2,2,1
108450,35/11-5,3258.8759968000004,2,2,1
108451,35/11-5,3259.0279968000004,10,10,1
108452,35/11-5,3259.1799968,10,10,1
108453,35/11-5,3259.3319968,10,10,1
108454,35/11-5,3259.4839968,10,10,1
108455,35/11-5,3259.6359968,10,10,1
108456,35/11-5,3259.7879968,10,10,1
108457,35/11-5,3259.9399968000002,2,10,0
108458,35/11-5,3260.0919968000003,2,10,0
108459,35/11-5,3260.2439968000003,2,10,0
108460,35/11-5,3260.3959968000004,2,10,0
108461,35/11-5,3260.5479968000004,2,10,0
108462,35/11-5,3260.6999968,2,10,0
108463,35/11-5,3260.8519968,2,10,0
108464,35/11-5,3261.0039968,2,10,0
108465,35/11-5,3261.1559968,2,10,0
108466,35/11-5,3261.3079968,2,2,1
108467,35/11-5,3261.4599968,2,2,1
108468,35/11-5,3261.6119968000003,2,2,1
108469,35/11-5,3261.7639968000003,1,2,0
108470,35/11-5,3261.9159968000004,1,1,1
108471,35/11-5,3262.0679968000004,1,1,1
108472,35/11-5,3262.2199968000004,1,1,1
108473,35/11-5,3262.3719968,1,1,1
108474,35/11-5,3262.5239968,1,1,1
108475,35/11-5,3262.6759968,1,1,1
108476,35/11-5,3262.8279968,1,1,1
108477,35/11-5,3262.9799968,1,1,1
108478,35/11-5,3263.1319968000003,1,1,1
108479,35/11-5,3263.2839968000003,1,1,1
108480,35/11-5,3263.4359968000003,1,1,1
108481,35/11-5,3263.5879968000004,1,1,1
108482,35/11-5,3263.7399968000004,0,0,1
108483,35/11-5,3263.8919968,0,0,1
108484,35/11-5,3264.0439968,0,0,1
108485,35/11-5,3264.1959968,0,1,0
108486,35/11-5,3264.3479968,1,1,1
108487,35/11-5,3264.4999968,1,1,1
108488,35/11-5,3264.6519968000002,1,1,1
108489,35/11-5,3264.8039968000003,1,1,1
108490,35/11-5,3264.9559968000003,1,2,0
108491,35/11-5,3265.1079968000004,1,2,0
108492,35/11-5,3265.2599968000004,1,2,0
108493,35/11-5,3265.4119968,1,2,0
108494,35/11-5,3265.5639968,1,2,0
108495,35/11-5,3265.7159968,1,2,0
108496,35/11-5,3265.8679968,1,2,0
108497,35/11-5,3266.0199968,1,1,1
108498,35/11-5,3266.1719968,1,1,1
108499,35/11-5,3266.3239968000003,1,1,1
108500,35/11-5,3266.4759968000003,1,1,1
108501,35/11-5,3266.6279968000003,1,1,1
108502,35/11-5,3266.7799968000004,1,1,1
108503,35/11-5,3266.9319968000004,1,0,0
108504,35/11-5,3267.0839968,0,0,1
108505,35/11-5,3267.2359968,0,1,0
108506,35/11-5,3267.3879968,0,1,0
108507,35/11-5,3267.5399968,1,1,1
108508,35/11-5,3267.6919968,1,1,1
108509,35/11-5,3267.8439968000002,1,2,0
108510,35/11-5,3267.9959968000003,1,1,1
108511,35/11-5,3268.1479968000003,1,1,1
108512,35/11-5,3268.2999968000004,1,1,1
108513,35/11-5,3268.4519968000004,1,1,1
108514,35/11-5,3268.6039968,0,1,0
108515,35/11-5,3268.7559968,0,1,0
108516,35/11-5,3268.9079968,0,1,0
108517,35/11-5,3269.0599968,0,1,0
108518,35/11-5,3269.2119968,0,1,0
108519,35/11-5,3269.3639968,0,1,0
108520,35/11-5,3269.5159968000003,0,1,0
108521,35/11-5,3269.6679968000003,0,1,0
108522,35/11-5,3269.8199968000004,0,1,0
108523,35/11-5,3269.9719968000004,0,2,0
108524,35/11-5,3270.1239968000004,1,2,0
108525,35/11-5,3270.2759968,1,2,0
108526,35/11-5,3270.4279968,1,2,0
108527,35/11-5,3270.5799968,1,2,0
108528,35/11-5,3270.7319968,1,2,0
108529,35/11-5,3270.8839968,1,2,0
108530,35/11-5,3271.0359968000002,1,2,0
108531,35/11-5,3271.1879968000003,1,2,0
108532,35/11-5,3271.3399968000003,1,2,0
108533,35/11-5,3271.4919968000004,1,1,1
108534,35/11-5,3271.6439968000004,0,1,0
108535,35/11-5,3271.7959968,0,1,0
108536,35/11-5,3271.9479968,0,1,0
108537,35/11-5,3272.0999968,0,1,0
108538,35/11-5,3272.2519968,0,1,0
108539,35/11-5,3272.4039968,0,2,0
108540,35/11-5,3272.5559968000002,0,2,0
108541,35/11-5,3272.7079968000003,0,2,0
108542,35/11-5,3272.8599968000003,0,2,0
108543,35/11-5,3273.0119968000004,0,2,0
108544,35/11-5,3273.1639968000004,0,2,0
108545,35/11-5,3273.3159968,2,2,1
108546,35/11-5,3273.4679968,2,2,1
108547,35/11-5,3273.6199968,2,2,1
108548,35/11-5,3273.7719968,2,2,1
108549,35/11-5,3273.9239968,2,2,1
108550,35/11-5,3274.0759968,2,2,1
108551,35/11-5,3274.2279968000003,2,2,1
108552,35/11-5,3274.3799968000003,2,2,1
108553,35/11-5,3274.5319968000003,2,1,0
108554,35/11-5,3274.6839968000004,0,1,0
108555,35/11-5,3274.8359968000004,0,1,0
108556,35/11-5,3274.9879968,0,1,0
108557,35/11-5,3275.1399968,0,1,0
108558,35/11-5,3275.2919968,0,0,1
108559,35/11-5,3275.4439968,0,0,1
108560,35/11-5,3275.5959968,0,0,1
108561,35/11-5,3275.7479968000002,0,0,1
108562,35/11-5,3275.8999968000003,0,0,1
108563,35/11-5,3276.0519968000003,0,0,1
108564,35/11-5,3276.2039968000004,0,0,1
108565,35/11-5,3276.3559968000004,0,0,1
108566,35/11-5,3276.5079968,0,0,1
108567,35/11-5,3276.6599968,0,0,1
108568,35/11-5,3276.8119968,0,0,1
108569,35/11-5,3276.9639968,0,0,1
108570,35/11-5,3277.1159968,0,0,1
108571,35/11-5,3277.2679968,0,0,1
108572,35/11-5,3277.4199968000003,0,1,0
108573,35/11-5,3277.5719968000003,1,1,1
108574,35/11-5,3277.7239968000004,1,1,1
108575,35/11-5,3277.8759968000004,1,1,1
108576,35/11-5,3278.0279968000004,1,1,1
108577,35/11-5,3278.1799968,1,1,1
108578,35/11-5,3278.3319968,1,1,1
108579,35/11-5,3278.4839968,1,2,0
108580,35/11-5,3278.6359968,1,2,0
108581,35/11-5,3278.7879968,1,2,0
108582,35/11-5,3278.9399968000002,1,2,0
108583,35/11-5,3279.0919968000003,2,2,1
108584,35/11-5,3279.2439968000003,2,2,1
108585,35/11-5,3279.3959968000004,2,2,1
108586,35/11-5,3279.5479968000004,2,2,1
108587,35/11-5,3279.6999968,2,2,1
108588,35/11-5,3279.8519968,2,2,1
108589,35/11-5,3280.0039968,2,2,1
108590,35/11-5,3280.1559968,2,2,1
108591,35/11-5,3280.3079968,2,2,1
108592,35/11-5,3280.4599968,2,2,1
108593,35/11-5,3280.6119968000003,10,2,0
108594,35/11-5,3280.7639968000003,10,10,1
108595,35/11-5,3280.9159968000004,10,10,1
108596,35/11-5,3281.0679968000004,10,10,1
108597,35/11-5,3281.2199968000004,10,10,1
108598,35/11-5,3281.3719968,10,1,0
108599,35/11-5,3281.5239968,10,1,0
108600,35/11-5,3281.6759968,10,2,0
108601,35/11-5,3281.8279968,2,2,1
108602,35/11-5,3281.9799968,2,2,1
108603,35/11-5,3282.1319968000003,2,2,1
108604,35/11-5,3282.2839968000003,2,2,1
108605,35/11-5,3282.4359968000003,2,2,1
108606,35/11-5,3282.5879968000004,2,2,1
108607,35/11-5,3282.7399968000004,2,2,1
108608,35/11-5,3282.8919968,2,2,1
108609,35/11-5,3283.0439968,2,2,1
108610,35/11-5,3283.1959968,2,2,1
108611,35/11-5,3283.3479968,2,2,1
108612,35/11-5,3283.4999968,2,2,1
108613,35/11-5,3283.6519968000002,2,1,0
108614,35/11-5,3283.8039968000003,1,1,1
108615,35/11-5,3283.9559968000003,1,0,0
108616,35/11-5,3284.1079968000004,1,0,0
108617,35/11-5,3284.2599968000004,1,1,1
108618,35/11-5,3284.4119968,1,1,1
108619,35/11-5,3284.5639968,1,2,0
108620,35/11-5,3284.7159968,2,2,1
108621,35/11-5,3284.8679968,2,2,1
108622,35/11-5,3285.0199968,2,2,1
108623,35/11-5,3285.1719968,2,2,1
108624,35/11-5,3285.3239968000003,2,2,1
108625,35/11-5,3285.4759968000003,2,2,1
108626,35/11-5,3285.6279968000003,2,2,1
108627,35/11-5,3285.7799968000004,2,2,1
108628,35/11-5,3285.9319968000004,2,2,1
108629,35/11-5,3286.0839968,2,2,1
108630,35/11-5,3286.2359968,2,2,1
108631,35/11-5,3286.3879968,2,2,1
108632,35/11-5,3286.5399968,2,2,1
108633,35/11-5,3286.6919968,2,2,1
108634,35/11-5,3286.8439968000002,2,2,1
108635,35/11-5,3286.9959968000003,2,2,1
108636,35/11-5,3287.1479968000003,2,2,1
108637,35/11-5,3287.2999968000004,1,2,0
108638,35/11-5,3287.4519968000004,1,0,0
108639,35/11-5,3287.6039968,1,1,1
108640,35/11-5,3287.7559968,1,1,1
108641,35/11-5,3287.9079968,1,1,1
108642,35/11-5,3288.0599968,1,1,1
108643,35/11-5,3288.2119968,1,1,1
108644,35/11-5,3288.3639968,1,1,1
108645,35/11-5,3288.5159968000003,1,1,1
108646,35/11-5,3288.6679968000003,1,1,1
108647,35/11-5,3288.8199968000004,1,1,1
108648,35/11-5,3288.9719968000004,1,1,1
108649,35/11-5,3289.1239968000004,1,1,1
108650,35/11-5,3289.2759968,1,1,1
108651,35/11-5,3289.4279968,1,1,1
108652,35/11-5,3289.5799968,1,1,1
108653,35/11-5,3289.7319968,1,1,1
108654,35/11-5,3289.8839968,1,1,1
108655,35/11-5,3290.0359968000002,1,2,0
108656,35/11-5,3290.1879968000003,1,1,1
108657,35/11-5,3290.3399968000003,1,1,1
108658,35/11-5,3290.4919968000004,1,1,1
108659,35/11-5,3290.6439968000004,1,1,1
108660,35/11-5,3290.7959968,1,1,1
108661,35/11-5,3290.9479968,1,1,1
108662,35/11-5,3291.0999968,1,1,1
108663,35/11-5,3291.2519968,1,2,0
108664,35/11-5,3291.4039968,1,2,0
108665,35/11-5,3291.5559968000002,1,2,0
108666,35/11-5,3291.7079968000003,1,2,0
108667,35/11-5,3291.8599968000003,1,2,0
108668,35/11-5,3292.0119968000004,1,2,0
108669,35/11-5,3292.1639968000004,1,2,0
108670,35/11-5,3292.3159968,1,2,0
108671,35/11-5,3292.4679968,2,2,1
108672,35/11-5,3292.6199968,2,2,1
108673,35/11-5,3292.7719968,2,2,1
108674,35/11-5,3292.9239968,0,2,0
108675,35/11-5,3293.0759968,0,1,0
108676,35/11-5,3293.2279968000003,0,1,0
108677,35/11-5,3293.3799968000003,0,0,1
108678,35/11-5,3293.5319968000003,0,0,1
108679,35/11-5,3293.6839968000004,0,0,1
108680,35/11-5,3293.8359968000004,0,0,1
108681,35/11-5,3293.9879968,0,0,1
108682,35/11-5,3294.1399968,0,0,1
108683,35/11-5,3294.2919968,0,0,1
108684,35/11-5,3294.4439968,0,0,1
108685,35/11-5,3294.5959968,0,0,1
108686,35/11-5,3294.7479968000002,0,0,1
108687,35/11-5,3294.8999968000003,0,0,1
108688,35/11-5,3295.0519968000003,0,0,1
108689,35/11-5,3295.2039968000004,0,0,1
108690,35/11-5,3295.3559968000004,0,0,1
108691,35/11-5,3295.5079968,0,0,1
108692,35/11-5,3295.6599968,0,0,1
108693,35/11-5,3295.8119968,0,0,1
108694,35/11-5,3295.9639968,0,0,1
108695,35/11-5,3296.1159968,0,0,1
108696,35/11-5,3296.2679968,0,0,1
108697,35/11-5,3296.4199968000003,0,0,1
108698,35/11-5,3296.5719968000003,0,0,1
108699,35/11-5,3296.7239968000004,0,0,1
108700,35/11-5,3296.8759968000004,0,0,1
108701,35/11-5,3297.0279968000004,0,0,1
108702,35/11-5,3297.1799968,0,0,1
108703,35/11-5,3297.3319968,0,0,1
108704,35/11-5,3297.4839968,0,0,1
108705,35/11-5,3297.6359968,0,0,1
108706,35/11-5,3297.7879968,0,0,1
108707,35/11-5,3297.9399968000002,0,0,1
108708,35/11-5,3298.0919968000003,0,0,1
108709,35/11-5,3298.2439968000003,0,0,1
108710,35/11-5,3298.3959968000004,0,0,1
108711,35/11-5,3298.5479968000004,0,0,1
108712,35/11-5,3298.6999968,0,0,1
108713,35/11-5,3298.8519968,0,0,1
108714,35/11-5,3299.0039968,0,0,1
108715,35/11-5,3299.1559968,0,0,1
108716,35/11-5,3299.3079968,0,0,1
108717,35/11-5,3299.4599968,0,0,1
108718,35/11-5,3299.6119968000003,0,0,1
108719,35/11-5,3299.7639968000003,0,0,1
108720,35/11-5,3299.9159968000004,0,0,1
108721,35/11-5,3300.0679968000004,0,0,1
108722,35/11-5,3300.2199968000004,0,0,1
108723,35/11-5,3300.3719968,0,0,1
108724,35/11-5,3300.5239968,0,0,1
108725,35/11-5,3300.6759968,0,0,1
108726,35/11-5,3300.8279968,0,0,1
108727,35/11-5,3300.9799968,0,0,1
108728,35/11-5,3301.1319968000003,0,0,1
108729,35/11-5,3301.2839968000003,0,0,1
108730,35/11-5,3301.4359968000003,0,0,1
108731,35/11-5,3301.5879968000004,0,0,1
108732,35/11-5,3301.7399968000004,0,0,1
108733,35/11-5,3301.8919968,2,0,0
108734,35/11-5,3302.0439968,2,2,1
108735,35/11-5,3302.1959968,2,2,1
108736,35/11-5,3302.3479968,2,2,1
108737,35/11-5,3302.4999968,2,1,0
108738,35/11-5,3302.6519968000002,2,1,0
108739,35/11-5,3302.8039968000003,2,1,0
108740,35/11-5,3302.9559968000003,2,2,1
108741,35/11-5,3303.1079968000004,2,2,1
108742,35/11-5,3303.2599968000004,2,1,0
108743,35/11-5,3303.4119968,2,2,1
108744,35/11-5,3303.5639968,2,0,0
108745,35/11-5,3303.7159968,0,0,1
108746,35/11-5,3303.8679968,0,0,1
108747,35/11-5,3304.0199968,0,0,1
108748,35/11-5,3304.1719968,0,0,1
108749,35/11-5,3304.3239968000003,0,0,1
108750,35/11-5,3304.4759968000003,0,0,1
108751,35/11-5,3304.6279968000003,0,0,1
108752,35/11-5,3304.7799968000004,0,0,1
108753,35/11-5,3304.9319968000004,0,0,1
108754,35/11-5,3305.0839968,0,0,1
108755,35/11-5,3305.2359968,0,0,1
108756,35/11-5,3305.3879968,0,0,1
108757,35/11-5,3305.5399968,0,0,1
108758,35/11-5,3305.6919968,0,0,1
108759,35/11-5,3305.8439968000002,0,0,1
108760,35/11-5,3305.9959968000003,0,0,1
108761,35/11-5,3306.1479968000003,0,0,1
108762,35/11-5,3306.2999968000004,0,0,1
108763,35/11-5,3306.4519968000004,0,0,1
108764,35/11-5,3306.6039968,0,0,1
108765,35/11-5,3306.7559968,0,0,1
108766,35/11-5,3306.9079968,0,0,1
108767,35/11-5,3307.0599968,0,0,1
108768,35/11-5,3307.2119968,0,0,1
108769,35/11-5,3307.3639968,0,0,1
108770,35/11-5,3307.5159968000003,0,0,1
108771,35/11-5,3307.6679968000003,0,0,1
108772,35/11-5,3307.8199968000004,0,0,1
108773,35/11-5,3307.9719968000004,0,0,1
108774,35/11-5,3308.1239968000004,0,0,1
108775,35/11-5,3308.2759968,0,0,1
108776,35/11-5,3308.4279968,0,0,1
108777,35/11-5,3308.5799968,0,0,1
108778,35/11-5,3308.7319968,0,0,1
108779,35/11-5,3308.8839968,0,0,1
108780,35/11-5,3309.0359968000002,0,1,0
108781,35/11-5,3309.1879968000003,0,0,1
108782,35/11-5,3309.3399968000003,0,0,1
108783,35/11-5,3309.4919968000004,0,0,1
108784,35/11-5,3309.6439968000004,0,0,1
108785,35/11-5,3309.7959968,0,0,1
108786,35/11-5,3309.9479968,0,0,1
108787,35/11-5,3310.0999968,0,0,1
108788,35/11-5,3310.2519968,0,0,1
108789,35/11-5,3310.4039968,0,0,1
108790,35/11-5,3310.5559968000002,0,0,1
108791,35/11-5,3310.7079968000003,0,0,1
108792,35/11-5,3310.8599968000003,0,0,1
108793,35/11-5,3311.0119968000004,0,0,1
108794,35/11-5,3311.1639968000004,0,1,0
108795,35/11-5,3311.3159968,0,1,0
108796,35/11-5,3311.4679968,0,1,0
108797,35/11-5,3311.6199968,0,2,0
108798,35/11-5,3311.7719968,0,1,0
108799,35/11-5,3311.9239968,1,1,1
108800,35/11-5,3312.0759968,1,1,1
108801,35/11-5,3312.2279968000003,1,1,1
108802,35/11-5,3312.3799968000003,1,1,1
108803,35/11-5,3312.5319968000003,1,1,1
108804,35/11-5,3312.6839968000004,1,1,1
108805,35/11-5,3312.8359968000004,1,1,1
108806,35/11-5,3312.9879968,1,1,1
108807,35/11-5,3313.1399968,1,1,1
108808,35/11-5,3313.2919968,1,1,1
108809,35/11-5,3313.4439968,1,1,1
108810,35/11-5,3313.5959968,1,1,1
108811,35/11-5,3313.7479968000002,1,1,1
108812,35/11-5,3313.8999968000003,1,1,1
108813,35/11-5,3314.0519968000003,1,1,1
108814,35/11-5,3314.2039968000004,1,1,1
108815,35/11-5,3314.3559968000004,1,1,1
108816,35/11-5,3314.5079968,1,1,1
108817,35/11-5,3314.6599968,1,1,1
108818,35/11-5,3314.8119968,1,1,1
108819,35/11-5,3314.9639968,1,1,1
108820,35/11-5,3315.1159968,1,1,1
108821,35/11-5,3315.2679968,1,1,1
108822,35/11-5,3315.4199968000003,1,1,1
108823,35/11-5,3315.5719968000003,1,1,1
108824,35/11-5,3315.7239968000004,1,1,1
108825,35/11-5,3315.8759968000004,1,1,1
108826,35/11-5,3316.0279968000004,1,1,1
108827,35/11-5,3316.1799968,1,1,1
108828,35/11-5,3316.3319968,1,1,1
108829,35/11-5,3316.4839968,1,1,1
108830,35/11-5,3316.6359968,1,1,1
108831,35/11-5,3316.7879968,1,1,1
108832,35/11-5,3316.9399968000002,1,1,1
108833,35/11-5,3317.0919968000003,1,1,1
108834,35/11-5,3317.2439968000003,1,1,1
108835,35/11-5,3317.3959968000004,1,1,1
108836,35/11-5,3317.5479968000004,1,1,1
108837,35/11-5,3317.6999968,1,1,1
108838,35/11-5,3317.8519968,1,1,1
108839,35/11-5,3318.0039968,1,1,1
108840,35/11-5,3318.1559968,1,1,1
108841,35/11-5,3318.3079968,1,1,1
108842,35/11-5,3318.4599968,1,1,1
108843,35/11-5,3318.6119968000003,1,2,0
108844,35/11-5,3318.7639968000003,1,2,0
108845,35/11-5,3318.9159968000004,2,2,1
108846,35/11-5,3319.0679968000004,2,2,1
108847,35/11-5,3319.2199968000004,2,2,1
108848,35/11-5,3319.3719968,2,2,1
108849,35/11-5,3319.5239968,2,2,1
108850,35/11-5,3319.6759968,2,2,1
108851,35/11-5,3319.8279968,2,2,1
108852,35/11-5,3319.9799968,2,1,0
108853,35/11-5,3320.1319968000003,2,1,0
108854,35/11-5,3320.2839968000003,1,1,1
108855,35/11-5,3320.4359968000003,1,1,1
108856,35/11-5,3320.5879968000004,1,1,1
108857,35/11-5,3320.7399968000004,1,1,1
108858,35/11-5,3320.8919968,1,1,1
108859,35/11-5,3321.0439968,1,1,1
108860,35/11-5,3321.1959968,1,1,1
108861,35/11-5,3321.3479968,1,2,0
108862,35/11-5,3321.4999968,1,2,0
108863,35/11-5,3321.6519968000002,1,2,0
108864,35/11-5,3321.8039968000003,1,2,0
108865,35/11-5,3321.9559968000003,1,2,0
108866,35/11-5,3322.1079968000004,2,2,1
108867,35/11-5,3322.2599968000004,2,2,1
108868,35/11-5,3322.4119968,2,2,1
108869,35/11-5,3322.5639968,2,2,1
108870,35/11-5,3322.7159968,2,2,1
108871,35/11-5,3322.8679968,2,2,1
108872,35/11-5,3323.0199968,2,2,1
108873,35/11-5,3323.1719968,2,2,1
108874,35/11-5,3323.3239968000003,2,2,1
108875,35/11-5,3323.4759968000003,2,2,1
108876,35/11-5,3323.6279968000003,2,2,1
108877,35/11-5,3323.7799968000004,2,2,1
108878,35/11-5,3323.9319968000004,2,2,1
108879,35/11-5,3324.0839968,2,1,0
108880,35/11-5,3324.2359968,1,1,1
108881,35/11-5,3324.3879968,1,1,1
108882,35/11-5,3324.5399968,1,1,1
108883,35/11-5,3324.6919968,1,1,1
108884,35/11-5,3324.8439968000002,1,1,1
108885,35/11-5,3324.9959968000003,1,1,1
108886,35/11-5,3325.1479968000003,1,2,0
108887,35/11-5,3325.2999968000004,2,2,1
108888,35/11-5,3325.4519968000004,2,2,1
108889,35/11-5,3325.6039968,2,2,1
108890,35/11-5,3325.7559968,2,2,1
108891,35/11-5,3325.9079968,2,2,1
108892,35/11-5,3326.0599968,2,2,1
108893,35/11-5,3326.2119968,2,2,1
108894,35/11-5,3326.3639968,2,1,0
108895,35/11-5,3326.5159968000003,1,1,1
108896,35/11-5,3326.6679968000003,1,0,0
108897,35/11-5,3326.8199968000004,1,1,1
108898,35/11-5,3326.9719968000004,1,1,1
108899,35/11-5,3327.1239968000004,1,1,1
108900,35/11-5,3327.2759968,1,2,0
108901,35/11-5,3327.4279968,1,1,1
108902,35/11-5,3327.5799968,1,2,0
108903,35/11-5,3327.7319968,1,1,1
108904,35/11-5,3327.8839968,1,1,1
108905,35/11-5,3328.0359968000002,1,1,1
108906,35/11-5,3328.1879968000003,1,1,1
108907,35/11-5,3328.3399968000003,1,1,1
108908,35/11-5,3328.4919968000004,1,1,1
108909,35/11-5,3328.6439968000004,1,2,0
108910,35/11-5,3328.7959968,1,2,0
108911,35/11-5,3328.9479968,1,2,0
108912,35/11-5,3329.0999968,1,1,1
108913,35/11-5,3329.2519968,1,0,0
108914,35/11-5,3329.4039968,1,0,0
108915,35/11-5,3329.5559968000002,1,1,1
108916,35/11-5,3329.7079968000003,1,2,0
108917,35/11-5,3329.8599968000003,1,2,0
108918,35/11-5,3330.0119968000004,1,2,0
108919,35/11-5,3330.1639968000004,1,2,0
108920,35/11-5,3330.3159968,1,2,0
108921,35/11-5,3330.4679968,1,2,0
108922,35/11-5,3330.6199968,1,2,0
108923,35/11-5,3330.7719968,1,2,0
108924,35/11-5,3330.9239968,1,2,0
108925,35/11-5,3331.0759968,1,2,0
108926,35/11-5,3331.2279968000003,2,2,1
108927,35/11-5,3331.3799968000003,2,2,1
108928,35/11-5,3331.5319968000003,2,2,1
108929,35/11-5,3331.6839968000004,2,2,1
108930,35/11-5,3331.8359968000004,2,2,1
108931,35/11-5,3331.9879968,2,2,1
108932,35/11-5,3332.1399968,2,2,1
108933,35/11-5,3332.2919968,2,2,1
108934,35/11-5,3332.4439968,2,2,1
108935,35/11-5,3332.5959968,2,2,1
108936,35/11-5,3332.7479968000002,2,2,1
108937,35/11-5,3332.8999968000003,2,2,1
108938,35/11-5,3333.0519968000003,2,2,1
108939,35/11-5,3333.2039968000004,1,2,0
108940,35/11-5,3333.3559968000004,1,2,0
108941,35/11-5,3333.5079968,1,1,1
108942,35/11-5,3333.6599968,1,2,0
108943,35/11-5,3333.8119968,1,2,0
108944,35/11-5,3333.9639968,1,2,0
108945,35/11-5,3334.1159968,1,2,0
108946,35/11-5,3334.2679968,1,2,0
108947,35/11-5,3334.4199968000003,1,2,0
108948,35/11-5,3334.5719968000003,1,2,0
108949,35/11-5,3334.7239968000004,1,2,0
108950,35/11-5,3334.8759968000004,2,2,1
108951,35/11-5,3335.0279968000004,2,2,1
108952,35/11-5,3335.1799968,2,2,1
108953,35/11-5,3335.3319968,2,2,1
108954,35/11-5,3335.4839968,2,2,1
108955,35/11-5,3335.6359968,2,2,1
108956,35/11-5,3335.7879968,2,2,1
108957,35/11-5,3335.9399968000002,2,2,1
108958,35/11-5,3336.0919968000003,2,2,1
108959,35/11-5,3336.2439968000003,2,2,1
108960,35/11-5,3336.3959968000004,2,2,1
108961,35/11-5,3336.5479968000004,2,2,1
108962,35/11-5,3336.6999968,2,2,1
108963,35/11-5,3336.8519968,2,2,1
108964,35/11-5,3337.0039968,2,2,1
108965,35/11-5,3337.1559968,2,2,1
108966,35/11-5,3337.3079968,2,2,1
108967,35/11-5,3337.4599968,2,2,1
108968,35/11-5,3337.6119968000003,2,2,1
108969,35/11-5,3337.7639968000003,2,2,1
108970,35/11-5,3337.9159968000004,2,2,1
108971,35/11-5,3338.0679968000004,2,2,1
108972,35/11-5,3338.2199968000004,2,2,1
108973,35/11-5,3338.3719968,2,2,1
108974,35/11-5,3338.5239968,2,2,1
108975,35/11-5,3338.6759968,2,2,1
108976,35/11-5,3338.8279968,2,2,1
108977,35/11-5,3338.9799968,2,2,1
108978,35/11-5,3339.1319968000003,2,2,1
108979,35/11-5,3339.2839968000003,2,2,1
108980,35/11-5,3339.4359968000003,2,2,1
108981,35/11-5,3339.5879968000004,2,2,1
108982,35/11-5,3339.7399968000004,2,2,1
108983,35/11-5,3339.8919968,2,2,1
108984,35/11-5,3340.0439968,2,2,1
108985,35/11-5,3340.1959968,2,2,1
108986,35/11-5,3340.3479968,2,2,1
108987,35/11-5,3340.4999968,2,2,1
108988,35/11-5,3340.6519968000002,2,2,1
108989,35/11-5,3340.8039968000003,2,2,1
108990,35/11-5,3340.9559968000003,2,2,1
108991,35/11-5,3341.1079968000004,2,2,1
108992,35/11-5,3341.2599968000004,2,2,1
108993,35/11-5,3341.4119968,2,2,1
108994,35/11-5,3341.5639968,2,2,1
108995,35/11-5,3341.7159968,2,2,1
108996,35/11-5,3341.8679968,2,2,1
108997,35/11-5,3342.0199968,2,1,0
108998,35/11-5,3342.1719968,2,0,0
108999,35/11-5,3342.3239968000003,0,0,1
109000,35/11-5,3342.4759968000003,0,0,1
109001,35/11-5,3342.6279968000003,0,0,1
109002,35/11-5,3342.7799968000004,0,0,1
109003,35/11-5,3342.9319968000004,0,0,1
109004,35/11-5,3343.0839968,0,0,1
109005,35/11-5,3343.2359968,0,0,1
109006,35/11-5,3343.3879968,0,0,1
109007,35/11-5,3343.5399968,0,0,1
109008,35/11-5,3343.6919968,0,0,1
109009,35/11-5,3343.8439968000002,0,0,1
109010,35/11-5,3343.9959968000003,0,0,1
109011,35/11-5,3344.1479968000003,0,0,1
109012,35/11-5,3344.2999968000004,0,0,1
109013,35/11-5,3344.4519968000004,0,0,1
109014,35/11-5,3344.6039968,0,0,1
109015,35/11-5,3344.7559968,0,0,1
109016,35/11-5,3344.9079968,0,0,1
109017,35/11-5,3345.0599968,0,0,1
109018,35/11-5,3345.2119968,0,0,1
109019,35/11-5,3345.3639968,0,0,1
109020,35/11-5,3345.5159968000003,0,0,1
109021,35/11-5,3345.6679968000003,0,0,1
109022,35/11-5,3345.8199968000004,0,0,1
109023,35/11-5,3345.9719968000004,0,0,1
109024,35/11-5,3346.1239968000004,0,0,1
109025,35/11-5,3346.2759968,0,0,1
109026,35/11-5,3346.4279968,0,0,1
109027,35/11-5,3346.5799968,0,0,1
109028,35/11-5,3346.7319968,0,0,1
109029,35/11-5,3346.8839968,0,0,1
109030,35/11-5,3347.0359968000002,0,0,1
109031,35/11-5,3347.1879968000003,0,0,1
109032,35/11-5,3347.3399968000003,0,0,1
109033,35/11-5,3347.4919968000004,0,0,1
109034,35/11-5,3347.6439968000004,0,0,1
109035,35/11-5,3347.7959968,0,0,1
109036,35/11-5,3347.9479968,0,0,1
109037,35/11-5,3348.0999968,0,0,1
109038,35/11-5,3348.2519968,0,0,1
109039,35/11-5,3348.4039968,0,0,1
109040,35/11-5,3348.5559968000002,0,0,1
109041,35/11-5,3348.7079968000003,0,0,1
109042,35/11-5,3348.8599968000003,0,0,1
109043,35/11-5,3349.0119968000004,0,0,1
109044,35/11-5,3349.1639968000004,0,0,1
109045,35/11-5,3349.3159968,0,0,1
109046,35/11-5,3349.4679968,0,0,1
109047,35/11-5,3349.6199968,0,0,1
109048,35/11-5,3349.7719968,0,0,1
109049,35/11-5,3349.9239968,0,0,1
109050,35/11-5,3350.0759968,0,0,1
109051,35/11-5,3350.2279968000003,0,0,1
109052,35/11-5,3350.3799968000003,0,0,1
109053,35/11-5,3350.5319968000003,0,0,1
109054,35/11-5,3350.6839968000004,0,0,1
109055,35/11-5,3350.8359968000004,0,0,1
109056,35/11-5,3350.9879968,0,0,1
109057,35/11-5,3351.1399968,0,1,0
109058,35/11-5,3351.2919968,0,0,1
109059,35/11-5,3351.4439968,0,0,1
109060,35/11-5,3351.5959968,0,0,1
109061,35/11-5,3351.7479968000002,0,0,1
109062,35/11-5,3351.8999968000003,0,0,1
109063,35/11-5,3352.0519968000003,0,0,1
109064,35/11-5,3352.2039968000004,0,0,1
109065,35/11-5,3352.3559968000004,0,0,1
109066,35/11-5,3352.5079968,0,0,1
109067,35/11-5,3352.6599968,0,0,1
109068,35/11-5,3352.8119968,0,0,1
109069,35/11-5,3352.9639968,0,0,1
109070,35/11-5,3353.1159968,0,0,1
109071,35/11-5,3353.2679968,0,0,1
109072,35/11-5,3353.4199968000003,0,0,1
109073,35/11-5,3353.5719968000003,0,0,1
109074,35/11-5,3353.7239968000004,0,0,1
109075,35/11-5,3353.8759968000004,0,0,1
109076,35/11-5,3354.0279968000004,0,0,1
109077,35/11-5,3354.1799968,0,1,0
109078,35/11-5,3354.3319968,0,1,0
109079,35/11-5,3354.4839968,0,1,0
109080,35/11-5,3354.6359968,0,1,0
109081,35/11-5,3354.7879968,0,1,0
109082,35/11-5,3354.9399968000002,0,1,0
109083,35/11-5,3355.0919968000003,0,1,0
109084,35/11-5,3355.2439968000003,0,1,0
109085,35/11-5,3355.3959968000004,0,1,0
109086,35/11-5,3355.5479968000004,0,0,1
109087,35/11-5,3355.6999968,0,0,1
109088,35/11-5,3355.8519968,0,0,1
109089,35/11-5,3356.0039968,0,0,1
109090,35/11-5,3356.1559968,0,0,1
109091,35/11-5,3356.3079968,0,0,1
109092,35/11-5,3356.4599968,0,0,1
109093,35/11-5,3356.6119968000003,0,0,1
109094,35/11-5,3356.7639968000003,0,0,1
109095,35/11-5,3356.9159968000004,0,0,1
109096,35/11-5,3357.0679968000004,0,0,1
109097,35/11-5,3357.2199968000004,0,0,1
109098,35/11-5,3357.3719968,0,0,1
109099,35/11-5,3357.5239968,0,0,1
109100,35/11-5,3357.6759968,0,0,1
109101,35/11-5,3357.8279968,0,0,1
109102,35/11-5,3357.9799968,0,0,1
109103,35/11-5,3358.1319968000003,0,0,1
109104,35/11-5,3358.2839968000003,0,0,1
109105,35/11-5,3358.4359968000003,0,0,1
109106,35/11-5,3358.5879968000004,0,0,1
109107,35/11-5,3358.7399968000004,0,0,1
109108,35/11-5,3358.8919968,0,0,1
109109,35/11-5,3359.0439968,0,0,1
109110,35/11-5,3359.1959968,0,0,1
109111,35/11-5,3359.3479968,0,0,1
109112,35/11-5,3359.4999968,0,0,1
109113,35/11-5,3359.6519968000002,0,0,1
109114,35/11-5,3359.8039968000003,0,0,1
109115,35/11-5,3359.9559968000003,0,0,1
109116,35/11-5,3360.1079968000004,0,0,1
109117,35/11-5,3360.2599968000004,0,0,1
109118,35/11-5,3360.4119968,0,0,1
109119,35/11-5,3360.5639968,0,0,1
109120,35/11-5,3360.7159968,0,0,1
109121,35/11-5,3360.8679968,0,0,1
109122,35/11-5,3361.0199968,0,0,1
109123,35/11-5,3361.1719968,0,0,1
109124,35/11-5,3361.3239968000003,0,0,1
109125,35/11-5,3361.4759968000003,0,0,1
109126,35/11-5,3361.6279968000003,0,0,1
109127,35/11-5,3361.7799968000004,0,0,1
109128,35/11-5,3361.9319968000004,0,0,1
109129,35/11-5,3362.0839968,0,0,1
109130,35/11-5,3362.2359968,0,0,1
109131,35/11-5,3362.3879968,0,0,1
109132,35/11-5,3362.5399968,0,0,1
109133,35/11-5,3362.6919968,0,0,1
109134,35/11-5,3362.8439968000002,0,0,1
109135,35/11-5,3362.9959968000003,0,0,1
109136,35/11-5,3363.1479968000003,0,0,1
109137,35/11-5,3363.2999968000004,0,0,1
109138,35/11-5,3363.4519968000004,0,0,1
109139,35/11-5,3363.6039968,0,0,1
109140,35/11-5,3363.7559968,0,0,1
109141,35/11-5,3363.9079968,0,0,1
109142,35/11-5,3364.0599968,0,0,1
109143,35/11-5,3364.2119968,0,0,1
109144,35/11-5,3364.3639968,0,0,1
109145,35/11-5,3364.5159968000003,0,0,1
109146,35/11-5,3364.6679968000003,0,0,1
109147,35/11-5,3364.8199968000004,0,0,1
109148,35/11-5,3364.9719968000004,0,0,1
109149,35/11-5,3365.1239968000004,0,0,1
109150,35/11-5,3365.2759968,0,0,1
109151,35/11-5,3365.4279968,0,0,1
109152,35/11-5,3365.5799968,0,0,1
109153,35/11-5,3365.7319968,0,0,1
109154,35/11-5,3365.8839968,0,0,1
109155,35/11-5,3366.0359968000002,0,0,1
109156,35/11-5,3366.1879968000003,0,0,1
109157,35/11-5,3366.3399968000003,0,0,1
109158,35/11-5,3366.4919968000004,0,0,1
109159,35/11-5,3366.6439968000004,0,0,1
109160,35/11-5,3366.7959968,0,0,1
109161,35/11-5,3366.9479968,0,0,1
109162,35/11-5,3367.0999968,0,0,1
109163,35/11-5,3367.2519968,0,0,1
109164,35/11-5,3367.4039968,0,0,1
109165,35/11-5,3367.5559968000002,0,0,1
109166,35/11-5,3367.7079968000003,0,0,1
109167,35/11-5,3367.8599968000003,0,0,1
109168,35/11-5,3368.0119968000004,0,0,1
109169,35/11-5,3368.1639968000004,0,0,1
109170,35/11-5,3368.3159968,0,0,1
109171,35/11-5,3368.4679968,0,0,1
109172,35/11-5,3368.6199968,0,0,1
109173,35/11-5,3368.7719968,0,0,1
109174,35/11-5,3368.9239968,0,0,1
109175,35/11-5,3369.0759968,0,0,1
109176,35/11-5,3369.2279968000003,0,0,1
109177,35/11-5,3369.3799968000003,0,0,1
109178,35/11-5,3369.5319968000003,0,0,1
109179,35/11-5,3369.6839968000004,0,0,1
109180,35/11-5,3369.8359968000004,0,0,1
109181,35/11-5,3369.9879968,0,0,1
109182,35/11-5,3370.1399968,0,0,1
109183,35/11-5,3370.2919968,0,0,1
109184,35/11-5,3370.4439968,0,0,1
109185,35/11-5,3370.5959968,0,0,1
109186,35/11-5,3370.7479968000002,0,0,1
109187,35/11-5,3370.8999968000003,0,0,1
109188,35/11-5,3371.0519968000003,0,0,1
109189,35/11-5,3371.2039968000004,0,0,1
109190,35/11-5,3371.3559968000004,0,0,1
109191,35/11-5,3371.5079968,0,0,1
109192,35/11-5,3371.6599968,0,0,1
109193,35/11-5,3371.8119968,0,0,1
109194,35/11-5,3371.9639968,0,0,1
109195,35/11-5,3372.1159968,0,0,1
109196,35/11-5,3372.2679968,0,0,1
109197,35/11-5,3372.4199968000003,0,0,1
109198,35/11-5,3372.5719968000003,0,0,1
109199,35/11-5,3372.7239968000004,0,0,1
109200,35/11-5,3372.8759968000004,0,0,1
109201,35/11-5,3373.0279968000004,0,0,1
109202,35/11-5,3373.1799968,0,0,1
109203,35/11-5,3373.3319968,0,0,1
109204,35/11-5,3373.4839968,0,0,1
109205,35/11-5,3373.6359968,0,0,1
109206,35/11-5,3373.7879968,0,0,1
109207,35/11-5,3373.9399968000002,0,0,1
109208,35/11-5,3374.0919968000003,0,0,1
109209,35/11-5,3374.2439968000003,0,0,1
109210,35/11-5,3374.3959968000004,0,0,1
109211,35/11-5,3374.5479968000004,0,0,1
109212,35/11-5,3374.6999968,0,0,1
109213,35/11-5,3374.8519968,0,0,1
109214,35/11-5,3375.0039968,0,0,1
109215,35/11-5,3375.1559968,0,0,1
109216,35/11-5,3375.3079968,0,0,1
109217,35/11-5,3375.4599968,0,0,1
109218,35/11-5,3375.6119968000003,0,0,1
109219,35/11-5,3375.7639968000003,0,0,1
109220,35/11-5,3375.9159968000004,0,0,1
109221,35/11-5,3376.0679968000004,0,0,1
109222,35/11-5,3376.2199968000004,0,0,1
109223,35/11-5,3376.3719968,0,0,1
109224,35/11-5,3376.5239968,0,0,1
109225,35/11-5,3376.6759968,0,0,1
109226,35/11-5,3376.8279968,0,0,1
109227,35/11-5,3376.9799968,0,0,1
109228,35/11-5,3377.1319968000003,0,0,1
109229,35/11-5,3377.2839968000003,0,0,1
109230,35/11-5,3377.4359968000003,0,0,1
109231,35/11-5,3377.5879968000004,0,0,1
109232,35/11-5,3377.7399968000004,0,0,1
109233,35/11-5,3377.8919968,0,0,1
109234,35/11-5,3378.0439968,0,0,1
109235,35/11-5,3378.1959968,0,0,1
109236,35/11-5,3378.3479968,0,0,1
109237,35/11-5,3378.4999968,0,0,1
109238,35/11-5,3378.6519968000002,0,0,1
109239,35/11-5,3378.8039968000003,0,0,1
109240,35/11-5,3378.9559968000003,0,0,1
109241,35/11-5,3379.1079968000004,0,0,1
109242,35/11-5,3379.2599968000004,0,0,1
109243,35/11-5,3379.4119968,0,0,1
109244,35/11-5,3379.5639968,0,0,1
109245,35/11-5,3379.7159968,0,0,1
109246,35/11-5,3379.8679968,0,0,1
109247,35/11-5,3380.0199968,0,0,1
109248,35/11-5,3380.1719968,0,0,1
109249,35/11-5,3380.3239968000003,0,0,1
109250,35/11-5,3380.4759968000003,0,0,1
109251,35/11-5,3380.6279968000003,0,0,1
109252,35/11-5,3380.7799968000004,0,0,1
109253,35/11-5,3380.9319968000004,0,0,1
109254,35/11-5,3381.0839968,0,0,1
109255,35/11-5,3381.2359968,0,0,1
109256,35/11-5,3381.3879968,0,0,1
109257,35/11-5,3381.5399968,0,0,1
109258,35/11-5,3381.6919968,0,0,1
109259,35/11-5,3381.8439968000002,0,0,1
109260,35/11-5,3381.9959968000003,0,0,1
109261,35/11-5,3382.1479968000003,0,0,1
109262,35/11-5,3382.2999968000004,0,0,1
109263,35/11-5,3382.4519968000004,0,1,0
109264,35/11-5,3382.6039968,0,1,0
109265,35/11-5,3382.7559968,0,0,1
109266,35/11-5,3382.9079968,0,0,1
109267,35/11-5,3383.0599968,0,1,0
109268,35/11-5,3383.2119968,0,1,0
109269,35/11-5,3383.3639968,0,1,0
109270,35/11-5,3383.5159968000003,0,1,0
109271,35/11-5,3383.6679968000003,0,1,0
109272,35/11-5,3383.8199968000004,1,1,1
109273,35/11-5,3383.9719968000004,1,1,1
109274,35/11-5,3384.1239968000004,1,1,1
109275,35/11-5,3384.2759968,1,1,1
109276,35/11-5,3384.4279968,1,1,1
109277,35/11-5,3384.5799968,1,1,1
109278,35/11-5,3384.7319968,1,1,1
109279,35/11-5,3384.8839968,1,1,1
109280,35/11-5,3385.0359968000002,1,1,1
109281,35/11-5,3385.1879968000003,1,1,1
109282,35/11-5,3385.3399968000003,1,1,1
109283,35/11-5,3385.4919968000004,1,1,1
109284,35/11-5,3385.6439968000004,1,1,1
109285,35/11-5,3385.7959968,1,1,1
109286,35/11-5,3385.9479968,1,2,0
109287,35/11-5,3386.0999968,1,2,0
109288,35/11-5,3386.2519968,1,2,0
109289,35/11-5,3386.4039968,1,1,1
109290,35/11-5,3386.5559968000002,0,0,1
109291,35/11-5,3386.7079968000003,0,0,1
109292,35/11-5,3386.8599968000003,0,0,1
109293,35/11-5,3387.0119968000004,0,0,1
109294,35/11-5,3387.1639968000004,0,0,1
109295,35/11-5,3387.3159968,0,0,1
109296,35/11-5,3387.4679968,0,0,1
109297,35/11-5,3387.6199968,0,0,1
109298,35/11-5,3387.7719968,0,0,1
109299,35/11-5,3387.9239968,0,0,1
109300,35/11-5,3388.0759968,0,0,1
109301,35/11-5,3388.2279968000003,0,0,1
109302,35/11-5,3388.3799968000003,0,0,1
109303,35/11-5,3388.5319968000003,0,0,1
109304,35/11-5,3388.6839968000004,0,0,1
109305,35/11-5,3388.8359968000004,0,0,1
109306,35/11-5,3388.9879968,0,0,1
109307,35/11-5,3389.1399968,0,0,1
109308,35/11-5,3389.2919968,0,0,1
109309,35/11-5,3389.4439968,0,0,1
109310,35/11-5,3389.5959968,0,0,1
109311,35/11-5,3389.7479968000002,0,0,1
109312,35/11-5,3389.8999968000003,0,0,1
109313,35/11-5,3390.0519968000003,0,0,1
109314,35/11-5,3390.2039968000004,0,0,1
109315,35/11-5,3390.3559968000004,0,0,1
109316,35/11-5,3390.5079968,0,0,1
109317,35/11-5,3390.6599968,1,0,0
109318,35/11-5,3390.8119968,1,0,0
109319,35/11-5,3390.9639968,1,1,1
109320,35/11-5,3391.1159968,1,1,1
109321,35/11-5,3391.2679968,1,1,1
109322,35/11-5,3391.4199968000003,1,1,1
109323,35/11-5,3391.5719968000003,1,1,1
109324,35/11-5,3391.7239968000004,1,1,1
109325,35/11-5,3391.8759968000004,1,1,1
109326,35/11-5,3392.0279968000004,1,1,1
109327,35/11-5,3392.1799968,1,1,1
109328,35/11-5,3392.3319968,1,0,0
109329,35/11-5,3392.4839968,1,0,0
109330,35/11-5,3392.6359968,1,0,0
109331,35/11-5,3392.7879968,1,0,0
109332,35/11-5,3392.9399968000002,1,0,0
109333,35/11-5,3393.0919968000003,1,0,0
109334,35/11-5,3393.2439968000003,0,0,1
109335,35/11-5,3393.3959968000004,0,0,1
109336,35/11-5,3393.5479968000004,0,0,1
109337,35/11-5,3393.6999968,0,0,1
109338,35/11-5,3393.8519968,0,0,1
109339,35/11-5,3394.0039968,0,0,1
109340,35/11-5,3394.1559968,0,0,1
109341,35/11-5,3394.3079968,0,0,1
109342,35/11-5,3394.4599968,0,0,1
109343,35/11-5,3394.6119968000003,0,0,1
109344,35/11-5,3394.7639968000003,0,0,1
109345,35/11-5,3394.9159968000004,0,0,1
109346,35/11-5,3395.0679968000004,0,0,1
109347,35/11-5,3395.2199968000004,0,0,1
109348,35/11-5,3395.3719968,0,0,1
109349,35/11-5,3395.5239968,0,0,1
109350,35/11-5,3395.6759968,0,2,0
109351,35/11-5,3395.8279968,0,2,0
109352,35/11-5,3395.9799968,0,2,0
109353,35/11-5,3396.1319968000003,2,2,1
109354,35/11-5,3396.2839968000003,2,2,1
109355,35/11-5,3396.4359968000003,2,2,1
109356,35/11-5,3396.5879968000004,2,2,1
109357,35/11-5,3396.7399968000004,2,2,1
109358,35/11-5,3396.8919968,2,2,1
109359,35/11-5,3397.0439968,2,2,1
109360,35/11-5,3397.1959968,2,2,1
109361,35/11-5,3397.3479968,2,2,1
109362,35/11-5,3397.4999968,2,1,0
109363,35/11-5,3397.6519968000002,0,0,1
109364,35/11-5,3397.8039968000003,0,0,1
109365,35/11-5,3397.9559968000003,0,0,1
109366,35/11-5,3398.1079968000004,0,0,1
109367,35/11-5,3398.2599968000004,0,0,1
109368,35/11-5,3398.4119968,0,0,1
109369,35/11-5,3398.5639968,0,0,1
109370,35/11-5,3398.7159968,0,0,1
109371,35/11-5,3398.8679968,0,0,1
109372,35/11-5,3399.0199968,0,0,1
109373,35/11-5,3399.1719968,0,0,1
109374,35/11-5,3399.3239968000003,0,0,1
109375,35/11-5,3399.4759968000003,0,0,1
109376,35/11-5,3399.6279968000003,0,0,1
109377,35/11-5,3399.7799968000004,0,1,0
109378,35/11-5,3399.9319968000004,0,1,0
109379,35/11-5,3400.0839968,0,1,0
109380,35/11-5,3400.2359968,0,0,1
109381,35/11-5,3400.3879968,0,0,1
109382,35/11-5,3400.5399968,0,0,1
109383,35/11-5,3400.6919968,0,0,1
109384,35/11-5,3400.8439968000002,0,0,1
109385,35/11-5,3400.9959968000003,0,0,1
109386,35/11-5,3401.1479968000003,0,0,1
109387,35/11-5,3401.2999968000004,0,0,1
109388,35/11-5,3401.4519968000004,0,0,1
109389,35/11-5,3401.6039968,0,0,1
109390,35/11-5,3401.7559968,0,0,1
109391,35/11-5,3401.9079968,0,0,1
109392,35/11-5,3402.0599968,0,1,0
109393,35/11-5,3402.2119968,0,0,1
109394,35/11-5,3402.3639968,0,1,0
109395,35/11-5,3402.5159968000003,0,0,1
109396,35/11-5,3402.6679968000003,0,0,1
109397,35/11-5,3402.8199968000004,0,0,1
109398,35/11-5,3402.9719968000004,0,0,1
109399,35/11-5,3403.1239968000004,0,0,1
109400,35/11-5,3403.2759968,0,0,1
109401,35/11-5,3403.4279968,0,0,1
109402,35/11-5,3403.5799968,0,0,1
109403,35/11-5,3403.7319968,0,0,1
109404,35/11-5,3403.8839968,0,0,1
109405,35/11-5,3404.0359968000002,0,0,1
109406,35/11-5,3404.1879968000003,0,0,1
109407,35/11-5,3404.3399968000003,0,0,1
109408,35/11-5,3404.4919968000004,0,0,1
109409,35/11-5,3404.6439968000004,0,0,1
109410,35/11-5,3404.7959968,0,0,1
109411,35/11-5,3404.9479968,0,0,1
109412,35/11-5,3405.0999968,0,0,1
109413,35/11-5,3405.2519968,0,0,1
109414,35/11-5,3405.4039968,0,0,1
109415,35/11-5,3405.5559968000002,0,0,1
109416,35/11-5,3405.7079968000003,0,0,1
109417,35/11-5,3405.8599968000003,0,0,1
109418,35/11-5,3406.0119968000004,0,0,1
109419,35/11-5,3406.1639968000004,0,0,1
109420,35/11-5,3406.3159968,0,0,1
109421,35/11-5,3406.4679968,0,0,1
109422,35/11-5,3406.6199968,0,1,0
109423,35/11-5,3406.7719968,0,1,0
109424,35/11-5,3406.9239968,0,1,0
109425,35/11-5,3407.0759968,0,1,0
109426,35/11-5,3407.2279968000003,0,1,0
109427,35/11-5,3407.3799968000003,0,0,1
109428,35/11-5,3407.5319968000003,0,1,0
109429,35/11-5,3407.6839968000004,0,1,0
109430,35/11-5,3407.8359968000004,0,2,0
109431,35/11-5,3407.9879968,0,2,0
109432,35/11-5,3408.1399968,0,2,0
109433,35/11-5,3408.2919968,0,2,0
109434,35/11-5,3408.4439968,0,1,0
109435,35/11-5,3408.5959968,0,1,0
109436,35/11-5,3408.7479968000002,0,0,1
109437,35/11-5,3408.8999968000003,0,0,1
109438,35/11-5,3409.0519968000003,0,0,1
109439,35/11-5,3409.2039968000004,0,1,0
109440,35/11-5,3409.3559968000004,0,2,0
109441,35/11-5,3409.5079968,0,2,0
109442,35/11-5,3409.6599968,0,2,0
109443,35/11-5,3409.8119968,0,1,0
109444,35/11-5,3409.9639968,0,1,0
109445,35/11-5,3410.1159968,0,1,0
109446,35/11-5,3410.2679968,0,1,0
109447,35/11-5,3410.4199968000003,0,0,1
109448,35/11-5,3410.5719968000003,0,0,1
109449,35/11-5,3410.7239968000004,0,0,1
109450,35/11-5,3410.8759968000004,0,0,1
109451,35/11-5,3411.0279968000004,0,0,1
109452,35/11-5,3411.1799968,0,0,1
109453,35/11-5,3411.3319968,0,0,1
109454,35/11-5,3411.4839968,0,0,1
109455,35/11-5,3411.6359968,0,1,0
109456,35/11-5,3411.7879968,0,1,0
109457,35/11-5,3411.9399968000002,0,1,0
109458,35/11-5,3412.0919968000003,0,1,0
109459,35/11-5,3412.2439968000003,0,1,0
109460,35/11-5,3412.3959968000004,0,1,0
109461,35/11-5,3412.5479968000004,0,1,0
109462,35/11-5,3412.6999968,0,1,0
109463,35/11-5,3412.8519968,0,1,0
109464,35/11-5,3413.0039968,0,1,0
109465,35/11-5,3413.1559968,0,1,0
109466,35/11-5,3413.3079968,0,1,0
109467,35/11-5,3413.4599968,0,2,0
109468,35/11-5,3413.6119968000003,0,2,0
109469,35/11-5,3413.7639968000003,0,2,0
109470,35/11-5,3413.9159968000004,0,2,0
109471,35/11-5,3414.0679968000004,2,2,1
109472,35/11-5,3414.2199968000004,2,2,1
109473,35/11-5,3414.3719968,2,2,1
109474,35/11-5,3414.5239968,2,2,1
109475,35/11-5,3414.6759968,2,2,1
109476,35/11-5,3414.8279968,2,2,1
109477,35/11-5,3414.9799968,2,2,1
109478,35/11-5,3415.1319968000003,2,2,1
109479,35/11-5,3415.2839968000003,2,2,1
109480,35/11-5,3415.4359968000003,2,2,1
109481,35/11-5,3415.5879968000004,2,2,1
109482,35/11-5,3415.7399968000004,2,2,1
109483,35/11-5,3415.8919968,2,2,1
109484,35/11-5,3416.0439968,2,2,1
109485,35/11-5,3416.1959968,2,2,1
109486,35/11-5,3416.3479968,2,2,1
109487,35/11-5,3416.4999968,2,2,1
109488,35/11-5,3416.6519968000002,2,2,1
109489,35/11-5,3416.8039968000003,2,2,1
109490,35/11-5,3416.9559968000003,2,2,1
109491,35/11-5,3417.1079968000004,2,2,1
109492,35/11-5,3417.2599968000004,2,2,1
109493,35/11-5,3417.4119968,2,2,1
109494,35/11-5,3417.5639968,2,2,1
109495,35/11-5,3417.7159968,2,2,1
109496,35/11-5,3417.8679968,2,2,1
109497,35/11-5,3418.0199968,2,2,1
109498,35/11-5,3418.1719968,2,2,1
109499,35/11-5,3418.3239968000003,2,2,1
109500,35/11-5,3418.4759968000003,2,2,1
109501,35/11-5,3418.6279968000003,2,2,1
109502,35/11-5,3418.7799968000004,2,1,0
109503,35/11-5,3418.9319968000004,0,1,0
109504,35/11-5,3419.0839968,0,1,0
109505,35/11-5,3419.2359968,0,1,0
109506,35/11-5,3419.3879968,0,0,1
109507,35/11-5,3419.5399968,0,0,1
109508,35/11-5,3419.6919968,0,0,1
109509,35/11-5,3419.8439968000002,0,0,1
109510,35/11-5,3419.9959968000003,0,0,1
109511,35/11-5,3420.1479968000003,0,0,1
109512,35/11-5,3420.2999968000004,0,0,1
109513,35/11-5,3420.4519968000004,0,0,1
109514,35/11-5,3420.6039968,0,1,0
109515,35/11-5,3420.7559968,0,1,0
109516,35/11-5,3420.9079968,0,1,0
109517,35/11-5,3421.0599968,0,1,0
109518,35/11-5,3421.2119968,0,0,1
109519,35/11-5,3421.3639968,0,0,1
109520,35/11-5,3421.5159968000003,0,0,1
109521,35/11-5,3421.6679968000003,0,0,1
109522,35/11-5,3421.8199968000004,0,0,1
109523,35/11-5,3421.9719968000004,0,0,1
109524,35/11-5,3422.1239968000004,0,0,1
109525,35/11-5,3422.2759968,0,0,1
109526,35/11-5,3422.4279968,0,0,1
109527,35/11-5,3422.5799968,0,0,1
109528,35/11-5,3422.7319968,0,0,1
109529,35/11-5,3422.8839968,0,0,1
109530,35/11-5,3423.0359968000002,0,0,1
109531,35/11-5,3423.1879968000003,0,1,0
109532,35/11-5,3423.3399968000003,0,2,0
109533,35/11-5,3423.4919968000004,2,2,1
109534,35/11-5,3423.6439968000004,2,2,1
109535,35/11-5,3423.7959968,2,2,1
109536,35/11-5,3423.9479968,2,2,1
109537,35/11-5,3424.0999968,2,2,1
109538,35/11-5,3424.2519968,2,2,1
109539,35/11-5,3424.4039968,2,2,1
109540,35/11-5,3424.5559968000002,2,2,1
109541,35/11-5,3424.7079968000003,2,2,1
109542,35/11-5,3424.8599968000003,2,2,1
109543,35/11-5,3425.0119968000004,2,2,1
109544,35/11-5,3425.1639968000004,2,2,1
109545,35/11-5,3425.3159968,2,2,1
109546,35/11-5,3425.4679968,2,2,1
109547,35/11-5,3425.6199968,2,2,1
109548,35/11-5,3425.7719968,2,2,1
109549,35/11-5,3425.9239968,2,2,1
109550,35/11-5,3426.0759968,2,2,1
109551,35/11-5,3426.2279968000003,2,2,1
109552,35/11-5,3426.3799968000003,2,2,1
109553,35/11-5,3426.5319968000003,2,2,1
109554,35/11-5,3426.6839968000004,2,2,1
109555,35/11-5,3426.8359968000004,2,2,1
109556,35/11-5,3426.9879968,2,2,1
109557,35/11-5,3427.1399968,2,2,1
109558,35/11-5,3427.2919968,2,2,1
109559,35/11-5,3427.4439968,2,2,1
109560,35/11-5,3427.5959968,2,2,1
109561,35/11-5,3427.7479968000002,2,2,1
109562,35/11-5,3427.8999968000003,2,2,1
109563,35/11-5,3428.0519968000003,2,2,1
109564,35/11-5,3428.2039968000004,2,2,1
109565,35/11-5,3428.3559968000004,2,1,0
109566,35/11-5,3428.5079968,0,0,1
109567,35/11-5,3428.6599968,0,0,1
109568,35/11-5,3428.8119968,0,0,1
109569,35/11-5,3428.9639968,0,0,1
109570,35/11-5,3429.1159968,0,0,1
109571,35/11-5,3429.2679968,0,0,1
109572,35/11-5,3429.4199968000003,0,0,1
109573,35/11-5,3429.5719968000003,0,0,1
109574,35/11-5,3429.7239968000004,0,0,1
109575,35/11-5,3429.8759968000004,0,0,1
109576,35/11-5,3430.0279968000004,0,0,1
109577,35/11-5,3430.1799968,0,0,1
109578,35/11-5,3430.3319968,0,0,1
109579,35/11-5,3430.4839968,0,0,1
109580,35/11-5,3430.6359968,0,0,1
109581,35/11-5,3430.7879968,0,0,1
109582,35/11-5,3430.9399968000002,0,0,1
109583,35/11-5,3431.0919968000003,0,0,1
109584,35/11-5,3431.2439968000003,0,0,1
109585,35/11-5,3431.3959968000004,0,0,1
109586,35/11-5,3431.5479968000004,0,0,1
109587,35/11-5,3431.6999968,0,0,1
109588,35/11-5,3431.8519968,0,0,1
109589,35/11-5,3432.0039968,0,0,1
109590,35/11-5,3432.1559968,0,1,0
109591,35/11-5,3432.3079968,0,1,0
109592,35/11-5,3432.4599968,0,1,0
109593,35/11-5,3432.6119968000003,0,1,0
109594,35/11-5,3432.7639968000003,0,1,0
109595,35/11-5,3432.9159968000004,0,1,0
109596,35/11-5,3433.0679968000004,0,1,0
109597,35/11-5,3433.2199968000004,0,1,0
109598,35/11-5,3433.3719968,0,1,0
109599,35/11-5,3433.5239968,0,1,0
109600,35/11-5,3433.6759968,0,1,0
109601,35/11-5,3433.8279968,0,1,0
109602,35/11-5,3433.9799968,0,2,0
109603,35/11-5,3434.1319968000003,0,2,0
109604,35/11-5,3434.2839968000003,0,2,0
109605,35/11-5,3434.4359968000003,0,2,0
109606,35/11-5,3434.5879968000004,0,2,0
109607,35/11-5,3434.7399968000004,0,2,0
109608,35/11-5,3434.8919968,0,2,0
109609,35/11-5,3435.0439968,2,2,1
109610,35/11-5,3435.1959968,2,2,1
109611,35/11-5,3435.3479968,2,2,1
109612,35/11-5,3435.4999968,2,2,1
109613,35/11-5,3435.6519968000002,2,2,1
109614,35/11-5,3435.8039968000003,2,2,1
109615,35/11-5,3435.9559968000003,2,2,1
109616,35/11-5,3436.1079968000004,2,1,0
109617,35/11-5,3436.2599968000004,0,0,1
109618,35/11-5,3436.4119968,0,0,1
109619,35/11-5,3436.5639968,0,1,0
109620,35/11-5,3436.7159968,0,1,0
109621,35/11-5,3436.8679968,0,1,0
109622,35/11-5,3437.0199968,0,2,0
109623,35/11-5,3437.1719968,0,2,0
109624,35/11-5,3437.3239968000003,0,2,0
109625,35/11-5,3437.4759968000003,0,2,0
109626,35/11-5,3437.6279968000003,0,1,0
109627,35/11-5,3437.7799968000004,0,1,0
109628,35/11-5,3437.9319968000004,0,1,0
109629,35/11-5,3438.0839968,0,0,1
109630,35/11-5,3438.2359968,0,1,0
109631,35/11-5,3438.3879968,0,0,1
109632,35/11-5,3438.5399968,0,0,1
109633,35/11-5,3438.6919968,0,0,1
109634,35/11-5,3438.8439968000002,0,0,1
109635,35/11-5,3438.9959968000003,0,0,1
109636,35/11-5,3439.1479968000003,0,1,0
109637,35/11-5,3439.2999968000004,0,2,0
109638,35/11-5,3439.4519968000004,0,2,0
109639,35/11-5,3439.6039968,0,1,0
109640,35/11-5,3439.7559968,0,1,0
109641,35/11-5,3439.9079968,0,0,1
109642,35/11-5,3440.0599968,0,0,1
109643,35/11-5,3440.2119968,0,0,1
109644,35/11-5,3440.3639968,0,0,1
109645,35/11-5,3440.5159968000003,0,0,1
109646,35/11-5,3440.6679968000003,0,1,0
109647,35/11-5,3440.8199968000004,0,1,0
109648,35/11-5,3440.9719968000004,0,1,0
109649,35/11-5,3441.1239968000004,0,1,0
109650,35/11-5,3441.2759968,0,1,0
109651,35/11-5,3441.4279968,0,1,0
109652,35/11-5,3441.5799968,0,1,0
109653,35/11-5,3441.7319968,0,2,0
109654,35/11-5,3441.8839968,0,2,0
109655,35/11-5,3442.0359968000002,0,2,0
109656,35/11-5,3442.1879968000003,0,2,0
109657,35/11-5,3442.3399968000003,0,2,0
109658,35/11-5,3442.4919968000004,0,2,0
109659,35/11-5,3442.6439968000004,0,1,0
109660,35/11-5,3442.7959968,0,1,0
109661,35/11-5,3442.9479968,0,1,0
109662,35/11-5,3443.0999968,0,1,0
109663,35/11-5,3443.2519968,0,1,0
109664,35/11-5,3443.4039968,0,1,0
109665,35/11-5,3443.5559968000002,0,0,1
109666,35/11-5,3443.7079968000003,0,1,0
109667,35/11-5,3443.8599968000003,0,1,0
109668,35/11-5,3444.0119968000004,0,0,1
109669,35/11-5,3444.1639968000004,0,0,1
109670,35/11-5,3444.3159968,0,0,1
109671,35/11-5,3444.4679968,0,1,0
109672,35/11-5,3444.6199968,0,0,1
109673,35/11-5,3444.7719968,0,0,1
109674,35/11-5,3444.9239968,0,0,1
109675,35/11-5,3445.0759968,0,0,1
109676,35/11-5,3445.2279968000003,0,0,1
109677,35/11-5,3445.3799968000003,0,0,1
109678,35/11-5,3445.5319968000003,0,0,1
109679,35/11-5,3445.6839968000004,0,1,0
109680,35/11-5,3445.8359968000004,0,0,1
109681,35/11-5,3445.9879968,0,0,1
109682,35/11-5,3446.1399968,0,0,1
109683,35/11-5,3446.2919968,0,0,1
109684,35/11-5,3446.4439968,0,0,1
109685,35/11-5,3446.5959968,0,0,1
109686,35/11-5,3446.7479968000002,0,0,1
109687,35/11-5,3446.8999968000003,0,0,1
109688,35/11-5,3447.0519968000003,0,1,0
109689,35/11-5,3447.2039968000004,0,0,1
109690,35/11-5,3447.3559968000004,0,0,1
109691,35/11-5,3447.5079968,0,0,1
109692,35/11-5,3447.6599968,0,0,1
109693,35/11-5,3447.8119968,0,0,1
109694,35/11-5,3447.9639968,0,0,1
109695,35/11-5,3448.1159968,0,0,1
109696,35/11-5,3448.2679968,0,0,1
109697,35/11-5,3448.4199968000003,0,1,0
109698,35/11-5,3448.5719968000003,0,1,0
109699,35/11-5,3448.7239968000004,0,1,0
109700,35/11-5,3448.8759968000004,0,1,0
109701,35/11-5,3449.0279968000004,0,1,0
109702,35/11-5,3449.1799968,0,0,1
109703,35/11-5,3449.3319968,0,0,1
109704,35/11-5,3449.4839968,0,1,0
109705,35/11-5,3449.6359968,0,1,0
109706,35/11-5,3449.7879968,0,1,0
109707,35/11-5,3449.9399968000002,0,1,0
109708,35/11-5,3450.0919968000003,0,1,0
109709,35/11-5,3450.2439968000003,0,1,0
109710,35/11-5,3450.3959968000004,0,1,0
109711,35/11-5,3450.5479968000004,0,2,0
109712,35/11-5,3450.6999968,0,2,0
109713,35/11-5,3450.8519968,0,2,0
109714,35/11-5,3451.0039968,0,2,0
109715,35/11-5,3451.1559968,0,1,0
109716,35/11-5,3451.3079968,0,1,0
109717,35/11-5,3451.4599968,0,1,0
109718,35/11-5,3451.6119968000003,0,1,0
109719,35/11-5,3451.7639968000003,0,1,0
109720,35/11-5,3451.9159968000004,0,1,0
109721,35/11-5,3452.0679968000004,0,1,0
109722,35/11-5,3452.2199968000004,0,1,0
109723,35/11-5,3452.3719968,0,1,0
109724,35/11-5,3452.5239968,0,1,0
109725,35/11-5,3452.6759968,0,1,0
109726,35/11-5,3452.8279968,0,1,0
109727,35/11-5,3452.9799968,0,1,0
109728,35/11-5,3453.1319968000003,0,2,0
109729,35/11-5,3453.2839968000003,0,1,0
109730,35/11-5,3453.4359968000003,0,1,0
109731,35/11-5,3453.5879968000004,0,1,0
109732,35/11-5,3453.7399968000004,0,1,0
109733,35/11-5,3453.8919968,0,1,0
109734,35/11-5,3454.0439968,0,1,0
109735,35/11-5,3454.1959968,0,1,0
109736,35/11-5,3454.3479968,0,1,0
109737,35/11-5,3454.4999968,0,1,0
109738,35/11-5,3454.6519968000002,0,1,0
109739,35/11-5,3454.8039968000003,0,1,0
109740,35/11-5,3454.9559968000003,0,1,0
109741,35/11-5,3455.1079968000004,0,1,0
109742,35/11-5,3455.2599968000004,0,1,0
109743,35/11-5,3455.4119968,0,0,1
109744,35/11-5,3455.5639968,0,0,1
109745,35/11-5,3455.7159968,0,0,1
109746,35/11-5,3455.8679968,0,1,0
109747,35/11-5,3456.0199968,0,1,0
109748,35/11-5,3456.1719968,0,1,0
109749,35/11-5,3456.3239968000003,0,1,0
109750,35/11-5,3456.4759968000003,0,1,0
109751,35/11-5,3456.6279968000003,0,1,0
109752,35/11-5,3456.7799968000004,0,1,0
109753,35/11-5,3456.9319968000004,0,1,0
109754,35/11-5,3457.0839968,0,1,0
109755,35/11-5,3457.2359968,0,1,0
109756,35/11-5,3457.3879968,0,1,0
109757,35/11-5,3457.5399968,0,1,0
109758,35/11-5,3457.6919968,0,1,0
109759,35/11-5,3457.8439968000002,0,1,0
109760,35/11-5,3457.9959968000003,0,1,0
109761,35/11-5,3458.1479968000003,0,1,0
109762,35/11-5,3458.2999968000004,0,1,0
109763,35/11-5,3458.4519968000004,0,1,0
109764,35/11-5,3458.6039968,0,1,0
109765,35/11-5,3458.7559968,0,1,0
109766,35/11-5,3458.9079968,0,1,0
109767,35/11-5,3459.0599968,0,1,0
109768,35/11-5,3459.2119968,0,1,0
109769,35/11-5,3459.3639968,0,1,0
109770,35/11-5,3459.5159968000003,0,2,0
109771,35/11-5,3459.6679968000003,0,2,0
109772,35/11-5,3459.8199968000004,0,2,0
109773,35/11-5,3459.9719968000004,0,1,0
109774,35/11-5,3460.1239968000004,0,1,0
109775,35/11-5,3460.2759968,0,1,0
109776,35/11-5,3460.4279968,0,1,0
109777,35/11-5,3460.5799968,0,1,0
109778,35/11-5,3460.7319968,0,1,0
109779,35/11-5,3460.8839968,0,1,0
109780,35/11-5,3461.0359968000002,0,1,0
109781,35/11-5,3461.1879968000003,0,1,0
109782,35/11-5,3461.3399968000003,0,1,0
109783,35/11-5,3461.4919968000004,0,1,0
109784,35/11-5,3461.6439968000004,0,1,0
109785,35/11-5,3461.7959968,0,1,0
109786,35/11-5,3461.9479968,0,1,0
109787,35/11-5,3462.0999968,0,1,0
109788,35/11-5,3462.2519968,0,1,0
109789,35/11-5,3462.4039968,0,1,0
109790,35/11-5,3462.5559968000002,0,1,0
109791,35/11-5,3462.7079968000003,0,1,0
109792,35/11-5,3462.8599968000003,0,1,0
109793,35/11-5,3463.0119968000004,0,1,0
109794,35/11-5,3463.1639968000004,0,1,0
109795,35/11-5,3463.3159968,0,1,0
109796,35/11-5,3463.4679968,0,1,0
109797,35/11-5,3463.6199968,0,1,0
109798,35/11-5,3463.7719968,0,1,0
109799,35/11-5,3463.9239968,0,1,0
109800,35/11-5,3464.0759968,0,1,0
109801,35/11-5,3464.2279968000003,0,1,0
109802,35/11-5,3464.3799968000003,0,2,0
109803,35/11-5,3464.5319968000003,0,1,0
109804,35/11-5,3464.6839968000004,0,1,0
109805,35/11-5,3464.8359968000004,0,1,0
109806,35/11-5,3464.9879968,0,1,0
109807,35/11-5,3465.1399968,0,2,0
109808,35/11-5,3465.2919968,0,2,0
109809,35/11-5,3465.4439968,0,2,0
109810,35/11-5,3465.5959968,0,1,0
109811,35/11-5,3465.7479968000002,0,1,0
109812,35/11-5,3465.8999968000003,0,1,0
109813,35/11-5,3466.0519968000003,0,1,0
109814,35/11-5,3466.2039968000004,0,2,0
109815,35/11-5,3466.3559968000004,0,0,1
109816,35/11-5,3466.5079968,0,0,1
109817,35/11-5,3466.6599968,0,0,1
109818,35/11-5,3466.8119968,0,0,1
109819,35/11-5,3466.9639968,0,0,1
109820,35/11-5,3467.1159968,0,0,1
109821,35/11-5,3467.2679968,0,0,1
109822,35/11-5,3467.4199968000003,0,0,1
109823,35/11-5,3467.5719968000003,0,0,1
109824,35/11-5,3467.7239968000004,0,0,1
109825,35/11-5,3467.8759968000004,0,0,1
109826,35/11-5,3468.0279968000004,0,0,1
109827,35/11-5,3468.1799968,0,0,1
109828,35/11-5,3468.3319968,0,0,1
109829,35/11-5,3468.4839968,0,0,1
109830,35/11-5,3468.6359968,0,0,1
109831,35/11-5,3468.7879968,0,0,1
109832,35/11-5,3468.9399968000002,0,0,1
109833,35/11-5,3469.0919968000003,0,0,1
109834,35/11-5,3469.2439968000003,0,0,1
109835,35/11-5,3469.3959968000004,0,0,1
109836,35/11-5,3469.5479968000004,0,0,1
109837,35/11-5,3469.6999968,0,0,1
109838,35/11-5,3469.8519968,0,0,1
109839,35/11-5,3470.0039968,0,0,1
109840,35/11-5,3470.1559968,0,0,1
109841,35/11-5,3470.3079968,0,0,1
109842,35/11-5,3470.4599968,0,0,1
109843,35/11-5,3470.6119968000003,0,0,1
109844,35/11-5,3470.7639968000003,0,0,1
109845,35/11-5,3470.9159968000004,0,0,1
109846,35/11-5,3471.0679968000004,0,0,1
109847,35/11-5,3471.2199968000004,0,0,1
109848,35/11-5,3471.3719968,0,0,1
109849,35/11-5,3471.5239968,0,0,1
109850,35/11-5,3471.6759968,0,0,1
109851,35/11-5,3471.8279968,0,0,1
109852,35/11-5,3471.9799968,0,0,1
109853,35/11-5,3472.1319968000003,0,0,1
109854,35/11-5,3472.2839968000003,0,0,1
109855,35/11-5,3472.4359968000003,0,0,1
109856,35/11-5,3472.5879968000004,0,0,1
109857,35/11-5,3472.7399968000004,0,0,1
109858,35/11-5,3472.8919968,0,0,1
109859,35/11-5,3473.0439968,0,0,1
109860,35/11-5,3473.1959968,0,0,1
109861,35/11-5,3473.3479968,0,0,1
109862,35/11-5,3473.4999968,0,0,1
109863,35/11-5,3473.6519968000002,0,1,0
109864,35/11-5,3473.8039968000003,0,1,0
109865,35/11-5,3473.9559968000003,0,0,1
109866,35/11-5,3474.1079968000004,0,0,1
109867,35/11-5,3474.2599968000004,0,0,1
109868,35/11-5,3474.4119968,0,1,0
109869,35/11-5,3474.5639968,0,1,0
109870,35/11-5,3474.7159968,0,0,1
109871,35/11-5,3474.8679968,0,0,1
109872,35/11-5,3475.0199968,0,1,0
109873,35/11-5,3475.1719968,0,1,0
109874,35/11-5,3475.3239968000003,0,0,1
109875,35/11-5,3475.4759968000003,0,0,1
109876,35/11-5,3475.6279968000003,0,0,1
109877,35/11-5,3475.7799968000004,0,0,1
109878,35/11-5,3475.9319968000004,0,0,1
109879,35/11-5,3476.0839968,0,1,0
109880,35/11-5,3476.2359968,0,1,0
109881,35/11-5,3476.3879968,0,1,0
109882,35/11-5,3476.5399968,0,1,0
109883,35/11-5,3476.6919968,0,1,0
109884,35/11-5,3476.8439968000002,0,1,0
109885,35/11-5,3476.9959968000003,0,1,0
109886,35/11-5,3477.1479968000003,0,1,0
109887,35/11-5,3477.2999968000004,0,1,0
109888,35/11-5,3477.4519968000004,0,1,0
109889,35/11-5,3477.6039968,0,1,0
109890,35/11-5,3477.7559968,0,1,0
109891,35/11-5,3477.9079968,0,1,0
109892,35/11-5,3478.0599968,0,1,0
109893,35/11-5,3478.2119968,0,1,0
109894,35/11-5,3478.3639968,0,1,0
109895,35/11-5,3478.5159968000003,0,1,0
109896,35/11-5,3478.6679968000003,0,1,0
109897,35/11-5,3478.8199968000004,0,1,0
109898,35/11-5,3478.9719968000004,0,1,0
109899,35/11-5,3479.1239968000004,0,1,0
109900,35/11-5,3479.2759968,0,1,0
109901,35/11-5,3479.4279968,0,1,0
109902,35/11-5,3479.5799968,0,1,0
109903,35/11-5,3479.7319968,0,1,0
109904,35/11-5,3479.8839968,0,1,0
109905,35/11-5,3480.0359968000002,0,1,0
109906,35/11-5,3480.1879968000003,0,1,0
109907,35/11-5,3480.3399968000003,0,1,0
109908,35/11-5,3480.4919968000004,0,1,0
109909,35/11-5,3480.6439968000004,0,0,1
109910,35/11-5,3480.7959968,0,0,1
109911,35/11-5,3480.9479968,0,1,0
109912,35/11-5,3481.0999968,0,1,0
109913,35/11-5,3481.2519968,0,1,0
109914,35/11-5,3481.4039968,0,1,0
109915,35/11-5,3481.5559968000002,0,1,0
109916,35/11-5,3481.7079968000003,0,1,0
109917,35/11-5,3481.8599968000003,0,1,0
109918,35/11-5,3482.0119968000004,0,1,0
109919,35/11-5,3482.1639968000004,0,1,0
109920,35/11-5,3482.3159968,0,1,0
109921,35/11-5,3482.4679968,0,0,1
109922,35/11-5,3482.6199968,0,2,0
109923,35/11-5,3482.7719968,0,1,0
109924,35/11-5,3482.9239968,0,1,0
109925,35/11-5,3483.0759968,0,1,0
109926,35/11-5,3483.2279968000003,0,1,0
109927,35/11-5,3483.3799968000003,0,2,0
109928,35/11-5,3483.5319968000003,0,2,0
109929,35/11-5,3483.6839968000004,0,2,0
109930,35/11-5,3483.8359968000004,0,2,0
109931,35/11-5,3483.9879968,0,2,0
109932,35/11-5,3484.1399968,0,1,0
109933,35/11-5,3484.2919968,0,1,0
109934,35/11-5,3484.4439968,0,2,0
109935,35/11-5,3484.5959968,0,1,0
109936,35/11-5,3484.7479968000002,0,1,0
109937,35/11-5,3484.8999968000003,0,2,0
109938,35/11-5,3485.0519968000003,0,1,0
109939,35/11-5,3485.2039968000004,0,1,0
109940,35/11-5,3485.3559968000004,0,1,0
109941,35/11-5,3485.5079968,0,2,0
109942,35/11-5,3485.6599968,0,1,0
109943,35/11-5,3485.8119968,0,1,0
109944,35/11-5,3485.9639968,0,1,0
109945,35/11-5,3486.1159968,0,1,0
109946,35/11-5,3486.2679968,0,1,0
109947,35/11-5,3486.4199968000003,0,1,0
109948,35/11-5,3486.5719968000003,0,1,0
109949,35/11-5,3486.7239968000004,0,1,0
109950,35/11-5,3486.8759968000004,0,1,0
109951,35/11-5,3487.0279968000004,0,0,1
109952,35/11-5,3487.1799968,0,0,1
109953,35/11-5,3487.3319968,0,0,1
109954,35/11-5,3487.4839968,0,1,0
109955,35/11-5,3487.6359968,0,1,0
109956,35/11-5,3487.7879968,0,1,0
109957,35/11-5,3487.9399968000002,0,1,0
109958,35/11-5,3488.0919968000003,0,1,0
109959,35/11-5,3488.2439968000003,0,1,0
109960,35/11-5,3488.3959968000004,0,1,0
109961,35/11-5,3488.5479968000004,0,1,0
109962,35/11-5,3488.6999968,0,1,0
109963,35/11-5,3488.8519968,0,1,0
109964,35/11-5,3489.0039968,0,1,0
109965,35/11-5,3489.1559968,0,1,0
109966,35/11-5,3489.3079968,0,1,0
109967,35/11-5,3489.4599968,0,1,0
109968,35/11-5,3489.6119968000003,0,1,0
109969,35/11-5,3489.7639968000003,0,1,0
109970,35/11-5,3489.9159968000004,0,1,0
109971,35/11-5,3490.0679968000004,0,1,0
109972,35/11-5,3490.2199968000004,0,1,0
109973,35/11-5,3490.3719968,0,0,1
109974,35/11-5,3490.5239968,0,0,1
109975,35/11-5,3490.6759968,0,1,0
109976,35/11-5,3490.8279968,0,1,0
109977,35/11-5,3490.9799968,0,1,0
109978,35/11-5,3491.1319968000003,0,1,0
109979,35/11-5,3491.2839968000003,0,1,0
109980,35/11-5,3491.4359968000003,0,1,0
109981,35/11-5,3491.5879968000004,0,1,0
109982,35/11-5,3491.7399968000004,0,1,0
109983,35/11-5,3491.8919968,0,0,1
109984,35/11-5,3492.0439968,0,0,1
109985,35/11-5,3492.1959968,0,0,1
109986,35/11-5,3492.3479968,0,0,1
109987,35/11-5,3492.4999968,0,0,1
109988,35/11-5,3492.6519968000002,0,0,1
109989,35/11-5,3492.8039968000003,0,0,1
109990,35/11-5,3492.9559968000003,0,0,1
109991,35/11-5,3493.1079968000004,0,0,1
109992,35/11-5,3493.2599968000004,0,0,1
109993,35/11-5,3493.4119968,0,0,1
109994,35/11-5,3493.5639968,0,0,1
109995,35/11-5,3493.7159968,0,1,0
109996,35/11-5,3493.8679968,0,0,1
109997,35/11-5,3494.0199968,0,0,1
109998,35/11-5,3494.1719968,0,0,1
109999,35/11-5,3494.3239968000003,0,0,1
110000,35/11-5,3494.4759968000003,0,0,1
110001,35/11-5,3494.6279968000003,0,1,0
110002,35/11-5,3494.7799968000004,0,1,0
110003,35/11-5,3494.9319968000004,0,1,0
110004,35/11-5,3495.0839968,0,1,0
110005,35/11-5,3495.2359968,0,1,0
110006,35/11-5,3495.3879968,0,1,0
110007,35/11-5,3495.5399968,0,1,0
110008,35/11-5,3495.6919968,0,1,0
110009,35/11-5,3495.8439968000002,0,1,0
110010,35/11-5,3495.9959968000003,0,1,0
110011,35/11-5,3496.1479968000003,0,1,0
110012,35/11-5,3496.2999968000004,0,1,0
110013,35/11-5,3496.4519968000004,0,0,1
110014,35/11-5,3496.6039968,0,0,1
110015,35/11-5,3496.7559968,0,0,1
110016,35/11-5,3496.9079968,0,0,1
110017,35/11-5,3497.0599968,0,1,0
110018,35/11-5,3497.2119968,0,1,0
110019,35/11-5,3497.3639968,0,1,0
110020,35/11-5,3497.5159968000003,0,1,0
110021,35/11-5,3497.6679968000003,0,1,0
110022,35/11-5,3497.8199968000004,0,1,0
110023,35/11-5,3497.9719968000004,0,1,0
110024,35/11-5,3498.1239968000004,0,1,0
110025,35/11-5,3498.2759968,0,1,0
110026,35/11-5,3498.4279968,0,1,0
110027,35/11-5,3498.5799968,0,1,0
110028,35/11-5,3498.7319968,0,1,0
110029,35/11-5,3498.8839968,0,1,0
110030,35/11-5,3499.0359968000002,0,0,1
110031,35/11-5,3499.1879968000003,0,1,0
110032,35/11-5,3499.3399968000003,0,0,1
110033,35/11-5,3499.4919968000004,0,0,1
110034,35/11-5,3499.6439968000004,0,0,1
110035,35/11-5,3499.7959968,0,0,1
110036,35/11-5,3499.9479968,0,0,1
110037,35/11-5,3500.0999968,0,1,0
110038,35/11-5,3500.2519968,0,0,1
110039,35/11-5,3500.4039968,0,0,1
110040,35/11-5,3500.5559968000002,0,0,1
110041,35/11-5,3500.7079968000003,0,0,1
110042,35/11-5,3500.8599968000003,0,0,1
110043,35/11-5,3501.0119968000004,0,0,1
110044,35/11-5,3501.1639968000004,0,0,1
110045,35/11-5,3501.3159968,0,0,1
110046,35/11-5,3501.4679968,0,0,1
110047,35/11-5,3501.6199968,0,0,1
110048,35/11-5,3501.7719968,0,0,1
110049,35/11-5,3501.9239968,0,0,1
110050,35/11-5,3502.0759968,0,0,1
110051,35/11-5,3502.2279968000003,0,0,1
110052,35/11-5,3502.3799968000003,0,0,1
110053,35/11-5,3502.5319968000003,0,0,1
110054,35/11-5,3502.6839968000004,0,0,1
110055,35/11-5,3502.8359968000004,0,0,1
110056,35/11-5,3502.9879968,0,0,1
110057,35/11-5,3503.1399968,0,0,1
110058,35/11-5,3503.2919968,0,0,1
110059,35/11-5,3503.4439968,0,0,1
110060,35/11-5,3503.5959968,0,0,1
110061,35/11-5,3503.7479968000002,0,1,0
110062,35/11-5,3503.8999968000003,0,1,0
110063,35/11-5,3504.0519968000003,0,1,0
110064,35/11-5,3504.2039968000004,0,1,0
110065,35/11-5,3504.3559968000004,0,1,0
110066,35/11-5,3504.5079968,0,1,0
110067,35/11-5,3504.6599968,0,1,0
110068,35/11-5,3504.8119968,0,1,0
110069,35/11-5,3504.9639968,0,1,0
110070,35/11-5,3505.1159968,0,1,0
110071,35/11-5,3505.2679968,0,1,0
110072,35/11-5,3505.4199968000003,0,1,0
110073,35/11-5,3505.5719968000003,0,1,0
110074,35/11-5,3505.7239968000004,0,1,0
110075,35/11-5,3505.8759968000004,0,1,0
110076,35/11-5,3506.0279968000004,0,1,0
110077,35/11-5,3506.1799968,0,1,0
110078,35/11-5,3506.3319968,0,1,0
110079,35/11-5,3506.4839968,0,1,0
110080,35/11-5,3506.6359968,0,1,0
110081,35/11-5,3506.7879968,0,1,0
110082,35/11-5,3506.9399968000002,0,1,0
110083,35/11-5,3507.0919968000003,0,0,1
110084,35/11-5,3507.2439968000003,0,1,0
110085,35/11-5,3507.3959968000004,0,0,1
110086,35/11-5,3507.5479968000004,0,0,1
110087,35/11-5,3507.6999968,0,0,1
110088,35/11-5,3507.8519968,0,0,1
110089,35/11-5,3508.0039968,0,0,1
110090,35/11-5,3508.1559968,0,0,1
110091,35/11-5,3508.3079968,0,0,1
110092,35/11-5,3508.4599968,0,0,1
110093,35/11-5,3508.6119968000003,0,0,1
110094,35/11-5,3508.7639968000003,0,0,1
110095,35/11-5,3508.9159968000004,0,0,1
110096,35/11-5,3509.0679968000004,0,0,1
110097,35/11-5,3509.2199968000004,0,0,1
110098,35/11-5,3509.3719968,0,0,1
110099,35/11-5,3509.5239968,0,0,1
110100,35/11-5,3509.6759968,0,0,1
110101,35/11-5,3509.8279968,0,0,1
110102,35/11-5,3509.9799968,0,0,1
110103,35/11-5,3510.1319968000003,0,0,1
110104,35/11-5,3510.2839968000003,0,0,1
110105,35/11-5,3510.4359968000003,0,0,1
110106,35/11-5,3510.5879968000004,0,0,1
110107,35/11-5,3510.7399968000004,0,0,1
110108,35/11-5,3510.8919968,0,0,1
110109,35/11-5,3511.0439968,0,0,1
110110,35/11-5,3511.1959968,0,0,1
110111,35/11-5,3511.3479968,0,0,1
110112,35/11-5,3511.4999968,0,0,1
110113,35/11-5,3511.6519968000002,0,0,1
110114,35/11-5,3511.8039968000003,0,0,1
110115,35/11-5,3511.9559968000003,0,1,0
110116,35/11-5,3512.1079968000004,0,0,1
110117,35/11-5,3512.2599968000004,0,0,1
110118,35/11-5,3512.4119968,0,0,1
110119,35/11-5,3512.5639968,0,0,1
110120,35/11-5,3512.7159968,0,0,1
110121,35/11-5,3512.8679968,0,0,1
110122,35/11-5,3513.0199968,0,0,1
110123,35/11-5,3513.1719968,0,0,1
110124,35/11-5,3513.3239968000003,0,0,1
110125,35/11-5,3513.4759968000003,0,0,1
110126,35/11-5,3513.6279968000003,0,0,1
110127,35/11-5,3513.7799968000004,0,0,1
110128,35/11-5,3513.9319968000004,0,0,1
110129,35/11-5,3514.0839968,0,0,1
110130,35/11-5,3514.2359968,0,0,1
110131,35/11-5,3514.3879968,0,0,1
110132,35/11-5,3514.5399968,0,0,1
110133,35/11-5,3514.6919968,0,0,1
110134,35/11-5,3514.8439968000002,0,0,1
110135,35/11-5,3514.9959968000003,0,0,1
110136,35/11-5,3515.1479968000003,0,0,1
110137,35/11-5,3515.2999968000004,0,0,1
110138,35/11-5,3515.4519968000004,0,0,1
110139,35/11-5,3515.6039968,0,0,1
110140,35/11-5,3515.7559968,0,0,1
110141,35/11-5,3515.9079968,0,0,1
110142,35/11-5,3516.0599968,0,0,1
110143,35/11-5,3516.2119968,0,0,1
110144,35/11-5,3516.3639968,0,0,1
110145,35/11-5,3516.5159968000003,0,0,1
110146,35/11-5,3516.6679968000003,0,1,0
110147,35/11-5,3516.8199968000004,0,1,0
110148,35/11-5,3516.9719968000004,0,0,1
110149,35/11-5,3517.1239968000004,0,0,1
110150,35/11-5,3517.2759968,0,1,0
110151,35/11-5,3517.4279968,0,0,1
110152,35/11-5,3517.5799968,0,1,0
110153,35/11-5,3517.7319968,0,1,0
110154,35/11-5,3517.8839968,0,1,0
110155,35/11-5,3518.0359968000002,0,0,1
110156,35/11-5,3518.1879968000003,0,1,0
110157,35/11-5,3518.3399968000003,0,1,0
110158,35/11-5,3518.4919968000004,0,1,0
110159,35/11-5,3518.6439968000004,0,1,0
110160,35/11-5,3518.7959968,0,0,1
110161,35/11-5,3518.9479968,0,0,1
110162,35/11-5,3519.0999968,0,0,1
110163,35/11-5,3519.2519968,0,1,0
110164,35/11-5,3519.4039968,0,1,0
110165,35/11-5,3519.5559968000002,0,1,0
110166,35/11-5,3519.7079968000003,0,0,1
110167,35/11-5,3519.8599968000003,0,0,1
110168,35/11-5,3520.0119968000004,0,0,1
110169,35/11-5,3520.1639968000004,0,0,1
110170,35/11-5,3520.3159968,0,0,1
110171,35/11-5,3520.4679968,0,0,1
110172,35/11-5,3520.6199968,0,1,0
110173,35/11-5,3520.7719968,0,0,1
110174,35/11-5,3520.9239968,0,1,0
110175,35/11-5,3521.0759968,0,1,0
110176,35/11-5,3521.2279968000003,0,1,0
110177,35/11-5,3521.3799968000003,0,1,0
110178,35/11-5,3521.5319968000003,0,1,0
110179,35/11-5,3521.6839968000004,0,1,0
110180,35/11-5,3521.8359968000004,0,1,0
110181,35/11-5,3521.9879968,0,1,0
110182,35/11-5,3522.1399968,0,1,0
110183,35/11-5,3522.2919968,0,1,0
110184,35/11-5,3522.4439968,0,1,0
110185,35/11-5,3522.5959968,0,1,0
110186,35/11-5,3522.7479968000002,0,1,0
110187,35/11-5,3522.8999968000003,0,1,0
110188,35/11-5,3523.0519968000003,0,1,0
110189,35/11-5,3523.2039968000004,0,1,0
110190,35/11-5,3523.3559968000004,0,1,0
110191,35/11-5,3523.5079968,0,1,0
110192,35/11-5,3523.6599968,0,0,1
110193,35/11-5,3523.8119968,0,0,1
110194,35/11-5,3523.9639968,0,1,0
110195,35/11-5,3524.1159968,0,1,0
110196,35/11-5,3524.2679968,0,0,1
110197,35/11-5,3524.4199968000003,0,0,1
110198,35/11-5,3524.5719968000003,0,1,0
110199,35/11-5,3524.7239968000004,0,1,0
110200,35/11-5,3524.8759968000004,0,1,0
110201,35/11-5,3525.0279968000004,0,1,0
110202,35/11-5,3525.1799968,0,1,0
110203,35/11-5,3525.3319968,0,1,0
110204,35/11-5,3525.4839968,0,1,0
110205,35/11-5,3525.6359968,0,1,0
110206,35/11-5,3525.7879968,0,1,0
110207,35/11-5,3525.9399968000002,0,1,0
110208,35/11-5,3526.0919968000003,0,1,0
110209,35/11-5,3526.2439968000003,0,1,0
110210,35/11-5,3526.3959968000004,0,1,0
110211,35/11-5,3526.5479968000004,0,1,0
110212,35/11-5,3526.6999968,0,1,0
110213,35/11-5,3526.8519968,0,1,0
110214,35/11-5,3527.0039968,0,1,0
110215,35/11-5,3527.1559968,0,1,0
110216,35/11-5,3527.3079968,0,1,0
110217,35/11-5,3527.4599968,0,1,0
110218,35/11-5,3527.6119968000003,0,1,0
110219,35/11-5,3527.7639968000003,0,1,0
110220,35/11-5,3527.9159968000004,0,1,0
110221,35/11-5,3528.0679968000004,0,1,0
110222,35/11-5,3528.2199968000004,0,1,0
110223,35/11-5,3528.3719968,0,1,0
110224,35/11-5,3528.5239968,0,1,0
110225,35/11-5,3528.6759968,0,1,0
110226,35/11-5,3528.8279968,0,0,1
110227,35/11-5,3528.9799968,0,1,0
110228,35/11-5,3529.1319968000003,0,1,0
110229,35/11-5,3529.2839968000003,0,1,0
110230,35/11-5,3529.4359968000003,0,1,0
110231,35/11-5,3529.5879968000004,0,1,0
110232,35/11-5,3529.7399968000004,0,1,0
110233,35/11-5,3529.8919968,0,1,0
110234,35/11-5,3530.0439968,0,1,0
110235,35/11-5,3530.1959968,0,1,0
110236,35/11-5,3530.3479968,0,1,0
110237,35/11-5,3530.4999968,0,1,0
110238,35/11-5,3530.6519968000002,0,1,0
110239,35/11-5,3530.8039968000003,0,1,0
110240,35/11-5,3530.9559968000003,0,2,0
110241,35/11-5,3531.1079968000004,0,1,0
110242,35/11-5,3531.2599968000004,0,1,0
110243,35/11-5,3531.4119968,0,1,0
110244,35/11-5,3531.5639968,0,1,0
110245,35/11-5,3531.7159968,0,1,0
110246,35/11-5,3531.8679968,0,0,1
110247,35/11-5,3532.0199968,0,0,1
110248,35/11-5,3532.1719968,0,1,0
110249,35/11-5,3532.3239968000003,0,1,0
110250,35/11-5,3532.4759968000003,0,1,0
110251,35/11-5,3532.6279968000003,0,1,0
110252,35/11-5,3532.7799968000004,0,1,0
110253,35/11-5,3532.9319968000004,0,1,0
110254,35/11-5,3533.0839968,0,1,0
110255,35/11-5,3533.2359968,0,2,0
110256,35/11-5,3533.3879968,0,2,0
110257,35/11-5,3533.5399968,0,2,0
110258,35/11-5,3533.6919968,0,2,0
110259,35/11-5,3533.8439968000002,0,2,0
110260,35/11-5,3533.9959968000003,0,2,0
110261,35/11-5,3534.1479968000003,0,2,0
110262,35/11-5,3534.2999968000004,0,2,0
110263,35/11-5,3534.4519968000004,0,2,0
110264,35/11-5,3534.6039968,0,2,0
110265,35/11-5,3534.7559968,0,2,0
110266,35/11-5,3534.9079968,0,1,0
110267,35/11-5,3535.0599968,0,2,0
110268,35/11-5,3535.2119968,0,2,0
110269,35/11-5,3535.3639968,0,2,0
110270,35/11-5,3535.5159968000003,0,1,0
110271,35/11-5,3535.6679968000003,0,1,0
110272,35/11-5,3535.8199968000004,0,2,0
110273,35/11-5,3535.9719968000004,0,2,0
110274,35/11-5,3536.1239968000004,0,2,0
110275,35/11-5,3536.2759968,0,2,0
110276,35/11-5,3536.4279968,0,2,0
110277,35/11-5,3536.5799968,0,2,0
110278,35/11-5,3536.7319968,0,2,0
110279,35/11-5,3536.8839968,0,2,0
110280,35/11-5,3537.0359968000002,0,2,0
110281,35/11-5,3537.1879968000003,0,1,0
110282,35/11-5,3537.3399968000003,0,2,0
110283,35/11-5,3537.4919968000004,0,2,0
110284,35/11-5,3537.6439968000004,0,2,0
110285,35/11-5,3537.7959968,0,2,0
110286,35/11-5,3537.9479968,0,2,0
110287,35/11-5,3538.0999968,0,2,0
110288,35/11-5,3538.2519968,0,2,0
110289,35/11-5,3538.4039968,0,2,0
110290,35/11-5,3538.5559968000002,0,2,0
110291,35/11-5,3538.7079968000003,0,1,0
110292,35/11-5,3538.8599968000003,0,1,0
110293,35/11-5,3539.0119968000004,0,1,0
110294,35/11-5,3539.1639968000004,0,1,0
110295,35/11-5,3539.3159968,0,1,0
110296,35/11-5,3539.4679968,0,1,0
110297,35/11-5,3539.6199968,0,1,0
110298,35/11-5,3539.7719968,0,1,0
110299,35/11-5,3539.9239968,0,2,0
110300,35/11-5,3540.0759968,0,2,0
110301,35/11-5,3540.2279968000003,0,2,0
110302,35/11-5,3540.3799968000003,0,2,0
110303,35/11-5,3540.5319968000003,0,2,0
110304,35/11-5,3540.6839968000004,0,2,0
110305,35/11-5,3540.8359968000004,0,2,0
110306,35/11-5,3540.9879968,0,2,0
110307,35/11-5,3541.1399968,0,2,0
110308,35/11-5,3541.2919968,0,2,0
110309,35/11-5,3541.4439968,0,2,0
110310,35/11-5,3541.5959968,0,2,0
110311,35/11-5,3541.7479968000002,0,2,0
110312,35/11-5,3541.8999968000003,0,2,0
110313,35/11-5,3542.0519968000003,0,2,0
110314,35/11-5,3542.2039968000004,0,2,0
110315,35/11-5,3542.3559968000004,0,2,0
110316,35/11-5,3542.5079968,0,2,0
110317,35/11-5,3542.6599968,0,2,0
110318,35/11-5,3542.8119968,0,2,0
110319,35/11-5,3542.9639968,0,2,0
110320,35/11-5,3543.1159968,0,1,0
110321,35/11-5,3543.2679968,0,2,0
110322,35/11-5,3543.4199968000003,0,2,0
110323,35/11-5,3543.5719968000003,0,2,0
110324,35/11-5,3543.7239968000004,0,1,0
110325,35/11-5,3543.8759968000004,0,1,0
110326,35/11-5,3544.0279968000004,0,1,0
110327,35/11-5,3544.1799968,0,2,0
110328,35/11-5,3544.3319968,0,2,0
110329,35/11-5,3544.4839968,0,1,0
110330,35/11-5,3544.6359968,0,1,0
110331,35/11-5,3544.7879968,0,1,0
110332,35/11-5,3544.9399968000002,0,1,0
110333,35/11-5,3545.0919968000003,0,1,0
110334,35/11-5,3545.2439968000003,0,2,0
110335,35/11-5,3545.3959968000004,0,2,0
110336,35/11-5,3545.5479968000004,0,2,0
110337,35/11-5,3545.6999968,0,2,0
110338,35/11-5,3545.8519968,0,2,0
110339,35/11-5,3546.0039968,0,2,0
110340,35/11-5,3546.1559968,0,2,0
110341,35/11-5,3546.3079968,0,2,0
110342,35/11-5,3546.4599968,0,1,0
110343,35/11-5,3546.6119968000003,0,2,0
110344,35/11-5,3546.7639968000003,0,1,0
110345,35/11-5,3546.9159968000004,0,1,0
110346,35/11-5,3547.0679968000004,0,1,0
110347,35/11-5,3547.2199968000004,0,1,0
110348,35/11-5,3547.3719968,0,1,0
110349,35/11-5,3547.5239968,0,1,0
110350,35/11-5,3547.6759968,0,1,0
110351,35/11-5,3547.8279968,0,2,0
110352,35/11-5,3547.9799968,0,2,0
110353,35/11-5,3548.1319968000003,0,2,0
110354,35/11-5,3548.2839968000003,0,2,0
110355,35/11-5,3548.4359968000003,0,2,0
110356,35/11-5,3548.5879968000004,0,2,0
110357,35/11-5,3548.7399968000004,0,2,0
110358,35/11-5,3548.8919968,0,2,0
110359,35/11-5,3549.0439968,0,2,0
110360,35/11-5,3549.1959968,0,2,0
110361,35/11-5,3549.3479968,0,2,0
110362,35/11-5,3549.4999968,0,2,0
110363,35/11-5,3549.6519968000002,0,2,0
110364,35/11-5,3549.8039968000003,0,2,0
110365,35/11-5,3549.9559968000003,0,1,0
110366,35/11-5,3550.1079968000004,0,2,0
110367,35/11-5,3550.2599968000004,0,2,0
110368,35/11-5,3550.4119968,0,2,0
110369,35/11-5,3550.5639968,0,2,0
110370,35/11-5,3550.7159968,0,2,0
110371,35/11-5,3550.8679968,0,2,0
110372,35/11-5,3551.0199968,0,2,0
110373,35/11-5,3551.1719968,0,2,0
110374,35/11-5,3551.3239968000003,0,2,0
110375,35/11-5,3551.4759968000003,0,2,0
110376,35/11-5,3551.6279968000003,0,2,0
110377,35/11-5,3551.7799968000004,0,2,0
110378,35/11-5,3551.9319968000004,0,2,0
110379,35/11-5,3552.0839968,0,2,0
110380,35/11-5,3552.2359968,0,2,0
110381,35/11-5,3552.3879968,0,2,0
110382,35/11-5,3552.5399968,0,1,0
110383,35/11-5,3552.6919968,0,1,0
110384,35/11-5,3552.8439968000002,0,2,0
110385,35/11-5,3552.9959968000003,0,2,0
110386,35/11-5,3553.1479968000003,0,2,0
110387,35/11-5,3553.2999968000004,0,2,0
110388,35/11-5,3553.4519968000004,0,2,0
110389,35/11-5,3553.6039968,0,2,0
110390,35/11-5,3553.7559968,0,2,0
110391,35/11-5,3553.9079968,0,1,0
110392,35/11-5,3554.0599968,0,2,0
110393,35/11-5,3554.2119968,0,2,0
110394,35/11-5,3554.3639968,0,1,0
110395,35/11-5,3554.5159968000003,0,1,0
110396,35/11-5,3554.6679968000003,0,1,0
110397,35/11-5,3554.8199968000004,0,1,0
110398,35/11-5,3554.9719968000004,0,1,0
110399,35/11-5,3555.1239968000004,0,1,0
110400,35/11-5,3555.2759968,0,1,0
110401,35/11-5,3555.4279968,0,1,0
110402,35/11-5,3555.5799968,0,1,0
110403,35/11-5,3555.7319968,0,1,0
110404,35/11-5,3555.8839968,0,1,0
110405,35/11-5,3556.0359968000002,0,1,0
110406,35/11-5,3556.1879968000003,0,2,0
110407,35/11-5,3556.3399968000003,0,2,0
110408,35/11-5,3556.4919968000004,0,2,0
110409,35/11-5,3556.6439968000004,2,2,1
110410,35/11-5,3556.7959968,2,2,1
110411,35/11-5,3556.9479968,2,2,1
110412,35/11-5,3557.0999968,2,2,1
110413,35/11-5,3557.2519968,2,2,1
110414,35/11-5,3557.4039968,2,2,1
110415,35/11-5,3557.5559968000002,2,2,1
110416,35/11-5,3557.7079968000003,2,2,1
110417,35/11-5,3557.8599968000003,2,2,1
110418,35/11-5,3558.0119968000004,2,2,1
110419,35/11-5,3558.1639968000004,2,2,1
110420,35/11-5,3558.3159968,2,2,1
110421,35/11-5,3558.4679968,2,2,1
110422,35/11-5,3558.6199968,2,2,1
110423,35/11-5,3558.7719968,2,2,1
110424,35/11-5,3558.9239968,2,2,1
110425,35/11-5,3559.0759968,2,2,1
110426,35/11-5,3559.2279968000003,2,2,1
110427,35/11-5,3559.3799968000003,2,2,1
110428,35/11-5,3559.5319968000003,2,2,1
110429,35/11-5,3559.6839968000004,2,2,1
110430,35/11-5,3559.8359968000004,2,2,1
110431,35/11-5,3559.9879968,2,2,1
110432,35/11-5,3560.1399968,2,2,1
110433,35/11-5,3560.2919968,2,2,1
110434,35/11-5,3560.4439968,2,2,1
110435,35/11-5,3560.5959968,2,2,1
110436,35/11-5,3560.7479968000002,2,2,1
110437,35/11-5,3560.8999968000003,2,2,1
110438,35/11-5,3561.0519968000003,2,2,1
110439,35/11-5,3561.2039968000004,2,2,1
110440,35/11-5,3561.3559968000004,2,2,1
110441,35/11-5,3561.5079968,2,2,1
110442,35/11-5,3561.6599968,2,2,1
110443,35/11-5,3561.8119968,2,2,1
110444,35/11-5,3561.9639968,2,2,1
110445,35/11-5,3562.1159968,2,2,1
110446,35/11-5,3562.2679968,2,2,1
110447,35/11-5,3562.4199968000003,2,2,1
110448,35/11-5,3562.5719968000003,2,2,1
110449,35/11-5,3562.7239968000004,2,2,1
110450,35/11-5,3562.8759968000004,2,2,1
110451,35/11-5,3563.0279968000004,2,2,1
110452,35/11-5,3563.1799968,2,2,1
110453,35/11-5,3563.3319968,2,2,1
110454,35/11-5,3563.4839968,2,2,1
110455,35/11-5,3563.6359968,2,2,1
110456,35/11-5,3563.7879968,2,2,1
110457,35/11-5,3563.9399968000002,2,2,1
110458,35/11-5,3564.0919968000003,2,2,1
110459,35/11-5,3564.2439968000003,2,2,1
110460,35/11-5,3564.3959968000004,2,2,1
110461,35/11-5,3564.5479968000004,2,2,1
110462,35/11-5,3564.6999968,2,2,1
110463,35/11-5,3564.8519968,2,2,1
110464,35/11-5,3565.0039968,2,2,1
110465,35/11-5,3565.1559968,2,2,1
110466,35/11-5,3565.3079968,2,2,1
110467,35/11-5,3565.4599968,2,2,1
110468,35/11-5,3565.6119968000003,2,2,1
110469,35/11-5,3565.7639968000003,2,2,1
110470,35/11-5,3565.9159968000004,2,2,1
110471,35/11-5,3566.0679968000004,2,2,1
110472,35/11-5,3566.2199968000004,2,2,1
110473,35/11-5,3566.3719968,2,2,1
110474,35/11-5,3566.5239968,2,2,1
110475,35/11-5,3566.6759968,2,2,1
110476,35/11-5,3566.8279968,2,2,1
110477,35/11-5,3566.9799968,2,2,1
110478,35/11-5,3567.1319968000003,2,2,1
110479,35/11-5,3567.2839968000003,2,2,1
110480,35/11-5,3567.4359968000003,2,2,1
110481,35/11-5,3567.5879968000004,2,2,1
110482,35/11-5,3567.7399968000004,2,2,1
110483,35/11-5,3567.8919968,0,2,0
110484,35/11-5,3568.0439968,0,2,0
110485,35/11-5,3568.1959968,0,1,0
110486,35/11-5,3568.3479968,0,2,0
110487,35/11-5,3568.4999968,0,1,0
110488,35/11-5,3568.6519968000002,0,2,0
110489,35/11-5,3568.8039968000003,0,2,0
110490,35/11-5,3568.9559968000003,0,2,0
110491,35/11-5,3569.1079968000004,0,2,0
110492,35/11-5,3569.2599968000004,0,2,0
110493,35/11-5,3569.4119968,0,2,0
110494,35/11-5,3569.5639968,0,2,0
110495,35/11-5,3569.7159968,0,2,0
110496,35/11-5,3569.8679968,0,2,0
110497,35/11-5,3570.0199968,0,1,0
110498,35/11-5,3570.1719968,0,1,0
110499,35/11-5,3570.3239968000003,0,1,0
110500,35/11-5,3570.4759968000003,0,1,0
110501,35/11-5,3570.6279968000003,0,1,0
110502,35/11-5,3570.7799968000004,0,1,0
110503,35/11-5,3570.9319968000004,0,1,0
110504,35/11-5,3571.0839968,0,1,0
110505,35/11-5,3571.2359968,0,1,0
110506,35/11-5,3571.3879968,0,1,0
110507,35/11-5,3571.5399968,0,1,0
110508,35/11-5,3571.6919968,0,1,0
110509,35/11-5,3571.8439968000002,0,1,0
110510,35/11-5,3571.9959968000003,0,1,0
110511,35/11-5,3572.1479968000003,0,1,0
110512,35/11-5,3572.2999968000004,0,1,0
110513,35/11-5,3572.4519968000004,0,1,0
110514,35/11-5,3572.6039968,0,1,0
110515,35/11-5,3572.7559968,0,0,1
110516,35/11-5,3572.9079968,0,0,1
110517,35/11-5,3573.0599968,0,0,1
110518,35/11-5,3573.2119968,0,0,1
110519,35/11-5,3573.3639968,0,0,1
110520,35/11-5,3573.5159968000003,0,1,0
110521,35/11-5,3573.6679968000003,0,1,0
110522,35/11-5,3573.8199968000004,0,1,0
110523,35/11-5,3573.9719968000004,0,1,0
110524,35/11-5,3574.1239968000004,0,1,0
110525,35/11-5,3574.2759968,0,1,0
110526,35/11-5,3574.4279968,0,1,0
110527,35/11-5,3574.5799968,0,1,0
110528,35/11-5,3574.7319968,0,1,0
110529,35/11-5,3574.8839968,0,1,0
110530,35/11-5,3575.0359968000002,0,1,0
110531,35/11-5,3575.1879968000003,0,1,0
110532,35/11-5,3575.3399968000003,0,1,0
110533,35/11-5,3575.4919968000004,0,1,0
110534,35/11-5,3575.6439968000004,0,1,0
110535,35/11-5,3575.7959968,0,1,0
110536,35/11-5,3575.9479968,0,1,0
110537,35/11-5,3576.0999968,0,1,0
110538,35/11-5,3576.2519968,0,1,0
110539,35/11-5,3576.4039968,0,1,0
110540,35/11-5,3576.5559968000002,0,1,0
110541,35/11-5,3576.7079968000003,0,1,0
110542,35/11-5,3576.8599968000003,0,1,0
110543,35/11-5,3577.0119968000004,0,1,0
110544,35/11-5,3577.1639968000004,0,1,0
110545,35/11-5,3577.3159968,0,1,0
110546,35/11-5,3577.4679968,0,1,0
110547,35/11-5,3577.6199968,0,1,0
110548,35/11-5,3577.7719968,0,1,0
110549,35/11-5,3577.9239968,0,1,0
110550,35/11-5,3578.0759968,0,1,0
110551,35/11-5,3578.2279968000003,0,1,0
110552,35/11-5,3578.3799968000003,0,1,0
110553,35/11-5,3578.5319968000003,0,1,0
110554,35/11-5,3578.6839968000004,0,1,0
110555,35/11-5,3578.8359968000004,0,1,0
110556,35/11-5,3578.9879968,0,1,0
110557,35/11-5,3579.1399968,0,1,0
110558,35/11-5,3579.2919968,0,1,0
110559,35/11-5,3579.4439968,0,1,0
110560,35/11-5,3579.5959968,0,1,0
110561,35/11-5,3579.7479968000002,0,1,0
110562,35/11-5,3579.8999968000003,0,1,0
110563,35/11-5,3580.0519968000003,0,1,0
110564,35/11-5,3580.2039968000004,0,1,0
110565,35/11-5,3580.3559968000004,0,1,0
110566,35/11-5,3580.5079968,0,1,0
110567,35/11-5,3580.6599968,0,1,0
110568,35/11-5,3580.8119968,1,1,1
110569,35/11-5,3580.9639968,1,1,1
110570,35/11-5,3581.1159968,1,1,1
110571,35/11-5,3581.2679968,1,1,1
110572,35/11-5,3581.4199968000003,1,1,1
110573,35/11-5,3581.5719968000003,1,1,1
110574,35/11-5,3581.7239968000004,1,1,1
110575,35/11-5,3581.8759968000004,1,1,1
110576,35/11-5,3582.0279968000004,1,1,1
110577,35/11-5,3582.1799968,1,1,1
110578,35/11-5,3582.3319968,1,1,1
110579,35/11-5,3582.4839968,0,1,0
110580,35/11-5,3582.6359968,0,1,0
110581,35/11-5,3582.7879968,0,1,0
110582,35/11-5,3582.9399968000002,0,1,0
110583,35/11-5,3583.0919968000003,0,1,0
110584,35/11-5,3583.2439968000003,0,1,0
110585,35/11-5,3583.3959968000004,0,1,0
110586,35/11-5,3583.5479968000004,0,1,0
110587,35/11-5,3583.6999968,0,1,0
110588,35/11-5,3583.8519968,0,1,0
110589,35/11-5,3584.0039968,0,1,0
110590,35/11-5,3584.1559968,0,1,0
110591,35/11-5,3584.3079968,0,1,0
110592,35/11-5,3584.4599968,0,1,0
110593,35/11-5,3584.6119968000003,0,1,0
110594,35/11-5,3584.7639968000003,0,1,0
110595,35/11-5,3584.9159968000004,0,1,0
110596,35/11-5,3585.0679968000004,0,1,0
110597,35/11-5,3585.2199968000004,0,1,0
110598,35/11-5,3585.3719968,0,1,0
110599,35/11-5,3585.5239968,0,1,0
110600,35/11-5,3585.6759968,0,1,0
110601,35/11-5,3585.8279968,0,1,0
110602,35/11-5,3585.9799968,0,1,0
110603,35/11-5,3586.1319968000003,0,1,0
110604,35/11-5,3586.2839968000003,0,1,0
110605,35/11-5,3586.4359968000003,0,1,0
110606,35/11-5,3586.5879968000004,0,1,0
110607,35/11-5,3586.7399968000004,0,1,0
110608,35/11-5,3586.8919968,0,1,0
110609,35/11-5,3587.0439968,0,1,0
110610,35/11-5,3587.1959968,1,1,1
110611,35/11-5,3587.3479968,1,1,1
110612,35/11-5,3587.4999968,1,1,1
110613,35/11-5,3587.6519968000002,1,1,1
110614,35/11-5,3587.8039968000003,1,1,1
110615,35/11-5,3587.9559968000003,1,2,0
110616,35/11-5,3588.1079968000004,1,2,0
110617,35/11-5,3588.2599968000004,1,1,1
110618,35/11-5,3588.4119968,1,1,1
110619,35/11-5,3588.5639968,1,1,1
110620,35/11-5,3588.7159968,1,1,1
110621,35/11-5,3588.8679968,1,1,1
110622,35/11-5,3589.0199968,1,1,1
110623,35/11-5,3589.1719968,0,1,0
110624,35/11-5,3589.3239968000003,0,1,0
110625,35/11-5,3589.4759968000003,0,1,0
110626,35/11-5,3589.6279968000003,0,1,0
110627,35/11-5,3589.7799968000004,0,1,0
110628,35/11-5,3589.9319968000004,0,1,0
110629,35/11-5,3590.0839968,0,1,0
110630,35/11-5,3590.2359968,0,1,0
110631,35/11-5,3590.3879968,0,1,0
110632,35/11-5,3590.5399968,0,1,0
110633,35/11-5,3590.6919968,0,1,0
110634,35/11-5,3590.8439968000002,0,1,0
110635,35/11-5,3590.9959968000003,0,1,0
110636,35/11-5,3591.1479968000003,0,1,0
110637,35/11-5,3591.2999968000004,0,1,0
110638,35/11-5,3591.4519968000004,0,1,0
110639,35/11-5,3591.6039968,0,0,1
110640,35/11-5,3591.7559968,0,0,1
110641,35/11-5,3591.9079968,0,0,1
110642,35/11-5,3592.0599968,0,0,1
110643,35/11-5,3592.2119968,0,0,1
110644,35/11-5,3592.3639968,0,0,1
110645,35/11-5,3592.5159968000003,0,0,1
110646,35/11-5,3592.6679968000003,0,1,0
110647,35/11-5,3592.8199968000004,0,1,0
110648,35/11-5,3592.9719968000004,0,1,0
110649,35/11-5,3593.1239968000004,0,1,0
110650,35/11-5,3593.2759968,0,1,0
110651,35/11-5,3593.4279968,0,1,0
110652,35/11-5,3593.5799968,0,1,0
110653,35/11-5,3593.7319968,0,1,0
110654,35/11-5,3593.8839968,0,1,0
110655,35/11-5,3594.0359968000002,0,1,0
110656,35/11-5,3594.1879968000003,0,1,0
110657,35/11-5,3594.3399968000003,0,1,0
110658,35/11-5,3594.4919968000004,0,1,0
110659,35/11-5,3594.6439968000004,0,2,0
110660,35/11-5,3594.7959968,0,2,0
110661,35/11-5,3594.9479968,0,2,0
110662,35/11-5,3595.0999968,0,1,0
110663,35/11-5,3595.2519968,0,1,0
110664,35/11-5,3595.4039968,0,1,0
110665,35/11-5,3595.5559968000002,0,1,0
110666,35/11-5,3595.7079968000003,0,1,0
110667,35/11-5,3595.8599968000003,0,2,0
110668,35/11-5,3596.0119968000004,0,1,0
110669,35/11-5,3596.1639968000004,0,1,0
110670,35/11-5,3596.3159968,0,1,0
110671,35/11-5,3596.4679968,0,1,0
110672,35/11-5,3596.6199968,0,1,0
110673,35/11-5,3596.7719968,0,1,0
110674,35/11-5,3596.9239968,0,2,0
110675,35/11-5,3597.0759968,0,1,0
110676,35/11-5,3597.2279968000003,0,1,0
110677,35/11-5,3597.3799968000003,0,1,0
110678,35/11-5,3597.5319968000003,0,1,0
110679,35/11-5,3597.6839968000004,0,1,0
110680,35/11-5,3597.8359968000004,0,1,0
110681,35/11-5,3597.9879968,0,1,0
110682,35/11-5,3598.1399968,0,1,0
110683,35/11-5,3598.2919968,0,1,0
110684,35/11-5,3598.4439968,0,1,0
110685,35/11-5,3598.5959968,0,0,1
110686,35/11-5,3598.7479968000002,0,0,1
110687,35/11-5,3598.8999968000003,0,0,1
110688,35/11-5,3599.0519968000003,0,0,1
110689,35/11-5,3599.2039968000004,0,1,0
110690,35/11-5,3599.3559968000004,0,1,0
110691,35/11-5,3599.5079968,0,1,0
110692,35/11-5,3599.6599968,0,1,0
110693,35/11-5,3599.8119968,0,1,0
110694,35/11-5,3599.9639968,0,1,0
110695,35/11-5,3600.1159968,0,1,0
110696,35/11-5,3600.2679968,0,1,0
110697,35/11-5,3600.4199968000003,0,1,0
110698,35/11-5,3600.5719968000003,0,1,0
110699,35/11-5,3600.7239968000004,0,1,0
110700,35/11-5,3600.8759968000004,0,1,0
110701,35/11-5,3601.0279968000004,0,1,0
110702,35/11-5,3601.1799968,0,1,0
110703,35/11-5,3601.3319968,0,1,0
110704,35/11-5,3601.4839968,0,1,0
110705,35/11-5,3601.6359968,0,1,0
110706,35/11-5,3601.7879968,0,1,0
110707,35/11-5,3601.9399968000002,0,1,0
110708,35/11-5,3602.0919968000003,0,1,0
110709,35/11-5,3602.2439968000003,0,1,0
110710,35/11-5,3602.3959968000004,0,1,0
110711,35/11-5,3602.5479968000004,0,1,0
110712,35/11-5,3602.6999968,0,1,0
110713,35/11-5,3602.8519968,0,1,0
110714,35/11-5,3603.0039968,0,1,0
110715,35/11-5,3603.1559968,0,1,0
110716,35/11-5,3603.3079968,0,1,0
110717,35/11-5,3603.4599968,0,1,0
110718,35/11-5,3603.6119968000003,0,1,0
110719,35/11-5,3603.7639968000003,0,1,0
110720,35/11-5,3603.9159968000004,0,1,0
110721,35/11-5,3604.0679968000004,0,1,0
110722,35/11-5,3604.2199968000004,0,1,0
110723,35/11-5,3604.3719968,0,1,0
110724,35/11-5,3604.5239968,0,1,0
110725,35/11-5,3604.6759968,0,1,0
110726,35/11-5,3604.8279968,0,1,0
110727,35/11-5,3604.9799968,0,0,1
110728,35/11-5,3605.1319968000003,0,0,1
110729,35/11-5,3605.2839968000003,0,1,0
110730,35/11-5,3605.4359968000003,0,1,0
110731,35/11-5,3605.5879968000004,0,1,0
110732,35/11-5,3605.7399968000004,0,1,0
110733,35/11-5,3605.8919968,0,1,0
110734,35/11-5,3606.0439968,0,1,0
110735,35/11-5,3606.1959968,0,1,0
110736,35/11-5,3606.3479968,0,1,0
110737,35/11-5,3606.4999968,0,1,0
110738,35/11-5,3606.6519968000002,0,1,0
110739,35/11-5,3606.8039968000003,0,1,0
110740,35/11-5,3606.9559968000003,0,1,0
110741,35/11-5,3607.1079968000004,0,1,0
110742,35/11-5,3607.2599968000004,0,1,0
110743,35/11-5,3607.4119968,0,1,0
110744,35/11-5,3607.5639968,0,1,0
110745,35/11-5,3607.7159968,0,1,0
110746,35/11-5,3607.8679968,0,2,0
110747,35/11-5,3608.0199968,1,1,1
110748,35/11-5,3608.1719968,1,2,0
110749,35/11-5,3608.3239968000003,1,2,0
110750,35/11-5,3608.4759968000003,1,2,0
110751,35/11-5,3608.6279968000003,1,2,0
110752,35/11-5,3608.7799968000004,1,2,0
110753,35/11-5,3608.9319968000004,1,2,0
110754,35/11-5,3609.0839968,1,2,0
110755,35/11-5,3609.2359968,1,1,1
110756,35/11-5,3609.3879968,1,1,1
110757,35/11-5,3609.5399968,1,1,1
110758,35/11-5,3609.6919968,1,1,1
110759,35/11-5,3609.8439968000002,1,1,1
110760,35/11-5,3609.9959968000003,1,2,0
110761,35/11-5,3610.1479968000003,1,2,0
110762,35/11-5,3610.2999968000004,1,1,1
110763,35/11-5,3610.4519968000004,1,2,0
110764,35/11-5,3610.6039968,1,2,0
110765,35/11-5,3610.7559968,0,1,0
110766,35/11-5,3610.9079968,0,1,0
110767,35/11-5,3611.0599968,0,1,0
110768,35/11-5,3611.2119968,0,1,0
110769,35/11-5,3611.3639968,0,1,0
110770,35/11-5,3611.5159968000003,0,1,0
110771,35/11-5,3611.6679968000003,0,1,0
110772,35/11-5,3611.8199968000004,0,1,0
110773,35/11-5,3611.9719968000004,0,1,0
110774,35/11-5,3612.1239968000004,0,1,0
110775,35/11-5,3612.2759968,0,1,0
110776,35/11-5,3612.4279968,0,1,0
110777,35/11-5,3612.5799968,0,1,0
110778,35/11-5,3612.7319968,0,1,0
110779,35/11-5,3612.8839968,0,1,0
110780,35/11-5,3613.0359968000002,0,1,0
110781,35/11-5,3613.1879968000003,0,1,0
110782,35/11-5,3613.3399968000003,0,1,0
110783,35/11-5,3613.4919968000004,0,1,0
110784,35/11-5,3613.6439968000004,0,1,0
110785,35/11-5,3613.7959968,0,1,0
110786,35/11-5,3613.9479968,0,1,0
110787,35/11-5,3614.0999968,0,1,0
110788,35/11-5,3614.2519968,0,1,0
110789,35/11-5,3614.4039968,0,1,0
110790,35/11-5,3614.5559968000002,0,1,0
110791,35/11-5,3614.7079968000003,0,1,0
110792,35/11-5,3614.8599968000003,1,1,1
110793,35/11-5,3615.0119968000004,1,1,1
110794,35/11-5,3615.1639968000004,1,1,1
110795,35/11-5,3615.3159968,1,1,1
110796,35/11-5,3615.4679968,1,2,0
110797,35/11-5,3615.6199968,1,2,0
110798,35/11-5,3615.7719968,1,2,0
110799,35/11-5,3615.9239968,1,2,0
110800,35/11-5,3616.0759968,1,2,0
110801,35/11-5,3616.2279968000003,1,2,0
110802,35/11-5,3616.3799968000003,1,2,0
110803,35/11-5,3616.5319968000003,0,1,0
110804,35/11-5,3616.6839968000004,0,1,0
110805,35/11-5,3616.8359968000004,0,1,0
110806,35/11-5,3616.9879968,0,1,0
110807,35/11-5,3617.1399968,0,1,0
110808,35/11-5,3617.2919968,0,1,0
110809,35/11-5,3617.4439968,0,0,1
110810,35/11-5,3617.5959968,0,1,0
110811,35/11-5,3617.7479968000002,0,1,0
110812,35/11-5,3617.8999968000003,0,1,0
110813,35/11-5,3618.0519968000003,0,0,1
110814,35/11-5,3618.2039968000004,0,0,1
110815,35/11-5,3618.3559968000004,0,0,1
110816,35/11-5,3618.5079968,0,0,1
110817,35/11-5,3618.6599968,0,0,1
110818,35/11-5,3618.8119968,0,0,1
110819,35/11-5,3618.9639968,0,0,1
110820,35/11-5,3619.1159968,0,1,0
110821,35/11-5,3619.2679968,0,1,0
110822,35/11-5,3619.4199968000003,0,1,0
110823,35/11-5,3619.5719968000003,0,1,0
110824,35/11-5,3619.7239968000004,0,1,0
110825,35/11-5,3619.8759968000004,0,1,0
110826,35/11-5,3620.0279968000004,0,1,0
110827,35/11-5,3620.1799968,0,1,0
110828,35/11-5,3620.3319968,1,1,1
110829,35/11-5,3620.4839968,1,1,1
110830,35/11-5,3620.6359968,1,1,1
110831,35/11-5,3620.7879968,1,2,0
110832,35/11-5,3620.9399968000002,1,2,0
110833,35/11-5,3621.0919968000003,1,2,0
110834,35/11-5,3621.2439968000003,1,2,0
110835,35/11-5,3621.3959968000004,0,1,0
110836,35/11-5,3621.5479968000004,0,1,0
110837,35/11-5,3621.6999968,0,1,0
110838,35/11-5,3621.8519968,0,1,0
110839,35/11-5,3622.0039968,0,1,0
110840,35/11-5,3622.1559968,0,1,0
110841,35/11-5,3622.3079968,0,1,0
110842,35/11-5,3622.4599968,0,1,0
110843,35/11-5,3622.6119968000003,0,1,0
110844,35/11-5,3622.7639968000003,0,1,0
110845,35/11-5,3622.9159968000004,0,1,0
110846,35/11-5,3623.0679968000004,0,0,1
110847,35/11-5,3623.2199968000004,0,0,1
110848,35/11-5,3623.3719968,0,0,1
110849,35/11-5,3623.5239968,0,1,0
110850,35/11-5,3623.6759968,0,1,0
110851,35/11-5,3623.8279968,0,1,0
110852,35/11-5,3623.9799968,0,2,0
110853,35/11-5,3624.1319968000003,0,2,0
110854,35/11-5,3624.2839968000003,0,1,0
110855,35/11-5,3624.4359968000003,0,1,0
110856,35/11-5,3624.5879968000004,0,1,0
110857,35/11-5,3624.7399968000004,0,1,0
110858,35/11-5,3624.8919968,0,1,0
110859,35/11-5,3625.0439968,0,1,0
110860,35/11-5,3625.1959968,0,1,0
110861,35/11-5,3625.3479968,0,1,0
110862,35/11-5,3625.4999968,0,1,0
110863,35/11-5,3625.6519968000002,0,1,0
110864,35/11-5,3625.8039968000003,0,1,0
110865,35/11-5,3625.9559968000003,0,1,0
110866,35/11-5,3626.1079968000004,0,1,0
110867,35/11-5,3626.2599968000004,0,1,0
110868,35/11-5,3626.4119968,0,1,0
110869,35/11-5,3626.5639968,0,1,0
110870,35/11-5,3626.7159968,0,1,0
110871,35/11-5,3626.8679968,0,1,0
110872,35/11-5,3627.0199968,0,1,0
110873,35/11-5,3627.1719968,0,1,0
110874,35/11-5,3627.3239968000003,0,1,0
110875,35/11-5,3627.4759968000003,0,0,1
110876,35/11-5,3627.6279968000003,0,0,1
110877,35/11-5,3627.7799968000004,0,0,1
110878,35/11-5,3627.9319968000004,0,0,1
110879,35/11-5,3628.0839968,0,1,0
110880,35/11-5,3628.2359968,0,1,0
110881,35/11-5,3628.3879968,0,2,0
110882,35/11-5,3628.5399968,0,2,0
110883,35/11-5,3628.6919968,0,2,0
110884,35/11-5,3628.8439968000002,0,2,0
110885,35/11-5,3628.9959968000003,0,2,0
110886,35/11-5,3629.1479968000003,0,2,0
110887,35/11-5,3629.2999968000004,0,2,0
110888,35/11-5,3629.4519968000004,0,1,0
110889,35/11-5,3629.6039968,0,1,0
110890,35/11-5,3629.7559968,0,1,0
110891,35/11-5,3629.9079968,0,2,0
110892,35/11-5,3630.0599968,0,1,0
110893,35/11-5,3630.2119968,0,1,0
110894,35/11-5,3630.3639968,0,1,0
110895,35/11-5,3630.5159968000003,0,2,0
110896,35/11-5,3630.6679968000003,0,2,0
110897,35/11-5,3630.8199968000004,0,2,0
110898,35/11-5,3630.9719968000004,0,2,0
110899,35/11-5,3631.1239968000004,0,2,0
110900,35/11-5,3631.2759968,0,2,0
110901,35/11-5,3631.4279968,0,2,0
110902,35/11-5,3631.5799968,0,2,0
110903,35/11-5,3631.7319968,0,2,0
110904,35/11-5,3631.8839968,0,2,0
110905,35/11-5,3632.0359968000002,0,2,0
110906,35/11-5,3632.1879968000003,0,2,0
110907,35/11-5,3632.3399968000003,0,1,0
110908,35/11-5,3632.4919968000004,0,2,0
110909,35/11-5,3632.6439968000004,0,2,0
110910,35/11-5,3632.7959968,0,1,0
110911,35/11-5,3632.9479968,0,1,0
110912,35/11-5,3633.0999968,0,1,0
110913,35/11-5,3633.2519968,0,2,0
110914,35/11-5,3633.4039968,0,2,0
110915,35/11-5,3633.5559968000002,0,2,0
110916,35/11-5,3633.7079968000003,0,2,0
110917,35/11-5,3633.8599968000003,0,2,0
110918,35/11-5,3634.0119968000004,2,2,1
110919,35/11-5,3634.1639968000004,2,2,1
110920,35/11-5,3634.3159968,2,2,1
110921,35/11-5,3634.4679968,2,2,1
110922,35/11-5,3634.6199968,2,2,1
110923,35/11-5,3634.7719968,2,2,1
110924,35/11-5,3634.9239968,2,2,1
110925,35/11-5,3635.0759968,2,2,1
110926,35/11-5,3635.2279968000003,2,2,1
110927,35/11-5,3635.3799968000003,2,2,1
110928,35/11-5,3635.5319968000003,2,2,1
110929,35/11-5,3635.6839968000004,2,2,1
110930,35/11-5,3635.8359968000004,2,2,1
110931,35/11-5,3635.9879968,2,2,1
110932,35/11-5,3636.1399968,2,2,1
110933,35/11-5,3636.2919968,2,2,1
110934,35/11-5,3636.4439968,2,2,1
110935,35/11-5,3636.5959968,2,2,1
110936,35/11-5,3636.7479968000002,2,2,1
110937,35/11-5,3636.8999968000003,2,2,1
110938,35/11-5,3637.0519968000003,2,2,1
110939,35/11-5,3637.2039968000004,2,2,1
110940,35/11-5,3637.3559968000004,2,2,1
110941,35/11-5,3637.5079968,2,2,1
110942,35/11-5,3637.6599968,2,2,1
110943,35/11-5,3637.8119968,2,2,1
110944,35/11-5,3637.9639968,2,2,1
110945,35/11-5,3638.1159968,2,2,1
110946,35/11-5,3638.2679968,2,2,1
110947,35/11-5,3638.4199968000003,2,2,1
110948,35/11-5,3638.5719968000003,2,2,1
110949,35/11-5,3638.7239968000004,2,2,1
110950,35/11-5,3638.8759968000004,2,2,1
110951,35/11-5,3639.0279968000004,2,2,1
110952,35/11-5,3639.1799968,2,2,1
110953,35/11-5,3639.3319968,2,2,1
110954,35/11-5,3639.4839968,2,2,1
110955,35/11-5,3639.6359968,2,2,1
110956,35/11-5,3639.7879968,2,2,1
110957,35/11-5,3639.9399968000002,2,2,1
110958,35/11-5,3640.0919968000003,2,2,1
110959,35/11-5,3640.2439968000003,2,2,1
110960,35/11-5,3640.3959968000004,2,2,1
110961,35/11-5,3640.5479968000004,2,2,1
110962,35/11-5,3640.6999968,2,2,1
110963,35/11-5,3640.8519968,2,2,1
110964,35/11-5,3641.0039968,2,2,1
110965,35/11-5,3641.1559968,2,2,1
110966,35/11-5,3641.3079968,2,2,1
110967,35/11-5,3641.4599968,2,2,1
110968,35/11-5,3641.6119968000003,2,2,1
110969,35/11-5,3641.7639968000003,2,2,1
110970,35/11-5,3641.9159968000004,2,2,1
110971,35/11-5,3642.0679968000004,2,2,1
110972,35/11-5,3642.2199968000004,2,2,1
110973,35/11-5,3642.3719968,2,2,1
110974,35/11-5,3642.5239968,2,2,1
110975,35/11-5,3642.6759968,2,2,1
110976,35/11-5,3642.8279968,2,2,1
110977,35/11-5,3642.9799968,2,2,1
110978,35/11-5,3643.1319968000003,2,2,1
110979,35/11-5,3643.2839968000003,2,2,1
110980,35/11-5,3643.4359968000003,2,2,1
110981,35/11-5,3643.5879968000004,2,2,1
110982,35/11-5,3643.7399968000004,2,2,1
110983,35/11-5,3643.8919968,2,2,1
110984,35/11-5,3644.0439968,2,2,1
110985,35/11-5,3644.1959968,2,2,1
110986,35/11-5,3644.3479968,2,2,1
110987,35/11-5,3644.4999968,2,2,1
110988,35/11-5,3644.6519968000002,2,2,1
110989,35/11-5,3644.8039968000003,2,2,1
110990,35/11-5,3644.9559968000003,2,2,1
110991,35/11-5,3645.1079968000004,2,2,1
110992,35/11-5,3645.2599968000004,2,2,1
110993,35/11-5,3645.4119968,2,2,1
110994,35/11-5,3645.5639968,2,2,1
110995,35/11-5,3645.7159968,2,2,1
110996,35/11-5,3645.8679968,2,2,1
110997,35/11-5,3646.0199968,2,2,1
110998,35/11-5,3646.1719968,2,2,1
110999,35/11-5,3646.3239968000003,2,2,1
111000,35/11-5,3646.4759968000003,2,2,1
111001,35/11-5,3646.6279968000003,2,2,1
111002,35/11-5,3646.7799968000004,2,2,1
111003,35/11-5,3646.9319968000004,2,2,1
111004,35/11-5,3647.0839968,2,2,1
111005,35/11-5,3647.2359968,2,2,1
111006,35/11-5,3647.3879968,2,2,1
111007,35/11-5,3647.5399968,2,2,1
111008,35/11-5,3647.6919968,2,2,1
111009,35/11-5,3647.8439968000002,2,2,1
111010,35/11-5,3647.9959968000003,2,2,1
111011,35/11-5,3648.1479968000003,2,2,1
111012,35/11-5,3648.2999968000004,2,2,1
111013,35/11-5,3648.4519968000004,2,2,1
111014,35/11-5,3648.6039968,2,2,1
111015,35/11-5,3648.7559968,2,2,1
111016,35/11-5,3648.9079968,2,2,1
111017,35/11-5,3649.0599968,2,2,1
111018,35/11-5,3649.2119968,2,2,1
111019,35/11-5,3649.3639968,2,2,1
111020,35/11-5,3649.5159968000003,2,2,1
111021,35/11-5,3649.6679968000003,2,2,1
111022,35/11-5,3649.8199968000004,2,2,1
111023,35/11-5,3649.9719968000004,2,2,1
111024,35/11-5,3650.1239968000004,2,2,1
111025,35/11-5,3650.2759968,2,2,1
111026,35/11-5,3650.4279968,2,1,0
111027,35/11-5,3650.5799968,2,1,0
111028,35/11-5,3650.7319968,2,1,0
111029,35/11-5,3650.8839968,0,1,0
111030,35/11-5,3651.0359968000002,0,1,0
111031,35/11-5,3651.1879968000003,0,1,0
111032,35/11-5,3651.3399968000003,0,1,0
111033,35/11-5,3651.4919968000004,0,1,0
111034,35/11-5,3651.6439968000004,0,1,0
111035,35/11-5,3651.7959968,0,2,0
111036,35/11-5,3651.9479968,0,2,0
111037,35/11-5,3652.0999968,0,1,0
111038,35/11-5,3652.2519968,0,1,0
111039,35/11-5,3652.4039968,0,1,0
111040,35/11-5,3652.5559968000002,0,1,0
111041,35/11-5,3652.7079968000003,0,1,0
111042,35/11-5,3652.8599968000003,0,2,0
111043,35/11-5,3653.0119968000004,0,2,0
111044,35/11-5,3653.1639968000004,0,2,0
111045,35/11-5,3653.3159968,0,2,0
111046,35/11-5,3653.4679968,0,2,0
111047,35/11-5,3653.6199968,0,2,0
111048,35/11-5,3653.7719968,0,1,0
111049,35/11-5,3653.9239968,0,1,0
111050,35/11-5,3654.0759968,0,1,0
111051,35/11-5,3654.2279968000003,0,1,0
111052,35/11-5,3654.3799968000003,0,1,0
111053,35/11-5,3654.5319968000003,0,1,0
111054,35/11-5,3654.6839968000004,0,1,0
111055,35/11-5,3654.8359968000004,0,1,0
111056,35/11-5,3654.9879968,0,1,0
111057,35/11-5,3655.1399968,0,1,0
111058,35/11-5,3655.2919968,0,2,0
111059,35/11-5,3655.4439968,0,2,0
111060,35/11-5,3655.5959968,0,2,0
111061,35/11-5,3655.7479968000002,0,2,0
111062,35/11-5,3655.8999968000003,0,1,0
111063,35/11-5,3656.0519968000003,0,2,0
111064,35/11-5,3656.2039968000004,0,2,0
111065,35/11-5,3656.3559968000004,0,2,0
111066,35/11-5,3656.5079968,0,2,0
111067,35/11-5,3656.6599968,0,2,0
111068,35/11-5,3656.8119968,0,2,0
111069,35/11-5,3656.9639968,0,2,0
111070,35/11-5,3657.1159968,0,1,0
111071,35/11-5,3657.2679968,0,1,0
111072,35/11-5,3657.4199968000003,0,1,0
111073,35/11-5,3657.5719968000003,0,1,0
111074,35/11-5,3657.7239968000004,0,1,0
111075,35/11-5,3657.8759968000004,0,1,0
111076,35/11-5,3658.0279968000004,0,1,0
111077,35/11-5,3658.1799968,0,1,0
111078,35/11-5,3658.3319968,0,1,0
111079,35/11-5,3658.4839968,0,0,1
111080,35/11-5,3658.6359968,0,0,1
111081,35/11-5,3658.7879968,0,0,1
111082,35/11-5,3658.9399968000002,0,1,0
111083,35/11-5,3659.0919968000003,0,1,0
111084,35/11-5,3659.2439968000003,0,1,0
111085,35/11-5,3659.3959968000004,0,1,0
111086,35/11-5,3659.5479968000004,0,1,0
111087,35/11-5,3659.6999968,0,2,0
111088,35/11-5,3659.8519968,0,2,0
111089,35/11-5,3660.0039968,0,2,0
111090,35/11-5,3660.1559968,0,2,0
111091,35/11-5,3660.3079968,0,2,0
111092,35/11-5,3660.4599968,0,2,0
111093,35/11-5,3660.6119968000003,0,2,0
111094,35/11-5,3660.7639968000003,0,2,0
111095,35/11-5,3660.9159968000004,0,2,0
111096,35/11-5,3661.0679968000004,0,1,0
111097,35/11-5,3661.2199968000004,0,1,0
111098,35/11-5,3661.3719968,0,1,0
111099,35/11-5,3661.5239968,0,1,0
111100,35/11-5,3661.6759968,0,0,1
111101,35/11-5,3661.8279968,0,0,1
111102,35/11-5,3661.9799968,0,0,1
111103,35/11-5,3662.1319968000003,0,0,1
111104,35/11-5,3662.2839968000003,0,0,1
111105,35/11-5,3662.4359968000003,0,1,0
111106,35/11-5,3662.5879968000004,0,1,0
111107,35/11-5,3662.7399968000004,0,1,0
111108,35/11-5,3662.8919968,0,1,0
111109,35/11-5,3663.0439968,0,1,0
111110,35/11-5,3663.1959968,0,1,0
111111,35/11-5,3663.3479968,0,1,0
111112,35/11-5,3663.4999968,0,1,0
111113,35/11-5,3663.6519968000002,0,1,0
111114,35/11-5,3663.8039968000003,0,1,0
111115,35/11-5,3663.9559968000003,0,1,0
111116,35/11-5,3664.1079968000004,0,1,0
111117,35/11-5,3664.2599968000004,0,1,0
111118,35/11-5,3664.4119968,0,1,0
111119,35/11-5,3664.5639968,0,1,0
111120,35/11-5,3664.7159968,0,1,0
111121,35/11-5,3664.8679968,0,1,0
111122,35/11-5,3665.0199968,0,1,0
111123,35/11-5,3665.1719968,0,1,0
111124,35/11-5,3665.3239968000003,0,1,0
111125,35/11-5,3665.4759968000003,0,1,0
111126,35/11-5,3665.6279968000003,0,1,0
111127,35/11-5,3665.7799968000004,0,1,0
111128,35/11-5,3665.9319968000004,0,1,0
111129,35/11-5,3666.0839968,0,1,0
111130,35/11-5,3666.2359968,0,1,0
111131,35/11-5,3666.3879968,0,1,0
111132,35/11-5,3666.5399968,0,1,0
111133,35/11-5,3666.6919968,0,1,0
111134,35/11-5,3666.8439968000002,0,1,0
111135,35/11-5,3666.9959968000003,0,1,0
111136,35/11-5,3667.1479968000003,0,1,0
111137,35/11-5,3667.2999968000004,0,1,0
111138,35/11-5,3667.4519968000004,0,1,0
111139,35/11-5,3667.6039968,0,1,0
111140,35/11-5,3667.7559968,0,1,0
111141,35/11-5,3667.9079968,0,1,0
111142,35/11-5,3668.0599968,0,1,0
111143,35/11-5,3668.2119968,0,1,0
111144,35/11-5,3668.3639968,0,1,0
111145,35/11-5,3668.5159968000003,0,1,0
111146,35/11-5,3668.6679968000003,0,1,0
111147,35/11-5,3668.8199968000004,0,1,0
111148,35/11-5,3668.9719968000004,0,1,0
111149,35/11-5,3669.1239968000004,0,1,0
111150,35/11-5,3669.2759968,0,1,0
111151,35/11-5,3669.4279968,0,1,0
111152,35/11-5,3669.5799968,0,1,0
111153,35/11-5,3669.7319968,0,1,0
111154,35/11-5,3669.8839968,0,1,0
111155,35/11-5,3670.0359968000002,0,1,0
111156,35/11-5,3670.1879968000003,0,1,0
111157,35/11-5,3670.3399968000003,0,1,0
111158,35/11-5,3670.4919968000004,0,1,0
111159,35/11-5,3670.6439968000004,0,1,0
111160,35/11-5,3670.7959968,0,1,0
111161,35/11-5,3670.9479968,0,0,1
111162,35/11-5,3671.0999968,0,1,0
111163,35/11-5,3671.2519968,0,1,0
111164,35/11-5,3671.4039968,0,1,0
111165,35/11-5,3671.5559968000002,0,1,0
111166,35/11-5,3671.7079968000003,0,1,0
111167,35/11-5,3671.8599968000003,0,1,0
111168,35/11-5,3672.0119968000004,1,2,0
111169,35/11-5,3672.1639968000004,1,2,0
111170,35/11-5,3672.3159968,1,2,0
111171,35/11-5,3672.4679968,1,2,0
111172,35/11-5,3672.6199968,1,2,0
111173,35/11-5,3672.7719968,1,2,0
111174,35/11-5,3672.9239968,1,2,0
111175,35/11-5,3673.0759968,1,2,0
111176,35/11-5,3673.2279968000003,1,2,0
111177,35/11-5,3673.3799968000003,1,2,0
111178,35/11-5,3673.5319968000003,1,2,0
111179,35/11-5,3673.6839968000004,1,2,0
111180,35/11-5,3673.8359968000004,1,2,0
111181,35/11-5,3673.9879968,1,2,0
111182,35/11-5,3674.1399968,1,2,0
111183,35/11-5,3674.2919968,1,2,0
111184,35/11-5,3674.4439968,1,2,0
111185,35/11-5,3674.5959968,1,2,0
111186,35/11-5,3674.7479968000002,1,2,0
111187,35/11-5,3674.8999968000003,1,2,0
111188,35/11-5,3675.0519968000003,1,2,0
111189,35/11-5,3675.2039968000004,1,2,0
111190,35/11-5,3675.3559968000004,1,2,0
111191,35/11-5,3675.5079968,1,2,0
111192,35/11-5,3675.6599968,1,2,0
111193,35/11-5,3675.8119968,1,2,0
111194,35/11-5,3675.9639968,1,2,0
111195,35/11-5,3676.1159968,1,2,0
111196,35/11-5,3676.2679968,1,2,0
111197,35/11-5,3676.4199968000003,1,2,0
111198,35/11-5,3676.5719968000003,1,2,0
111199,35/11-5,3676.7239968000004,1,2,0
111200,35/11-5,3676.8759968000004,1,2,0
111201,35/11-5,3677.0279968000004,1,2,0
111202,35/11-5,3677.1799968,1,2,0
111203,35/11-5,3677.3319968,1,2,0
111204,35/11-5,3677.4839968,1,2,0
111205,35/11-5,3677.6359968,1,2,0
111206,35/11-5,3677.7879968,1,2,0
111207,35/11-5,3677.9399968000002,1,2,0
111208,35/11-5,3678.0919968000003,1,2,0
111209,35/11-5,3678.2439968000003,1,2,0
111210,35/11-5,3678.3959968000004,1,2,0
111211,35/11-5,3678.5479968000004,1,2,0
111212,35/11-5,3678.6999968,1,2,0
111213,35/11-5,3678.8519968,2,2,1
111214,35/11-5,3679.0039968,2,2,1
111215,35/11-5,3679.1559968,2,2,1
111216,35/11-5,3679.3079968,2,2,1
111217,35/11-5,3679.4599968,2,2,1
111218,35/11-5,3679.6119968000003,2,2,1
111219,35/11-5,3679.7639968000003,1,2,0
111220,35/11-5,3679.9159968000004,1,1,1
111221,35/11-5,3680.0679968000004,1,1,1
111222,35/11-5,3680.2199968000004,1,2,0
111223,35/11-5,3680.3719968,1,2,0
111224,35/11-5,3680.5239968,1,1,1
111225,35/11-5,3680.6759968,1,2,0
111226,35/11-5,3680.8279968,1,2,0
111227,35/11-5,3680.9799968,1,2,0
111228,35/11-5,3681.1319968000003,1,2,0
111229,35/11-5,3681.2839968000003,1,2,0
111230,35/11-5,3681.4359968000003,1,2,0
111231,35/11-5,3681.5879968000004,1,2,0
111232,35/11-5,3681.7399968000004,1,2,0
111233,35/11-5,3681.8919968,1,2,0
111234,35/11-5,3682.0439968,1,2,0
111235,35/11-5,3682.1959968,1,2,0
111236,35/11-5,3682.3479968,1,2,0
111237,35/11-5,3682.4999968,1,2,0
111238,35/11-5,3682.6519968000002,1,2,0
111239,35/11-5,3682.8039968000003,1,2,0
111240,35/11-5,3682.9559968000003,1,2,0
111241,35/11-5,3683.1079968000004,1,2,0
111242,35/11-5,3683.2599968000004,1,2,0
111243,35/11-5,3683.4119968,1,2,0
111244,35/11-5,3683.5639968,1,2,0
111245,35/11-5,3683.7159968,1,2,0
111246,35/11-5,3683.8679968,1,2,0
111247,35/11-5,3684.0199968,1,2,0
111248,35/11-5,3684.1719968,1,2,0
111249,35/11-5,3684.3239968000003,1,2,0
111250,35/11-5,3684.4759968000003,1,1,1
111251,35/11-5,3684.6279968000003,1,2,0
111252,35/11-5,3684.7799968000004,1,2,0
111253,35/11-5,3684.9319968000004,1,2,0
111254,35/11-5,3685.0839968,1,1,1
111255,35/11-5,3685.2359968,1,2,0
111256,35/11-5,3685.3879968,1,2,0
111257,35/11-5,3685.5399968,1,2,0
111258,35/11-5,3685.6919968,1,2,0
111259,35/11-5,3685.8439968000002,1,2,0
111260,35/11-5,3685.9959968000003,1,2,0
111261,35/11-5,3686.1479968000003,1,2,0
111262,35/11-5,3686.2999968000004,1,2,0
111263,35/11-5,3686.4519968000004,1,2,0
111264,35/11-5,3686.6039968,1,2,0
111265,35/11-5,3686.7559968,1,2,0
111266,35/11-5,3686.9079968,1,2,0
111267,35/11-5,3687.0599968,1,2,0
111268,35/11-5,3687.2119968,1,2,0
111269,35/11-5,3687.3639968,1,2,0
111270,35/11-5,3687.5159968000003,1,2,0
111271,35/11-5,3687.6679968000003,1,2,0
111272,35/11-5,3687.8199968000004,1,2,0
111273,35/11-5,3687.9719968000004,1,2,0
111274,35/11-5,3688.1239968000004,1,2,0
111275,35/11-5,3688.2759968,1,2,0
111276,35/11-5,3688.4279968,1,1,1
111277,35/11-5,3688.5799968,1,1,1
111278,35/11-5,3688.7319968,1,1,1
111279,35/11-5,3688.8839968,0,0,1
111280,35/11-5,3689.0359968000002,0,0,1
111281,35/11-5,3689.1879968000003,0,1,0
111282,35/11-5,3689.3399968000003,0,1,0
111283,35/11-5,3689.4919968000004,0,1,0
111284,35/11-5,3689.6439968000004,0,1,0
111285,35/11-5,3689.7959968,0,1,0
111286,35/11-5,3689.9479968,0,1,0
111287,35/11-5,3690.0999968,0,2,0
111288,35/11-5,3690.2519968,0,2,0
111289,35/11-5,3690.4039968,0,2,0
111290,35/11-5,3690.5559968000002,0,2,0
111291,35/11-5,3690.7079968000003,0,2,0
111292,35/11-5,3690.8599968000003,0,1,0
111293,35/11-5,3691.0119968000004,0,1,0
111294,35/11-5,3691.1639968000004,0,1,0
111295,35/11-5,3691.3159968,0,1,0
111296,35/11-5,3691.4679968,0,1,0
111297,35/11-5,3691.6199968,0,0,1
111298,35/11-5,3691.7719968,0,1,0
111299,35/11-5,3691.9239968,0,1,0
111300,35/11-5,3692.0759968,0,1,0
111301,35/11-5,3692.2279968000003,0,1,0
111302,35/11-5,3692.3799968000003,0,1,0
111303,35/11-5,3692.5319968000003,0,1,0
111304,35/11-5,3692.6839968000004,0,1,0
111305,35/11-5,3692.8359968000004,0,0,1
111306,35/11-5,3692.9879968,0,0,1
111307,35/11-5,3693.1399968,0,0,1
111308,35/11-5,3693.2919968,0,0,1
111309,35/11-5,3693.4439968,0,0,1
111310,35/11-5,3693.5959968,0,0,1
111311,35/11-5,3693.7479968000002,0,0,1
111312,35/11-5,3693.8999968000003,0,1,0
111313,35/11-5,3694.0519968000003,0,1,0
111314,35/11-5,3694.2039968000004,0,1,0
111315,35/11-5,3694.3559968000004,0,0,1
111316,35/11-5,3694.5079968,0,0,1
111317,35/11-5,3694.6599968,0,0,1
111318,35/11-5,3694.8119968,0,0,1
111319,35/11-5,3694.9639968,0,0,1
111320,35/11-5,3695.1159968,0,0,1
111321,35/11-5,3695.2679968,0,0,1
111322,35/11-5,3695.4199968000003,0,0,1
111323,35/11-5,3695.5719968000003,0,0,1
111324,35/11-5,3695.7239968000004,0,1,0
111325,35/11-5,3695.8759968000004,0,1,0
111326,35/11-5,3696.0279968000004,0,1,0
111327,35/11-5,3696.1799968,0,1,0
111328,35/11-5,3696.3319968,0,1,0
111329,35/11-5,3696.4839968,0,1,0
111330,35/11-5,3696.6359968,0,1,0
111331,35/11-5,3696.7879968,0,1,0
111332,35/11-5,3696.9399968000002,0,0,1
111333,35/11-5,3697.0919968000003,0,0,1
111334,35/11-5,3697.2439968000003,0,0,1
111335,35/11-5,3697.3959968000004,0,0,1
111336,35/11-5,3697.5479968000004,0,0,1
111337,35/11-5,3697.6999968,0,0,1
111338,35/11-5,3697.8519968,0,0,1
111339,35/11-5,3698.0039968,0,0,1
111340,35/11-5,3698.1559968,0,0,1
111341,35/11-5,3698.3079968,0,0,1
111342,35/11-5,3698.4599968,0,0,1
111343,35/11-5,3698.6119968000003,0,0,1
111344,35/11-5,3698.7639968000003,0,0,1
111345,35/11-5,3698.9159968000004,0,0,1
111346,35/11-5,3699.0679968000004,0,0,1
111347,35/11-5,3699.2199968000004,0,0,1
111348,35/11-5,3699.3719968,0,0,1
111349,35/11-5,3699.5239968,0,0,1
111350,35/11-5,3699.6759968,0,0,1
111351,35/11-5,3699.8279968,0,0,1
111352,35/11-5,3699.9799968,0,1,0
111353,35/11-5,3700.1319968000003,0,1,0
111354,35/11-5,3700.2839968000003,0,1,0
111355,35/11-5,3700.4359968000003,0,1,0
111356,35/11-5,3700.5879968000004,0,1,0
111357,35/11-5,3700.7399968000004,0,1,0
111358,35/11-5,3700.8919968,0,1,0
111359,35/11-5,3701.0439968,0,1,0
111360,35/11-5,3701.1959968,0,1,0
111361,35/11-5,3701.3479968,0,0,1
111362,35/11-5,3701.4999968,0,0,1
111363,35/11-5,3701.6519968000002,0,0,1
111364,35/11-5,3701.8039968000003,0,0,1
111365,35/11-5,3701.9559968000003,0,0,1
111366,35/11-5,3702.1079968000004,0,0,1
111367,35/11-5,3702.2599968000004,0,0,1
111368,35/11-5,3702.4119968,0,0,1
111369,35/11-5,3702.5639968,0,0,1
111370,35/11-5,3702.7159968,0,0,1
111371,35/11-5,3702.8679968,0,0,1
111372,35/11-5,3703.0199968,0,0,1
111373,35/11-5,3703.1719968,0,0,1
111374,35/11-5,3703.3239968000003,0,0,1
111375,35/11-5,3703.4759968000003,0,0,1
111376,35/11-5,3703.6279968000003,0,0,1
111377,35/11-5,3703.7799968000004,0,0,1
111378,35/11-5,3703.9319968000004,0,0,1
111379,35/11-5,3704.0839968,0,0,1
111380,35/11-5,3704.2359968,0,0,1
111381,35/11-5,3704.3879968,0,0,1
111382,35/11-5,3704.5399968,0,0,1
111383,35/11-5,3704.6919968,0,0,1
111384,35/11-5,3704.8439968000002,0,1,0
111385,35/11-5,3704.9959968000003,0,1,0
111386,35/11-5,3705.1479968000003,0,0,1
111387,35/11-5,3705.2999968000004,0,0,1
111388,35/11-5,3705.4519968000004,0,0,1
111389,35/11-5,3705.6039968,0,0,1
111390,35/11-5,3705.7559968,0,1,0
111391,35/11-5,3705.9079968,0,0,1
111392,35/11-5,3706.0599968,0,0,1
111393,35/11-5,3706.2119968,0,0,1
111394,35/11-5,3706.3639968,0,0,1
111395,35/11-5,3706.5159968000003,0,0,1
111396,35/11-5,3706.6679968000003,0,0,1
111397,35/11-5,3706.8199968000004,0,0,1
111398,35/11-5,3706.9719968000004,0,0,1
111399,35/11-5,3707.1239968000004,0,0,1
111400,35/11-5,3707.2759968,0,0,1
111401,35/11-5,3707.4279968,0,0,1
111402,35/11-5,3707.5799968,0,0,1
111403,35/11-5,3707.7319968,0,0,1
111404,35/11-5,3707.8839968,0,0,1
111405,35/11-5,3708.0359968000002,0,0,1
111406,35/11-5,3708.1879968000003,0,0,1
111407,35/11-5,3708.3399968000003,0,0,1
111408,35/11-5,3708.4919968000004,0,0,1
111409,35/11-5,3708.6439968000004,0,0,1
111410,35/11-5,3708.7959968,0,0,1
111411,35/11-5,3708.9479968,0,0,1
111412,35/11-5,3709.0999968,0,0,1
111413,35/11-5,3709.2519968,0,0,1
111414,35/11-5,3709.4039968,0,0,1
111415,35/11-5,3709.5559968000002,0,0,1
111416,35/11-5,3709.7079968000003,0,1,0
111417,35/11-5,3709.8599968000003,0,1,0
111418,35/11-5,3710.0119968000004,0,0,1
111419,35/11-5,3710.1639968000004,0,0,1
111420,35/11-5,3710.3159968,0,0,1
111421,35/11-5,3710.4679968,0,0,1
111422,35/11-5,3710.6199968,0,0,1
111423,35/11-5,3710.7719968,0,0,1
111424,35/11-5,3710.9239968,0,0,1
111425,35/11-5,3711.0759968,0,0,1
111426,35/11-5,3711.2279968000003,0,0,1
111427,35/11-5,3711.3799968000003,0,0,1
111428,35/11-5,3711.5319968000003,0,0,1
111429,35/11-5,3711.6839968000004,0,0,1
111430,35/11-5,3711.8359968000004,0,1,0
111431,35/11-5,3711.9879968,0,1,0
111432,35/11-5,3712.1399968,0,1,0
111433,35/11-5,3712.2919968,0,1,0
111434,35/11-5,3712.4439968,0,0,1
111435,35/11-5,3712.5959968,0,0,1
111436,35/11-5,3712.7479968000002,0,1,0
111437,35/11-5,3712.8999968000003,0,1,0
111438,35/11-5,3713.0519968000003,0,1,0
111439,35/11-5,3713.2039968000004,0,1,0
111440,35/11-5,3713.3559968000004,0,1,0
111441,35/11-5,3713.5079968,0,1,0
111442,35/11-5,3713.6599968,0,0,1
111443,35/11-5,3713.8119968,0,1,0
111444,35/11-5,3713.9639968,0,0,1
111445,35/11-5,3714.1159968,0,0,1
111446,35/11-5,3714.2679968,0,0,1
111447,35/11-5,3714.4199968000003,0,0,1
111448,35/11-5,3714.5719968000003,0,1,0
111449,35/11-5,3714.7239968000004,0,1,0
111450,35/11-5,3714.8759968000004,0,1,0
111451,35/11-5,3715.0279968000004,0,1,0
111452,35/11-5,3715.1799968,0,1,0
111453,35/11-5,3715.3319968,0,1,0
111454,35/11-5,3715.4839968,0,1,0
111455,35/11-5,3715.6359968,0,1,0
111456,35/11-5,3715.7879968,0,1,0
111457,35/11-5,3715.9399968000002,0,1,0
111458,35/11-5,3716.0919968000003,0,1,0
111459,35/11-5,3716.2439968000003,0,1,0
111460,35/11-5,3716.3959968000004,0,1,0
111461,35/11-5,3716.5479968000004,0,1,0
111462,35/11-5,3716.6999968,0,1,0
111463,35/11-5,3716.8519968,0,1,0
111464,35/11-5,3717.0039968,0,1,0
111465,35/11-5,3717.1559968,0,1,0
111466,35/11-5,3717.3079968,0,1,0
111467,35/11-5,3717.4599968,0,1,0
111468,35/11-5,3717.6119968000003,0,0,1
111469,35/11-5,3717.7639968000003,0,1,0
111470,35/11-5,3717.9159968000004,0,1,0
111471,35/11-5,3718.0679968000004,0,1,0
111472,35/11-5,3718.2199968000004,0,1,0
111473,35/11-5,3718.3719968,0,1,0
111474,35/11-5,3718.5239968,0,1,0
111475,35/11-5,3718.6759968,0,0,1
111476,35/11-5,3718.8279968,0,0,1
111477,35/11-5,3718.9799968,0,0,1
111478,35/11-5,3719.1319968000003,0,0,1
111479,35/11-5,3719.2839968000003,0,0,1
111480,35/11-5,3719.4359968000003,0,0,1
111481,35/11-5,3719.5879968000004,0,0,1
111482,35/11-5,3719.7399968000004,0,0,1
111483,35/11-5,3719.8919968,0,0,1
111484,35/11-5,3720.0439968,0,0,1
111485,35/11-5,3720.1959968,0,0,1
111486,35/11-5,3720.3479968,0,0,1
111487,35/11-5,3720.4999968,0,1,0
111488,35/11-5,3720.6519968000002,0,1,0
111489,35/11-5,3720.8039968000003,0,1,0
111490,35/11-5,3720.9559968000003,0,1,0
111491,35/11-5,3721.1079968000004,0,1,0
111492,35/11-5,3721.2599968000004,0,1,0
111493,35/11-5,3721.4119968,0,1,0
111494,35/11-5,3721.5639968,0,1,0
111495,35/11-5,3721.7159968,0,1,0
111496,35/11-5,3721.8679968,0,1,0
111497,35/11-5,3722.0199968,0,1,0
111498,35/11-5,3722.1719968,0,1,0
111499,35/11-5,3722.3239968000003,0,1,0
111500,35/11-5,3722.4759968000003,0,1,0
111501,35/11-5,3722.6279968000003,0,1,0
111502,35/11-5,3722.7799968000004,0,2,0
111503,35/11-5,3722.9319968000004,0,2,0
111504,35/11-5,3723.0839968,0,2,0
111505,35/11-5,3723.2359968,0,2,0
111506,35/11-5,3723.3879968,0,1,0
111507,35/11-5,3723.5399968,0,1,0
111508,35/11-5,3723.6919968,0,1,0
111509,35/11-5,3723.8439968000002,0,2,0
111510,35/11-5,3723.9959968000003,0,1,0
111511,35/11-5,3724.1479968000003,0,1,0
111512,35/11-5,3724.2999968000004,0,1,0
111513,35/11-5,3724.4519968000004,0,0,1
111514,35/11-5,3724.6039968,0,0,1
111515,35/11-5,3724.7559968,0,0,1
111516,35/11-5,3724.9079968,0,0,1
111517,35/11-5,3725.0599968,0,0,1
111518,35/11-5,3725.2119968,0,0,1
111519,35/11-5,3725.3639968,0,0,1
111520,35/11-5,3725.5159968000003,0,0,1
111521,35/11-5,3725.6679968000003,0,0,1
111522,35/11-5,3725.8199968000004,0,0,1
111523,35/11-5,3725.9719968000004,0,0,1
111524,35/11-5,3726.1239968000004,0,0,1
111525,35/11-5,3726.2759968,0,0,1
111526,35/11-5,3726.4279968,0,0,1
111527,35/11-5,3726.5799968,0,0,1
111528,35/11-5,3726.7319968,0,0,1
111529,35/11-5,3726.8839968,0,0,1
111530,35/11-5,3727.0359968000002,0,0,1
111531,35/11-5,3727.1879968000003,0,0,1
111532,35/11-5,3727.3399968000003,0,0,1
111533,35/11-5,3727.4919968000004,0,0,1
111534,35/11-5,3727.6439968000004,0,0,1
111535,35/11-5,3727.7959968,0,0,1
111536,35/11-5,3727.9479968,0,0,1
111537,35/11-5,3728.0999968,0,0,1
111538,35/11-5,3728.2519968,0,0,1
111539,35/11-5,3728.4039968,0,0,1
111540,35/11-5,3728.5559968000002,0,0,1
111541,35/11-5,3728.7079968000003,0,0,1
111542,35/11-5,3728.8599968000003,0,0,1
111543,35/11-5,3729.0119968000004,0,0,1
111544,35/11-5,3729.1639968000004,0,0,1
111545,35/11-5,3729.3159968,0,0,1
111546,35/11-5,3729.4679968,0,0,1
111547,35/11-5,3729.6199968,0,0,1
111548,35/11-5,3729.7719968,0,0,1
111549,35/11-5,3729.9239968,0,0,1
111550,35/11-5,3730.0759968,0,0,1
111551,35/11-5,3730.2279968000003,0,0,1
111552,35/11-5,3730.3799968000003,0,0,1
111553,35/11-5,3730.5319968000003,0,0,1
111554,35/11-5,3730.6839968000004,0,0,1
111555,35/11-5,3730.8359968000004,0,0,1
111556,35/11-5,3730.9879968,0,0,1
111557,35/11-5,3731.1399968,0,0,1
111558,35/11-5,3731.2919968,0,0,1
111559,35/11-5,3731.4439968,0,0,1
111560,35/11-5,3731.5959968,0,0,1
111561,35/11-5,3731.7479968000002,0,0,1
111562,35/11-5,3731.8999968000003,0,0,1
111563,35/11-5,3732.0519968000003,0,0,1
111564,35/11-5,3732.2039968000004,0,0,1
111565,35/11-5,3732.3559968000004,0,0,1
111566,35/11-5,3732.5079968,0,0,1
111567,35/11-5,3732.6599968,0,0,1
111568,35/11-5,3732.8119968,0,0,1
111569,35/11-5,3732.9639968,0,1,0
111570,35/11-5,3733.1159968,0,2,0
111571,35/11-5,3733.2679968,2,2,1
111572,35/11-5,3733.4199968000003,2,2,1
111573,35/11-5,3733.5719968000003,2,2,1
111574,35/11-5,3733.7239968000004,2,2,1
111575,35/11-5,3733.8759968000004,2,2,1
111576,35/11-5,3734.0279968000004,2,2,1
111577,35/11-5,3734.1799968,2,2,1
111578,35/11-5,3734.3319968,2,2,1
111579,35/11-5,3734.4839968,2,2,1
111580,35/11-5,3734.6359968,0,1,0
111581,35/11-5,3734.7879968,0,1,0
111582,35/11-5,3734.9399968000002,0,1,0
111583,35/11-5,3735.0919968000003,0,1,0
111584,35/11-5,3735.2439968000003,0,1,0
111585,35/11-5,3735.3959968000004,0,1,0
111586,35/11-5,3735.5479968000004,0,2,0
111587,35/11-5,3735.6999968,0,1,0
111588,35/11-5,3735.8519968,0,1,0
111589,35/11-5,3736.0039968,0,1,0
111590,35/11-5,3736.1559968,0,1,0
111591,35/11-5,3736.3079968,0,1,0
111592,35/11-5,3736.4599968,0,1,0
111593,35/11-5,3736.6119968000003,0,0,1
111594,35/11-5,3736.7639968000003,0,0,1
111595,35/11-5,3736.9159968000004,0,0,1
111596,35/11-5,3737.0679968000004,0,0,1
111597,35/11-5,3737.2199968000004,0,0,1
111598,35/11-5,3737.3719968,0,0,1
111599,35/11-5,3737.5239968,0,0,1
111600,35/11-5,3737.6759968,0,0,1
111601,35/11-5,3737.8279968,0,0,1
111602,35/11-5,3737.9799968,0,0,1
111603,35/11-5,3738.1319968000003,0,0,1
111604,35/11-5,3738.2839968000003,0,0,1
111605,35/11-5,3738.4359968000003,0,0,1
111606,35/11-5,3738.5879968000004,0,0,1
111607,35/11-5,3738.7399968000004,0,0,1
111608,35/11-5,3738.8919968,0,0,1
111609,35/11-5,3739.0439968,0,0,1
111610,35/11-5,3739.1959968,0,0,1
111611,35/11-5,3739.3479968,0,0,1
111612,35/11-5,3739.4999968,0,0,1
111613,35/11-5,3739.6519968000002,0,0,1
111614,35/11-5,3739.8039968000003,0,0,1
111615,35/11-5,3739.9559968000003,0,0,1
111616,35/11-5,3740.1079968000004,0,0,1
111617,35/11-5,3740.2599968000004,0,0,1
111618,35/11-5,3740.4119968,0,0,1
111619,35/11-5,3740.5639968,0,0,1
111620,35/11-5,3740.7159968,0,0,1
111621,35/11-5,3740.8679968,0,0,1
111622,35/11-5,3741.0199968,0,0,1
111623,35/11-5,3741.1719968,0,0,1
111624,35/11-5,3741.3239968000003,0,0,1
111625,35/11-5,3741.4759968000003,0,0,1
111626,35/11-5,3741.6279968000003,0,0,1
111627,35/11-5,3741.7799968000004,0,0,1
111628,35/11-5,3741.9319968000004,0,0,1
111629,35/11-5,3742.0839968,0,0,1
111630,35/11-5,3742.2359968,0,0,1
111631,35/11-5,3742.3879968,0,0,1
111632,35/11-5,3742.5399968,0,0,1
111633,35/11-5,3742.6919968,0,0,1
111634,35/11-5,3742.8439968000002,0,0,1
111635,35/11-5,3742.9959968000003,0,0,1
111636,35/11-5,3743.1479968000003,0,0,1
111637,35/11-5,3743.2999968000004,0,0,1
111638,35/11-5,3743.4519968000004,0,0,1
111639,35/11-5,3743.6039968,0,0,1
111640,35/11-5,3743.7559968,0,0,1
111641,35/11-5,3743.9079968,0,0,1
111642,35/11-5,3744.0599968,0,0,1
111643,35/11-5,3744.2119968,0,0,1
111644,35/11-5,3744.3639968,0,0,1
111645,35/11-5,3744.5159968000003,0,0,1
111646,35/11-5,3744.6679968000003,0,0,1
111647,35/11-5,3744.8199968000004,0,0,1
111648,35/11-5,3744.9719968000004,0,0,1
111649,35/11-5,3745.1239968000004,0,0,1
111650,35/11-5,3745.2759968,0,0,1
111651,35/11-5,3745.4279968,0,0,1
111652,35/11-5,3745.5799968,0,0,1
111653,35/11-5,3745.7319968,0,0,1
111654,35/11-5,3745.8839968,0,0,1
111655,35/11-5,3746.0359968000002,0,0,1
111656,35/11-5,3746.1879968000003,0,0,1
111657,35/11-5,3746.3399968000003,0,0,1
111658,35/11-5,3746.4919968000004,0,0,1
111659,35/11-5,3746.6439968000004,0,0,1
111660,35/11-5,3746.7959968,0,0,1
111661,35/11-5,3746.9479968,0,0,1
111662,35/11-5,3747.0999968,0,0,1
111663,35/11-5,3747.2519968,0,0,1
111664,35/11-5,3747.4039968,0,0,1
111665,35/11-5,3747.5559968000002,0,0,1
111666,35/11-5,3747.7079968000003,0,0,1
111667,35/11-5,3747.8599968000003,0,0,1
111668,35/11-5,3748.0119968000004,0,0,1
111669,35/11-5,3748.1639968000004,0,0,1
111670,35/11-5,3748.3159968,0,0,1
111671,35/11-5,3748.4679968,0,0,1
111672,35/11-5,3748.6199968,0,0,1
111673,35/11-5,3748.7719968,0,0,1
111674,35/11-5,3748.9239968,0,0,1
111675,35/11-5,3749.0759968,0,0,1
111676,35/11-5,3749.2279968000003,0,0,1
111677,35/11-5,3749.3799968000003,0,0,1
111678,35/11-5,3749.5319968000003,0,0,1
111679,35/11-5,3749.6839968000004,0,0,1
111680,35/11-5,3749.8359968000004,0,0,1
111681,35/11-5,3749.9879968,0,0,1
111682,35/11-5,3750.1399968,0,0,1
111683,35/11-5,3750.2919968,0,0,1
111684,35/11-5,3750.4439968,0,0,1
111685,35/11-5,3750.5959968,0,0,1
111686,35/11-5,3750.7479968000002,0,0,1
111687,35/11-5,3750.8999968000003,0,0,1
111688,35/11-5,3751.0519968000003,0,0,1
111689,35/11-5,3751.2039968000004,0,0,1
111690,35/11-5,3751.3559968000004,0,0,1
111691,35/11-5,3751.5079968,0,0,1
111692,35/11-5,3751.6599968,0,0,1
111693,35/11-5,3751.8119968,0,0,1
111694,35/11-5,3751.9639968,0,0,1
111695,35/11-5,3752.1159968,0,0,1
111696,35/11-5,3752.2679968,0,0,1
111697,35/11-5,3752.4199968000003,0,0,1
111698,35/11-5,3752.5719968000003,0,0,1
111699,35/11-5,3752.7239968000004,0,0,1
111700,35/11-5,3752.8759968000004,0,0,1
111701,35/11-5,3753.0279968000004,0,0,1
111702,35/11-5,3753.1799968,0,0,1
111703,35/11-5,3753.3319968,0,0,1
111704,35/11-5,3753.4839968,0,0,1
111705,35/11-5,3753.6359968,0,0,1
111706,35/11-5,3753.7879968,0,0,1
111707,35/11-5,3753.9399968000002,0,0,1
111708,35/11-5,3754.0919968000003,0,0,1
111709,35/11-5,3754.2439968000003,0,0,1
111710,35/11-5,3754.3959968000004,0,0,1
111711,35/11-5,3754.5479968000004,0,0,1
111712,35/11-5,3754.6999968,0,0,1
111713,35/11-5,3754.8519968,0,0,1
111714,35/11-5,3755.0039968,0,0,1
111715,35/11-5,3755.1559968,0,0,1
111716,35/11-5,3755.3079968,0,0,1
111717,35/11-5,3755.4599968,0,0,1
111718,35/11-5,3755.6119968000003,0,0,1
111719,35/11-5,3755.7639968000003,0,0,1
